4.128723890485599846e+00
2.881253318968816313e+00
2.157964702221681463e+00
1.691304519086594960e+00
1.241707218475709418e+00
1.032143796939926084e+00
9.716331338765410441e-01
9.600461150634107543e-01
9.548305752947128244e-01
9.401204750748644035e-01
9.290424293325248994e-01
9.512295529002163796e-01
9.202682239457108393e-01
9.002858968816739305e-01
8.839780288978772438e-01
8.761699728618277394e-01
8.550048127848163260e-01
8.422916105812298104e-01
8.238291684804280868e-01
8.088287249765038212e-01
7.912596303830866651e-01
7.743775600897744305e-01
7.555796774999822274e-01
7.390380991947208544e-01
7.141295068713746641e-01
7.001453772842226586e-01
6.817307759646010767e-01
6.622393464718032696e-01
6.468968948692859211e-01
6.303591101908219141e-01
6.111080260129437836e-01
6.004412607177067596e-01
5.828205374207977574e-01
5.650554455622522898e-01
5.545834312782147446e-01
5.359333641870099862e-01
5.234629719583965279e-01
5.129928501878542324e-01
5.003435555874564677e-01
4.851380145161281465e-01
4.731423844307843241e-01
4.596796351137145131e-01
4.470785323439543379e-01
4.379288490106424403e-01
4.252243898299425950e-01
4.147016395557035495e-01
4.028679489123082602e-01
3.957748327858161552e-01
3.871259267620155153e-01
3.729854957283419981e-01
3.683296074218992411e-01
3.596455224699089959e-01
3.506022788639288623e-01
3.427460917091338932e-01
3.370833003739314160e-01
3.282200815715093922e-01
3.233173132468233901e-01
3.173618521028420680e-01
3.105580740143866203e-01
3.037320842876152782e-01
2.978913646566600515e-01
2.917839922354359961e-01
2.872237174666449344e-01
2.867455452517589376e-01
2.834424174937844598e-01
2.743005179910519842e-01
2.705815838058903133e-01
2.648894661331921974e-01
2.603907786886980880e-01
2.546289754883917511e-01
2.495075915618615858e-01
2.471569110998414753e-01
2.436484365804060803e-01
2.379624677724343218e-01
2.370220670458940970e-01
2.322862929331846737e-01
2.285967978862286643e-01
2.264320763331344188e-01
2.263943448177442863e-01
2.217909174890629886e-01
2.149948105994714809e-01
2.139277304804916291e-01
2.112579889639941422e-01
2.083624063189098430e-01
2.044239227737606468e-01
2.043054405545948193e-01
1.989047511577483607e-01
2.000587575737242108e-01
1.968659010607404780e-01
1.910155024397628964e-01
1.896788695282714265e-01
1.843591468921842447e-01
1.841154931989309462e-01
1.800177014797071651e-01
1.781906115967130388e-01
1.736892932100058407e-01
1.721833947055659286e-01
1.706959911868845825e-01
1.674381568028672773e-01
1.667558595462498849e-01
1.625643524189526179e-01
1.628927577678432326e-01
1.609212640539843253e-01
1.577709314816207187e-01
1.540774438901418297e-01
1.496022389224092863e-01
1.491810000493626331e-01
1.494156491758744099e-01
1.461345674395144456e-01
1.444899451933649714e-01
1.453090119704440464e-01
1.389855721784690468e-01
1.370551101265440053e-01
1.332961143312589858e-01
1.315419460333371315e-01
1.292116482186669579e-01
1.301728061331832165e-01
1.257615860787064666e-01
1.246669999740595558e-01
1.251209989015791002e-01
1.205391328510252991e-01
1.199928723734809272e-01
1.168547346637097140e-01
1.154182846280980418e-01
1.152476768771888704e-01
1.130778007052533618e-01
1.125304895295822089e-01
1.131793577963811498e-01
1.071121743513883534e-01
1.054281628939895965e-01
1.042473352869029979e-01
1.031493556003969525e-01
1.017110201271604342e-01
1.000128669008360505e-01
9.765904570797684370e-02
9.592208512131666920e-02
9.494316618768824934e-02
9.488380554015823920e-02
9.153150230350048933e-02
9.019584384774487207e-02
8.946403718292543494e-02
8.878064179635292152e-02
8.830160205131017126e-02
8.512377039544018198e-02
8.413579141643916237e-02
8.208972987662671583e-02
8.210978568120191889e-02
8.134211659717020815e-02
8.048372638610575003e-02
7.947529577747522445e-02
7.615454596896036044e-02
7.538003773618801029e-02
7.642722899991062635e-02
7.290390919850797680e-02
7.253880383816081745e-02
7.155460542842854987e-02
6.975356201093727004e-02
6.774337304116113956e-02
6.778755395401854511e-02
6.683642614213440580e-02
6.651699243900559277e-02
6.665032367326118035e-02
6.364412748473945169e-02
6.299068018426398630e-02
6.385725545085477184e-02
6.098351546790930361e-02
5.976654893202005409e-02
5.956568400310972150e-02
5.744713058229039548e-02
5.895300100496001644e-02
5.649035462441969607e-02
5.761711892233047777e-02
5.510624040812232838e-02
5.627575177430121228e-02
5.749922073025524882e-02
5.438817492204699178e-02
5.280794806514759604e-02
5.398382771212618947e-02
5.343477611129306831e-02
5.028174292745556107e-02
5.103119701497506322e-02
5.024204958465884607e-02
4.765938100241005893e-02
4.930876269908603809e-02
4.743836384596683553e-02
4.787899195939099989e-02
4.791855721296565951e-02
4.968626617196305467e-02
4.512255827239693151e-02
4.373397165218276261e-02
4.590930119005286886e-02
4.425269173711157689e-02
4.414487260014105657e-02
4.265233495988308976e-02
4.099574256686477902e-02
4.265568122463384709e-02
4.050954571563836204e-02
4.030024181109002207e-02
4.051976509440233243e-02
3.936186733439785146e-02
3.884549548417210590e-02
3.999107328796065036e-02
3.791741304164267246e-02
3.884084006530740679e-02
3.891900476720242669e-02
3.830419950787800759e-02
3.848961394181513868e-02
3.592627190071689264e-02
3.556080517842598321e-02
3.501517674044803824e-02
3.506395979914322947e-02
3.528094002123055573e-02
3.481959794316512313e-02
3.446139157777861062e-02
3.495930806571322103e-02
3.481278293506546301e-02
3.406009974511036570e-02
3.313248258659482609e-02
3.470088352404122195e-02
3.343455293155574160e-02
3.144193205241123390e-02
3.241035304668405531e-02
3.237660369225860146e-02
3.172229093531691441e-02
3.002202268278459513e-02
3.043279113429388921e-02
3.059548833731048564e-02
3.125695668193641252e-02
2.949037670928462973e-02
3.157208734844022674e-02
3.164262088465091133e-02
2.921143003112419353e-02
2.901344727175728111e-02
2.914156147988861828e-02
2.882961941495567129e-02
2.830075905377219675e-02
2.773599944312226881e-02
2.745957597961781044e-02
2.774552605102916653e-02
2.826557102342136182e-02
2.729736902050041228e-02
2.745515314271426699e-02
2.748922036063984956e-02
2.844202915680113519e-02
2.663940108234858634e-02
2.639955106222053455e-02
2.624359637477236343e-02
2.611965627243070798e-02
2.514526630798180618e-02
2.516996837015270452e-02
2.701610081400741478e-02
2.565841017191955800e-02
2.499083506141233993e-02
2.648009307210013111e-02
2.564470762969748782e-02
2.502246288073320737e-02
2.391285244563364290e-02
2.516901187508639726e-02
2.419375513234052824e-02
2.452810468633639940e-02
2.383447140798693534e-02
2.316454449492112710e-02
2.430330963685163603e-02
2.307016037609044973e-02
2.382081447664196813e-02
2.231581904838059530e-02
2.291675438322799199e-02
2.330500233429689746e-02
2.308503810770294248e-02
2.311414971249161135e-02
2.296864055366154220e-02
2.196420003880299870e-02
2.223103640968968758e-02
2.200420255894232693e-02
2.171483245220343430e-02
2.161657706828425812e-02
2.149181419392973136e-02
2.216020820275676692e-02
2.267535434504832498e-02
2.172717852443389885e-02
2.329568987430310004e-02
2.316453041325913786e-02
2.104069072697122705e-02
2.283435322977805590e-02
2.211651298873338820e-02
2.415056225209832527e-02
2.446449690697513613e-02
2.428939025830424356e-02
2.306023164039246870e-02
2.129916947169648717e-02
2.207736625674312086e-02
2.169670794880629305e-02
2.244935558123334687e-02
2.280216534735503633e-02
2.217885192239568357e-02
2.050736641781885500e-02
2.142636772797348529e-02
2.136209647984960505e-02
2.041984404710661324e-02
2.061693468977594465e-02
2.080886317783002190e-02
2.087836122268729375e-02
2.103838307184700482e-02
1.976266373256042527e-02
2.036575477762269520e-02
1.996632752911256872e-02
2.111245446928625494e-02
1.997240732251364531e-02
2.044681728500915077e-02
1.991690731869974126e-02
1.914014209429143812e-02
1.928300114073147609e-02
1.913906381348741415e-02
1.921120095738544642e-02
1.875661632098507559e-02
1.903656252724254122e-02
1.972236917516712734e-02
1.849106415880292370e-02
1.831429092857504715e-02
1.940613068142259257e-02
1.862659937800939178e-02
1.990937233634968231e-02
1.880624326854294856e-02
1.855576276142816353e-02
1.895108420778492467e-02
1.948019904428697005e-02
1.872893906514805015e-02
1.798399497501826372e-02
1.749162337109081561e-02
1.757561642845700128e-02
1.756986622759501571e-02
1.689572839663043557e-02
1.797510546095577172e-02
1.854284161102784725e-02
1.655332282317155054e-02
1.698591225900637422e-02
1.640258133225385925e-02
1.600759316961875012e-02
1.619025317994832874e-02
1.515635457428717199e-02
1.543705246824687329e-02
1.552310502970630397e-02
1.657456322877238694e-02
1.693005734177308735e-02
1.691533908213430429e-02
1.581605300920680898e-02
1.549838103157900535e-02
1.540798643137285782e-02
1.565098313152414600e-02
1.591619426247096319e-02
1.515524407496605247e-02
1.483303614452652006e-02
1.527387655072467119e-02
1.550510033944618553e-02
1.482312090318908641e-02
1.540033731923285028e-02
1.516873919595819117e-02
1.531527240775352842e-02
1.518982931387156086e-02
1.481189209283264967e-02
1.371904153950601057e-02
1.431800503580974750e-02
1.467526962036910972e-02
1.422126104473492650e-02
1.422290598831182570e-02
1.393203911918577953e-02
1.419459774998353511e-02
1.466957533831006640e-02
1.395868114708946964e-02
1.390906740915551915e-02
1.377787267474634737e-02
1.390098556039128831e-02
1.357717129887112996e-02
1.382205548950187109e-02
1.327445438810231741e-02
1.368422285340264132e-02
1.376016725969776699e-02
1.355808889780058327e-02
1.327650055372277954e-02
1.410637386557981113e-02
1.354971185541503295e-02
1.339759670801977769e-02
1.514577461996780873e-02
1.409517527735928109e-02
1.419526559253771018e-02
1.493482524281825388e-02
1.535359504829778877e-02
1.430333930950095610e-02
1.422612557088509533e-02
1.558585180470238585e-02
1.547781370752219880e-02
1.417519312859125830e-02
1.368137307645913778e-02
1.380531729417288321e-02
1.361246676357436014e-02
1.334129284445199383e-02
1.304980861245309820e-02
1.336228017649496343e-02
1.326735862518922150e-02
