1.345173313866828702e+00
1.306308546179241636e+00
1.297666899152194020e+00
1.293156692974458899e+00
1.283286653357733620e+00
1.273945509344445171e+00
1.264667399093906575e+00
1.258761742121476512e+00
1.248537302417426442e+00
1.237921807950768560e+00
1.225612361229864389e+00
1.212217709210674732e+00
1.197468244569013462e+00
1.213144804629950890e+00
1.196316818322930464e+00
1.175297640714977554e+00
1.154046669098423239e+00
1.140789668142890401e+00
1.132947516131625809e+00
1.116134273040179536e+00
1.109329067660416834e+00
1.089385935964633179e+00
1.071826285958777936e+00
1.067036223417936913e+00
1.045749905127099977e+00
1.030402891792993270e+00
1.019549678587848396e+00
1.004285156337977769e+00
9.878960127016951365e-01
9.725009431976500140e-01
9.630737600193511883e-01
9.493097274416414377e-01
9.321254539126996308e-01
9.190597089637985162e-01
9.352201747128946474e-01
9.097486643157389752e-01
8.882830109789251471e-01
8.728116325142309950e-01
8.617671792037361334e-01
8.435413828099999067e-01
8.284041922699629801e-01
8.137047041073283138e-01
8.030121801663038239e-01
7.899927325932589728e-01
7.783381670127643703e-01
7.674366373619616599e-01
7.558678146694353117e-01
7.418471364382811517e-01
7.296852414779390061e-01
7.177978822656239100e-01
7.060469509504000429e-01
6.953775938287479752e-01
6.841070647705504992e-01
6.725516176958294956e-01
6.616028401838155437e-01
6.504101776677579938e-01
6.396258556634251136e-01
6.292001247724613444e-01
6.202853897830269414e-01
6.103076674706635618e-01
5.994849688240725394e-01
5.898735521505397150e-01
5.807145348562949838e-01
5.703626169699776982e-01
5.611464212992176570e-01
5.537286584087303121e-01
5.440945309396234553e-01
5.339139899712668225e-01
5.245613685168195595e-01
5.162327149844722074e-01
5.070985450549233553e-01
4.974480955458771558e-01
5.688219699694139209e-01
5.335385230205613727e-01
5.073070247792967891e-01
4.876453873125732308e-01
4.734446108803216924e-01
4.596630751543963056e-01
4.480529736629337845e-01
4.390843092415486204e-01
4.285584813978248753e-01
4.192292282907701395e-01
4.125766569941607953e-01
4.051927477841404945e-01
3.969987980466868627e-01
3.900287721600446678e-01
3.833121844446498172e-01
3.760586567765584198e-01
3.720786527189064441e-01
3.644370847070527164e-01
3.571787319420074436e-01
3.504007692678016705e-01
3.433416346116682782e-01
3.377656616247103893e-01
3.342238332012075208e-01
3.277906555148387135e-01
3.204579718524978027e-01
3.137176985907357274e-01
3.073265253190210489e-01
3.009727788147524286e-01
2.951796177992337955e-01
2.911063226487948241e-01
2.848987293003736876e-01
2.791907545273960567e-01
2.740152404958276500e-01
2.685987228635705604e-01
2.636480558887198122e-01
2.587544723208958231e-01
2.543785163846487007e-01
2.495030167263444232e-01
2.449932467678086201e-01
2.404037516477247893e-01
2.360832628536765621e-01
2.314877525589430773e-01
2.273205684195820642e-01
2.228172550658664153e-01
2.210107750385932324e-01
2.168720804588671336e-01
2.118853268927674560e-01
2.077418836498641508e-01
2.035859896717285011e-01
1.994456962239385400e-01
2.003995530074000331e-01
1.949400661338233365e-01
1.903217694747764699e-01
1.860303531986830516e-01
1.818277591213998678e-01
1.781079608677134385e-01
1.753289905886416811e-01
1.717689808524183182e-01
1.680952717340750691e-01
1.667288390995385616e-01
1.627128090699466456e-01
1.594324663250269725e-01
1.561967075704815688e-01
1.533336881261737061e-01
1.500916420622097347e-01
1.469347517270791770e-01
1.442437825804704643e-01
1.413795392869979517e-01
1.387462103054471763e-01
1.358671389011448516e-01
1.331918655440372523e-01
1.303460280672103788e-01
1.279460656933053553e-01
1.255952746274417997e-01
1.229347888767030744e-01
1.206412708385497939e-01
1.185442074133841034e-01
1.161679794449543418e-01
1.141563392685068928e-01
1.121253829983447636e-01
1.100107887243451099e-01
1.078319024211483457e-01
1.058364677416842869e-01
1.038796820051857694e-01
1.017265868510670440e-01
9.973238137585313523e-02
9.774030819461959618e-02
9.566488350314467093e-02
9.363544672356877152e-02
9.162144318323968417e-02
8.991855975747424512e-02
8.824357644565922199e-02
8.678485960533625920e-02
8.519591164951656470e-02
8.359520396622271976e-02
8.199722793965467937e-02
8.052549108607104378e-02
7.900068766722626035e-02
7.799551197001813874e-02
7.634899607771049312e-02
7.479246210981654874e-02
7.313245703045938295e-02
7.169829166137441090e-02
7.138128797889414789e-02
6.971515220890067699e-02
6.810550649000658707e-02
6.659074584296684196e-02
6.534016850250237707e-02
6.421446772897151933e-02
6.289002669522755773e-02
6.165955888197410112e-02
6.071547496572019670e-02
5.947645562306028144e-02
5.870517164252671977e-02
5.769684630189313851e-02
5.692162498941232690e-02
5.595443789354485192e-02
5.445023631554839205e-02
5.317367911362638755e-02
5.194674641338319770e-02
5.110794897571357964e-02
4.986641964840127228e-02
4.880974751924202493e-02
4.807275782053036656e-02
4.700239830758980858e-02
4.602374449722494015e-02
4.542076212905543642e-02
4.430809906394563707e-02
4.330514660433164298e-02
4.234523850338176715e-02
4.146530813622716777e-02
4.058007715661002962e-02
3.978223159199384407e-02
3.891896090959881538e-02
3.811138312322466526e-02
3.732494557995202911e-02
3.654756908587940972e-02
3.584335698904882878e-02
3.506108863175660950e-02
3.436369178459059565e-02
3.392947507973405330e-02
3.319695468874800381e-02
3.247069630168308157e-02
3.170272449774432649e-02
3.110711566397268701e-02
3.048370422609570501e-02
2.981593935617167859e-02
2.917664986318724979e-02
2.872022494064739584e-02
2.818321998323624136e-02
2.762462929387026617e-02
2.707921500930022402e-02
2.645392880316171577e-02
2.594924854519914045e-02
2.548052152061935569e-02
2.499370633052068122e-02
2.445572470316801153e-02
2.392872497355266054e-02
2.346245326401784348e-02
2.290530502018376866e-02
2.244352223301088189e-02
2.194952140086445236e-02
2.153851825311486543e-02
2.114620973740211421e-02
2.067537350686376660e-02
2.028952075329460217e-02
1.988666044726993334e-02
1.950022249222060564e-02
1.910645418774872470e-02
1.871127631842801897e-02
1.834596686835503199e-02
1.795366844588213232e-02
1.758335462714109149e-02
1.719194003186751488e-02
1.681667636876537156e-02
1.651869632575850289e-02
1.609129195223642575e-02
1.574115328587195883e-02
1.543059530869312496e-02
1.508986353259807872e-02
1.499248553646352101e-02
1.471993632611792203e-02
1.442148989926853378e-02
1.413091498180371608e-02
1.388211675549188770e-02
1.360316997399624306e-02
1.329588359025171869e-02
1.301598375919016046e-02
1.281809073523063232e-02
1.256716494314820756e-02
1.227667163871680282e-02
1.203218434175796527e-02
1.180594700601839651e-02
1.156160076549251660e-02
1.129989765347312256e-02
1.109788749146874316e-02
1.083228604593788370e-02
1.059674232794430467e-02
1.039036893240731334e-02
1.025077014105976562e-02
9.999048618408697478e-03
9.833562346175373642e-03
9.576613928685305185e-03
9.380201406405313386e-03
9.187553654401187098e-03
9.025847623205218370e-03
8.822196458661299076e-03
8.589475401610606811e-03
8.395161306792776890e-03
8.189800371676951921e-03
8.019211283638888466e-03
7.875885453959943425e-03
7.677423100150136508e-03
7.556135813785810722e-03
7.386975119116092475e-03
7.219754243371976320e-03
7.104153646091862506e-03
6.974905617899147640e-03
6.899280841665958106e-03
6.764415015265457486e-03
6.644046135981377874e-03
6.507927590984057854e-03
6.366673062249948029e-03
6.209224988826370778e-03
6.082234478144365845e-03
5.949025627115699794e-03
5.828845917295135716e-03
5.764389028974064438e-03
5.608783369846458144e-03
5.501281609414375093e-03
5.393179580021209563e-03
5.286144723442734103e-03
5.183189457968142080e-03
5.093796608134324409e-03
5.025983651583919125e-03
4.907301376120651315e-03
4.791179701319133420e-03
4.674427293456608935e-03
4.574090136798961322e-03
4.493327192493838662e-03
4.383829780202513383e-03
4.287477629597689563e-03
4.212207378810946083e-03
4.118345268938435576e-03
4.008224787395228347e-03
3.906931122125044224e-03
3.932037175620321443e-03
3.795776995737571661e-03
3.679814261172724074e-03
3.584670575967522244e-03
3.490358972065718112e-03
3.388387491057998600e-03
3.316050079986317557e-03
3.243696598831529842e-03
3.194800144923233380e-03
3.170977004550052780e-03
3.085697850306517130e-03
3.447389959453762455e-03
3.212549260211619052e-03
3.052579361562068622e-03
2.936336081128582479e-03
2.838769552716462977e-03
2.756446433391741401e-03
2.670917099804175424e-03
2.615291991983110728e-03
2.596766263020827692e-03
2.523827612089141713e-03
2.457813742221748136e-03
2.406776196180358644e-03
2.350298157223574234e-03
2.308963279195371063e-03
2.248353160374480433e-03
2.200551573963209235e-03
2.147558771699199700e-03
2.102549467424616372e-03
2.062177484349972563e-03
1.999869707762589894e-03
1.958820921322426776e-03
1.913861019820965606e-03
1.881256510582020661e-03
1.854137391601690587e-03
1.792352229773234388e-03
1.748862901757713105e-03
1.716440257613270409e-03
1.693973416354303341e-03
1.656459459377498163e-03
1.625045992113231721e-03
1.587189184655006264e-03
1.552010452226680950e-03
1.523870770946746849e-03
1.510196391673385890e-03
1.477449979582477453e-03
1.440101060390123512e-03
1.402358214151592543e-03
1.359486727200726964e-03
1.340975912189398779e-03
1.303957354791601166e-03
1.271595280184267644e-03
1.246975588516807329e-03
1.210780948620150590e-03
1.178314990412184307e-03
1.150547974724106795e-03
1.126106809247609227e-03
1.102304282611821446e-03
1.077592744885853999e-03
1.058274139109623667e-03
1.045789127687511482e-03
1.018138389700330411e-03
1.000767222382082213e-03
9.626619310257239276e-04
9.401721793454834207e-04
9.175711276750204591e-04
8.818190032261790301e-04
8.547505957503421115e-04
8.290107583404551349e-04
8.157240521471217833e-04
7.918167853596497999e-04
7.814544785416309121e-04
7.620301200087061183e-04
7.561915274754118978e-04
7.325928346774295040e-04
7.226426194018653127e-04
7.028999773284707502e-04
6.980875159772063953e-04
6.849316008599544078e-04
6.681784391991512891e-04
6.539190760929793414e-04
6.382818976628113622e-04
