1.462696988368366480e+00
1.403009016910331974e+00
1.394002157667536324e+00
1.401006108815689988e+00
1.389913445223248001e+00
1.391016408356047673e+00
1.385713949183944971e+00
1.384483298801152173e+00
1.380007836288727363e+00
1.376875197570515352e+00
1.372673170267786125e+00
1.369101024546633516e+00
1.365051108054641027e+00
1.360869829884749249e+00
1.356192842087232231e+00
1.351698625280674193e+00
1.346860745380654256e+00
1.342096420735269913e+00
1.336422910415331788e+00
1.330921849715513527e+00
1.325617647559840462e+00
1.319568399503160849e+00
1.313878046824714874e+00
1.308555949147836239e+00
1.302426941865154619e+00
1.296564491687498544e+00
1.290599528283346675e+00
1.284808159999581756e+00
1.278838486356676629e+00
1.272442407882453663e+00
1.266250026099995152e+00
1.260042634485048607e+00
1.253378399967160162e+00
1.247078790209969812e+00
1.240387788791978751e+00
1.234429002583244950e+00
1.227781509915219171e+00
1.221075647413136789e+00
1.214582118996660132e+00
1.208102279136844537e+00
1.201062514755813826e+00
1.194355048626287052e+00
1.187694471798121043e+00
1.180250570730269288e+00
1.173643210903092760e+00
1.166355005918956911e+00
1.159559234253657811e+00
1.151958628101734883e+00
1.144744728326618111e+00
1.137626023743555592e+00
1.130602458723584336e+00
1.123617455360572226e+00
1.117207217192559110e+00
1.110308726743141516e+00
1.103786580527235106e+00
1.096193989307244987e+00
1.089600743774180147e+00
1.082434021199381480e+00
1.075332943629103255e+00
1.067939412536676125e+00
1.061061390645759550e+00
1.053791310310398188e+00
1.047410554147455652e+00
1.040199445058856531e+00
1.033110048186883345e+00
1.026260275489838891e+00
1.019048193427720683e+00
1.011942646057061523e+00
1.004422351050948015e+00
9.977158749468105770e-01
9.911258590856060202e-01
9.837455920289638334e-01
9.772609854771455717e-01
9.700072590568473707e-01
9.641340189285266815e-01
9.575149880851901996e-01
9.503523198189259835e-01
9.433477062965290871e-01
9.365413501542987351e-01
9.294257149056021072e-01
9.227348448624128618e-01
9.151434040458596986e-01
9.080779865926814631e-01
9.006559965034613979e-01
8.934779528311977970e-01
8.862443646983084733e-01
8.791623736617890650e-01
8.720779303535477478e-01
8.651606651154615246e-01
8.581860483331326117e-01
8.507629717791994617e-01
8.436075969304382971e-01
8.367325236914610054e-01
8.301603990119835741e-01
8.232001670835364937e-01
8.159683297037868543e-01
8.098141984271798322e-01
8.031608848279480073e-01
7.966095124343184342e-01
7.896167528660167356e-01
7.828609213467289107e-01
7.760894700010451119e-01
7.689454479193114089e-01
7.632838314925675105e-01
7.566393944031426511e-01
7.492241461989991302e-01
7.424007293523339213e-01
7.363115567351002921e-01
7.301797962481126891e-01
7.245136103141290862e-01
7.176089109972004776e-01
7.116465201139993146e-01
7.055676667389340073e-01
6.995130634807414927e-01
6.927495218625723261e-01
6.866043332023290535e-01
6.805685301150066202e-01
6.744164742597195117e-01
6.686634350387027359e-01
6.624448405077534296e-01
6.566270948839415533e-01
6.501960927721271988e-01
6.442546864951923524e-01
6.386032302230600921e-01
6.322073954576092891e-01
6.267210270939156391e-01
6.212494251126261524e-01
6.147613835407373939e-01
6.095966389777207617e-01
6.041355166371263907e-01
5.990204997593149283e-01
5.938641101814104983e-01
5.888948613015535516e-01
5.835474421232434983e-01
5.786570178691707866e-01
5.728601475320761471e-01
5.672560308747359725e-01
5.618843698244991858e-01
5.570702120255280887e-01
5.526028599655374851e-01
5.477009655620513895e-01
5.428170606566785628e-01
5.368229981779859550e-01
5.316439117935169989e-01
5.269395872141637849e-01
5.229494031245232044e-01
5.179005912068145312e-01
5.132835870739189676e-01
5.089931937901044368e-01
5.046271950958947095e-01
5.002696083188585829e-01
4.953387974444895536e-01
4.899716856434848111e-01
4.852406983122949935e-01
4.810390863244439763e-01
4.762572444063705723e-01
4.720759012710434299e-01
4.678413851618439812e-01
4.644775982194028208e-01
4.605257132092222538e-01
4.555829581638216608e-01
4.509883372608303742e-01
4.467428516952112183e-01
4.427854688411332340e-01
4.382839311578608510e-01
4.344298485478857996e-01
4.309762628216720626e-01
4.266055711701754460e-01
4.229146155398295637e-01
4.186868295798442663e-01
4.149340827888950423e-01
4.115087096674854283e-01
4.080250796767303512e-01
4.046403592259096293e-01
4.008893192313028875e-01
3.982514205823835529e-01
3.946039249210784861e-01
3.906564470202307793e-01
3.863783922350618738e-01
3.833642089003769793e-01
3.797839584583418970e-01
3.767913949910125515e-01
3.728063945321163364e-01
3.688782304912613941e-01
3.660263984453389630e-01
3.626739441553549215e-01
3.593154425654102035e-01
3.555483853032960218e-01
3.526403142521435385e-01
3.485326260536753540e-01
3.457856783728683880e-01
3.423815711743402046e-01
3.392258150693709950e-01
3.370053520994925056e-01
3.342578410939961442e-01
3.315014621222133750e-01
3.287140093432099341e-01
3.257938394598794973e-01
3.232666799299052651e-01
3.210158598633595095e-01
3.185330111685734655e-01
3.151284217901238471e-01
3.123070067673215933e-01
3.099869694233947648e-01
3.068446145868161667e-01
3.040992067987685621e-01
3.014565731700536433e-01
2.988998583374316564e-01
2.965346436216168002e-01
2.945291515188802056e-01
2.918903177496491308e-01
2.892269583519397336e-01
2.865411238847012099e-01
2.842164651144473142e-01
2.813999981503850223e-01
2.801351094263092589e-01
2.780178438296098120e-01
2.762806465647805743e-01
2.735040559106831637e-01
2.714928911150891744e-01
2.686725897466792912e-01
2.665079961282149079e-01
2.645256980561063731e-01
2.621487163086795857e-01
2.592869850256581676e-01
2.573386584554607781e-01
2.552782128353738855e-01
2.533267826464691841e-01
2.513639385638066215e-01
2.488820164342731289e-01
2.471591259239200034e-01
2.451874367357555484e-01
2.427488452740297897e-01
2.405994980862825317e-01
2.383582018907425548e-01
2.361088427724855610e-01
2.345722472483682819e-01
2.321925281859065771e-01
2.303985439034230143e-01
2.288227656350035610e-01
2.275102740591398720e-01
2.260582810718637092e-01
2.237222784731038583e-01
2.223616986826674746e-01
2.204429120454942659e-01
2.186924430079833226e-01
2.168968789874390624e-01
2.152884563179173760e-01
2.137181344454935905e-01
2.116803954105142271e-01
2.102020660242846506e-01
2.086081232972823718e-01
2.072839952339372294e-01
2.056596674749277265e-01
2.039130929706326201e-01
2.021298395216230281e-01
2.000865814257578312e-01
1.987038396486691394e-01
1.971666376161063106e-01
1.961872257690170096e-01
1.947625956021973304e-01
1.933906382613372055e-01
1.916838158377188461e-01
1.901589516098919075e-01
1.880573087159691514e-01
1.868715464634976842e-01
1.853644944943577955e-01
1.840761730987669487e-01
1.826531270350073288e-01
1.816402554592781160e-01
1.802434709014613667e-01
1.793328225063201276e-01
1.788466743103995227e-01
1.773465062810889448e-01
1.758263510975922872e-01
1.747235950369684931e-01
1.735086858528321341e-01
1.721094971475083946e-01
1.703140177678985623e-01
1.689933080960791534e-01
1.676104801365371488e-01
1.664766222069136437e-01
1.655787773078126468e-01
1.640100291592734294e-01
1.631464003723502310e-01
1.617592390812497005e-01
1.608650238754344430e-01
1.596246227199293877e-01
1.580749392697522737e-01
1.565564797130757912e-01
1.555863227597080733e-01
1.548310799788155945e-01
1.532278073816570330e-01
1.526346748187765445e-01
1.513062511553823763e-01
1.503730837511798035e-01
1.490794675431377780e-01
1.483059501270869995e-01
1.473224156511874494e-01
1.459127433522121875e-01
1.452924629701200787e-01
1.449099378745407618e-01
1.438030163293607389e-01
1.428819410872694817e-01
1.422236753378115226e-01
1.413573921807348421e-01
1.405291336552378922e-01
1.392399498594007468e-01
1.379197025529721732e-01
1.376620828531043561e-01
1.363713492249099546e-01
1.354543473254912200e-01
1.340799829944207266e-01
1.325036271792287557e-01
1.317962859670620546e-01
1.307010285363799651e-01
1.298329448376334960e-01
1.292084932118513496e-01
1.281886537236525125e-01
1.274740292310110323e-01
1.262382754021310061e-01
1.252639871555788487e-01
1.242986097090934966e-01
1.236555565507911625e-01
1.235837256202747259e-01
1.224046568358002074e-01
1.222304292875555642e-01
1.211054562917283361e-01
1.200158256277836094e-01
1.193596092190461894e-01
1.190517975508224857e-01
1.179302966412515002e-01
1.168537841866514188e-01
1.163504690792348112e-01
1.158701069955159618e-01
1.146119132138034569e-01
1.138804817027766203e-01
1.129605057830584958e-01
1.123123743750561454e-01
1.114183964658212178e-01
1.105296557123812140e-01
1.097424776856314732e-01
1.083704309609306582e-01
1.076547298410996667e-01
1.065231520670888860e-01
1.063645598946710291e-01
1.052003864289040441e-01
1.058177431108513061e-01
1.046061055891052971e-01
1.038306697386201655e-01
1.029608124602493652e-01
1.027064221915251763e-01
1.022161057955460056e-01
1.030210572786246920e-01
1.023007989238823995e-01
1.011725542675088185e-01
1.021328990469060338e-01
1.016169569134416500e-01
1.013279900396677063e-01
1.011792511330162903e-01
1.006435444534575646e-01
9.973439368214336020e-02
9.913155630841140320e-02
9.834613759945692868e-02
9.848094484823254058e-02
9.792376276509373589e-02
9.681525906894591915e-02
9.651174849391362665e-02
9.550626330713825329e-02
9.448593067539726165e-02
9.407775855104255625e-02
9.363420942268232960e-02
9.331517988525368790e-02
9.283002351750678505e-02
9.383371421906423759e-02
9.284557775194100804e-02
9.236620709419345043e-02
9.176013131644619736e-02
9.102085797590334093e-02
9.027776390233700765e-02
8.990781418507942657e-02
8.956010725949022089e-02
8.890284070648936388e-02
8.834564422078917956e-02
8.804243857963528486e-02
8.701526532751313603e-02
8.705808920430116449e-02
8.663083894781697936e-02
8.579057251426873421e-02
8.467572216807714436e-02
8.433552313999101435e-02
8.389813738221373052e-02
8.366399302660858239e-02
8.312430580685813142e-02
8.250090862675450720e-02
8.193211351589302360e-02
8.146655068658995025e-02
8.118284694113026001e-02
8.029369067797381687e-02
8.051384680156910278e-02
