8.298972193406609632e-01
8.127071688894216273e-01
7.892218342171104517e-01
7.570981784030194062e-01
7.185044454088997945e-01
6.749328477093410328e-01
6.222725954464175535e-01
5.782741023561429605e-01
5.415858764950971516e-01
5.089260825639564390e-01
4.839853925849267879e-01
4.625601461726985830e-01
4.438778370987463973e-01
4.295183225161093854e-01
4.169457203286076608e-01
4.074717808345611481e-01
3.972044148239216033e-01
3.895448395089582405e-01
3.823231436797320804e-01
3.763994244934972255e-01
3.712739865654602345e-01
3.661252134799278246e-01
3.628368038716663913e-01
3.595286039585376403e-01
3.561455260084857022e-01
3.530513322620770778e-01
3.502555385546326505e-01
3.478544621856489161e-01
3.454628376717301941e-01
3.434431153908556467e-01
3.413803649109319327e-01
3.392178529200031156e-01
3.375860387791521644e-01
3.360497305019849446e-01
3.343718843068639313e-01
3.327883958542938725e-01
3.310454798534224752e-01
3.294876753698596228e-01
3.279503026678502464e-01
3.266771404174301230e-01
3.253226733562002426e-01
3.238567041691333137e-01
3.228004711361275314e-01
3.214367245006367058e-01
3.199914806098892450e-01
3.186408314207151427e-01
3.175050437433606376e-01
3.158588985932498372e-01
3.144872303183297579e-01
3.132694329082070794e-01
3.120595347790068863e-01
3.106397521448042709e-01
3.091152104106541509e-01
3.078363468199264985e-01
3.063769628574355974e-01
3.050055261758922165e-01
3.035675601766108511e-01
3.023108295272244339e-01
3.007580902562597691e-01
2.993857569094091620e-01
2.975601633786463807e-01
2.959541528354275308e-01
2.941055792950709180e-01
2.925981041481060529e-01
2.911206522501132432e-01
2.895134279463295601e-01
2.877469462508008835e-01
2.860603033231196579e-01
2.843679754546500349e-01
2.825018158493662335e-01
2.810218573863538793e-01
2.794482637011840298e-01
2.776489668733135852e-01
2.758158443088186140e-01
2.739394915002884567e-01
2.717940970136173973e-01
2.698459387974206369e-01
2.677500048343310901e-01
2.657605367294526011e-01
2.635621481880691674e-01
2.612658222770436467e-01
2.592336445590290306e-01
2.567382499985290667e-01
2.545304023510461811e-01
2.523704164193191768e-01
2.498459773081858626e-01
2.473323886606096644e-01
2.446258632775247244e-01
2.420024625072346447e-01
2.392545416730545993e-01
2.367736480132265342e-01
2.341070704594070129e-01
2.314981976570657796e-01
2.286084615887375437e-01
2.256255357411178220e-01
2.227370313636446719e-01
2.196017254402295171e-01
2.164151141497251962e-01
2.132147550663922031e-01
2.101723039312883012e-01
2.070677405345786037e-01
2.037360175744387103e-01
2.005516749703619706e-01
1.974370459448274162e-01
1.942849822746158528e-01
1.909565323309059814e-01
1.874989469422242705e-01
1.843283273397642585e-01
1.812706151348658090e-01
1.779463471147978426e-01
1.745315027810779018e-01
1.714977696478774960e-01
1.681108512399097366e-01
1.647534095947330302e-01
1.614965538842570991e-01
1.582700562517032061e-01
1.548359206549118072e-01
1.513570810338927819e-01
1.482346882743438565e-01
1.449563088769421915e-01
1.419234241379869199e-01
1.387297844069126929e-01
1.354422867113869999e-01
1.321953838291126948e-01
1.289176880986629692e-01
1.258986946793246298e-01
1.227386721881217613e-01
1.199562458745627724e-01
1.169866131877028981e-01
1.142000935046880161e-01
1.110712436700153488e-01
1.082629773216410990e-01
1.052310576378341356e-01
1.023129325597981615e-01
9.997751242071399591e-02
9.751061920697588759e-02
9.496018781794078600e-02
9.228585501380291711e-02
8.967153583766687697e-02
8.703223153866405937e-02
8.463505435674667510e-02
8.239161765362826295e-02
7.995925394940113506e-02
7.784341722996410140e-02
7.575817269855793235e-02
7.341820742472195127e-02
7.118509451671496679e-02
6.920331497756362915e-02
6.744343816254788626e-02
6.547662054628947126e-02
6.361352777295649352e-02
6.182014410753572387e-02
5.999331724549231137e-02
5.826446701311900622e-02
5.639352782486441867e-02
5.475279645172652365e-02
5.295591898049396840e-02
5.131914853691316170e-02
4.973249902324838184e-02
4.818409704195698862e-02
4.671549301795969306e-02
4.526800336013545034e-02
4.381025755139381084e-02
4.260786743475876437e-02
4.132978429251889241e-02
4.019599845005376176e-02
3.907484234262638412e-02
3.788209138006513182e-02
3.681316734869895940e-02
3.580376776363366348e-02
3.478738220449457963e-02
3.364100885745964498e-02
3.262812953901662871e-02
3.161678105063542299e-02
3.061199051522347017e-02
2.972183882746052760e-02
2.876753231116304863e-02
2.792523434201485757e-02
2.706745799999247734e-02
2.635327857359744119e-02
2.563264550066996980e-02
2.492840894738588067e-02
2.415587825683117307e-02
2.351046996530583785e-02
2.279372172769812688e-02
2.209511410705813569e-02
2.143416750739962628e-02
2.084746972627016942e-02
2.024817339175894598e-02
1.954348896147283313e-02
1.889559134041319741e-02
1.814762906942867654e-02
1.750045643176050339e-02
1.697980824097469407e-02
1.637192348043745374e-02
1.578390526011206121e-02
1.540316315177047042e-02
1.486965110975107911e-02
1.449490216691207665e-02
1.410925107213317244e-02
1.376261979190239980e-02
1.342793274443133608e-02
1.310103382456961028e-02
1.278335439057275841e-02
1.244700261598793642e-02
1.214754790154884585e-02
1.186193345699720382e-02
1.158645832365896508e-02
1.127815842919087028e-02
1.098706950905167790e-02
1.069744674376354836e-02
1.037982654296216480e-02
1.008375776135408963e-02
9.831847816197456305e-03
9.577059769368694367e-03
9.331150547072840015e-03
9.101560809594181484e-03
8.850597384545903779e-03
8.612115573999951784e-03
8.425505721033682213e-03
8.247676272071074663e-03
8.013031606710976917e-03
7.821457548489965661e-03
7.635042747019279638e-03
7.461234836812946809e-03
7.293626848660964522e-03
7.135218992264414327e-03
6.986184648132691931e-03
6.828457408005222939e-03
6.668384030984517326e-03
6.509081827888642952e-03
6.331136178055807306e-03
6.149331321608910578e-03
5.891338285331241577e-03
5.745998635245941344e-03
5.629625953197584312e-03
5.505321037047154059e-03
5.380489101990365390e-03
5.271329160335736820e-03
5.158046279032701791e-03
5.032459050940074619e-03
4.914387582523866045e-03
4.807987253330945308e-03
4.703300094690304745e-03
4.598619360978778089e-03
4.490534009583767826e-03
4.382794863346303922e-03
4.286481506207001635e-03
4.189032915780462399e-03
4.106893340172448718e-03
4.008312984424782129e-03
3.914091500063253577e-03
3.823882391962605404e-03
3.737260152998265160e-03
3.650122572746447060e-03
3.571423813389848316e-03
3.492098600049166508e-03
3.413690148059540363e-03
3.335196734127059397e-03
3.256971290291328733e-03
3.187025113852061907e-03
3.119923801025487400e-03
3.048136183766288979e-03
2.982664349462961495e-03
2.919863039561054925e-03
2.853291694603338809e-03
2.790914310529777481e-03
2.732308117865429788e-03
2.672758330727539877e-03
2.615614688990074242e-03
2.558363283768357033e-03
2.502283428682508006e-03
2.446701164598472349e-03
2.389094038873898485e-03
2.336540458317244631e-03
2.284998420921774322e-03
2.237954726910586310e-03
2.190064846901931209e-03
2.142667076252148268e-03
2.097743638934753633e-03
2.056562567642033698e-03
2.016751062765094558e-03
1.974703373240130171e-03
1.934810319988506961e-03
1.894095513844729073e-03
1.854752127219620999e-03
1.816883606681853232e-03
1.779389162971163401e-03
1.744979516663568717e-03
1.708703235026177991e-03
1.674363187882454496e-03
1.641211300094881946e-03
1.608296702231906466e-03
1.574849459230647994e-03
1.542402020132738368e-03
1.510299445418035891e-03
1.480070007201230060e-03
1.451024961710064426e-03
1.422793530061768888e-03
1.394307173073138298e-03
1.366631776081089029e-03
1.339609039137258607e-03
1.313588498369264775e-03
1.288112642541045221e-03
1.262740113078893080e-03
1.236938578383341798e-03
1.213333350041499725e-03
1.188032273437230430e-03
1.165269678330440456e-03
1.142946984451426781e-03
1.121240456973133289e-03
1.099937136107869600e-03
1.079179415838089646e-03
1.058760523805000629e-03
1.039227312905608531e-03
1.019455599802767624e-03
9.991857709619720879e-04
9.811659840580605040e-04
9.626228102182950164e-04
9.444344087198685688e-04
9.274144022568289692e-04
9.098783243360790765e-04
8.936218529174854873e-04
8.779711153919069269e-04
8.614961778965659744e-04
8.473277683676384365e-04
8.326127619245305648e-04
8.181095808022845455e-04
8.032636003316241712e-04
7.893511578799796910e-04
7.760545429310151217e-04
7.617432931126422863e-04
7.481044621417648303e-04
7.354604023540084641e-04
7.232743821113156663e-04
7.111542338438573384e-04
6.981917046717249671e-04
6.858509284875893321e-04
6.735292721102133446e-04
6.588880747101008963e-04
6.457058488796062548e-04
6.343675222140397448e-04
6.182072984730695685e-04
6.081389778286784174e-04
5.845036774836527256e-04
5.681860111326611290e-04
5.482472680805567473e-04
5.274645686888046556e-04
4.839370453009322068e-04
4.032140975512240352e-04
3.506801280330223590e-04
3.431691477454119812e-04
3.348501224222983534e-04
3.270403924786952272e-04
3.194772499230219250e-04
3.119094288023682585e-04
3.048550261483164029e-04
2.979074546422027701e-04
2.906553992497222733e-04
2.839373759897964285e-04
2.750209664775707234e-04
2.685764280532514526e-04
2.622294542296686889e-04
2.560948286770727673e-04
2.498289287685733417e-04
2.431873806701662479e-04
2.372694499471868440e-04
2.315194866897732438e-04
2.254004513873044367e-04
2.207134894401488771e-04
2.155343357335659212e-04
2.102672098100758999e-04
2.051834516344566435e-04
2.002866803032206985e-04
1.951119152210074967e-04
1.903581150378944758e-04
1.860131356920598656e-04
1.813826247421005875e-04
1.770577764497750491e-04
1.725907627057878761e-04
1.681593298568760534e-04
1.640186462082854097e-04
1.601821082793407130e-04
1.562176022512958972e-04
1.526795595478457946e-04
1.483164604647233518e-04
1.447330618565004971e-04
1.412587086063954390e-04
1.377385928191552440e-04
1.340649545825034657e-04
1.304670870617433902e-04
1.269186182029485833e-04
1.238804889841462647e-04
1.209797964159723500e-04
1.178922424491649133e-04
1.148826629207403717e-04
1.119024520359581445e-04
1.091676676361618705e-04
1.065275991775917029e-04
