9.428491113136584501e-01
9.412824344831056678e-01
9.367837891535950590e-01
9.305218122995809749e-01
9.273871775772416504e-01
9.207660884006636515e-01
9.114946109425996479e-01
9.038759896097839919e-01
8.965683283355616595e-01
8.904090568522498028e-01
8.842863798742350845e-01
8.753542322126047770e-01
8.689013449447327009e-01
8.591221685099336147e-01
8.533661084853059187e-01
8.460185222013820727e-01
8.373170025875849021e-01
8.326948871563260024e-01
8.264073294890459387e-01
8.205898108523812517e-01
8.123368416102618728e-01
8.069593974617462750e-01
8.023967591680072342e-01
7.964014267712221651e-01
7.871103965008097170e-01
7.771817102948033185e-01
7.694018787434855344e-01
7.662716525862245387e-01
7.583596160288880172e-01
7.517581596869306049e-01
7.460358422917068300e-01
7.412784405236974017e-01
7.348825721719858262e-01
7.297983414704565241e-01
7.274797750229147209e-01
7.206327370741851812e-01
7.152996332345586961e-01
7.100928917200269863e-01
7.023279426690396399e-01
6.939765968766029580e-01
6.856623266134811434e-01
6.794221588749551621e-01
6.714284500839267089e-01
6.654259696417176295e-01
6.559594585117254351e-01
6.484908847985784153e-01
6.440601012009937731e-01
6.362330451896767158e-01
6.291877629826744256e-01
6.208767685714324802e-01
6.138170423935548348e-01
6.089024710298650556e-01
6.015809998793046898e-01
5.963360059118135714e-01
5.887679241922605389e-01
5.818939432314208515e-01
5.763339838154002415e-01
5.686593132371781101e-01
5.646112676318538748e-01
5.582363393201301704e-01
5.503075245745390198e-01
5.454286266469352551e-01
5.371921077487831209e-01
5.337399119653950530e-01
5.275952521901540182e-01
5.211848384070651985e-01
5.149528367990732214e-01
5.074020148521491969e-01
5.021998426817718686e-01
4.945676919191191456e-01
4.884470177527385215e-01
4.814152093099464680e-01
4.763971685499716613e-01
4.706711080562424598e-01
4.626632092692050668e-01
4.545776295550840174e-01
4.494904463047831866e-01
4.436682671114108856e-01
4.371488522521425057e-01
4.309991610111655325e-01
4.260409477351862484e-01
4.186469224446068282e-01
4.129672989428440633e-01
4.100625386900935698e-01
4.071442148554356710e-01
4.025076325367182295e-01
3.979079651267427020e-01
3.904551570327928767e-01
3.861883783247981317e-01
3.814859107657016524e-01
3.757426623471237792e-01
3.696091179429186746e-01
3.639283753427243751e-01
3.588544270089134569e-01
3.532001905323196578e-01
3.496036916399323236e-01
3.466180427648870022e-01
3.412203327281181919e-01
3.362470561759862142e-01
3.310652931209333572e-01
3.273416775691229685e-01
3.241991852019941445e-01
3.228163216250433676e-01
3.165241064811711857e-01
3.101943826996100828e-01
3.048468753740138371e-01
3.009312006776723725e-01
2.954916958137093208e-01
2.915650181636175176e-01
2.870330650917465309e-01
2.834161677872558127e-01
2.763434568157870919e-01
2.722994561851885820e-01
2.687941403259873629e-01
2.648368561517221442e-01
2.610085293656357330e-01
2.581478742180978725e-01
2.555471784479523834e-01
2.535202318880743766e-01
2.513546071502166801e-01
2.466226020772342986e-01
2.438945511989897008e-01
2.407461036324067272e-01
2.376261155264551006e-01
2.350281190798585162e-01
2.306036154726491538e-01
2.281272773093968032e-01
2.256886274959740701e-01
2.210391860756732996e-01
2.188188080115998357e-01
2.162614695746988280e-01
2.118632245032589234e-01
2.091579384003438846e-01
2.059938825073430457e-01
2.040786920519437331e-01
2.012779608683607502e-01
1.975646532293106605e-01
1.946307862161448798e-01
1.927351027848627774e-01
1.883054333083140630e-01
1.855799357109389480e-01
1.827942153843765960e-01
1.805464815203040863e-01
1.788562602128011825e-01
1.762091335140253956e-01
1.743111611473320277e-01
1.723013679884759508e-01
1.702742030621201552e-01
1.686819535308838602e-01
1.657555170149269674e-01
1.627665464714507237e-01
1.606992086730306135e-01
1.579235093247936539e-01
1.557307470095040947e-01
1.542210664164667955e-01
1.520871847219246176e-01
1.502506752328003625e-01
1.486330534046872431e-01
1.465347332018048787e-01
1.441540661077352625e-01
1.419736642270809923e-01
1.399837448392705075e-01
1.377223575287446766e-01
1.353771137832260052e-01
1.331302172005842666e-01
1.308168534736667554e-01
1.288609338620802514e-01
1.270244066577286279e-01
1.258312344327223442e-01
1.246839345453023967e-01
1.229907276415783124e-01
1.206505849822040177e-01
1.186598499766817472e-01
1.167391163379443986e-01
1.153580810652200528e-01
1.138458543933255768e-01
1.120419565221020680e-01
1.107578620590662782e-01
1.093742250640535457e-01
1.082990022886763382e-01
1.066412114398855027e-01
1.047765493525279201e-01
1.034979247819765441e-01
1.019638636473046839e-01
1.001744479690453576e-01
9.849505133766832399e-02
9.648911410969837621e-02
9.544059766838070002e-02
9.442558746227708300e-02
9.300511746227650700e-02
9.194773418387819364e-02
9.074435931451173276e-02
8.984894540692164866e-02
8.877590775825019986e-02
8.818636185559940166e-02
8.688130355176176822e-02
8.618041586566027590e-02
8.467110219253860814e-02
8.421118981831744732e-02
8.321385080662918599e-02
8.232378390422208370e-02
8.118645916931634121e-02
8.054010953443352383e-02
7.984787332389098324e-02
7.880530487503409343e-02
7.771233325182957952e-02
7.652796790136516536e-02
7.547067523596805161e-02
7.460221024094093600e-02
7.333957725494842650e-02
7.214062970145891651e-02
7.113268238084083372e-02
7.018651626387004128e-02
6.960593466727839351e-02
6.845810365976605361e-02
6.818965739519054770e-02
6.690275623217463441e-02
6.618166555732962753e-02
6.516171813029437987e-02
6.386170411666820812e-02
6.320694016319243491e-02
6.237731007044290676e-02
6.165146197217979962e-02
6.113230108713503530e-02
6.049318352267307047e-02
5.993814276347860653e-02
5.950624924418182471e-02
5.879962464611318551e-02
5.794530660417992335e-02
5.738476851200691869e-02
5.651445272565344680e-02
5.606589160929729282e-02
5.527285558483649441e-02
5.440934820643890391e-02
5.365691692161496384e-02
5.308370552680811982e-02
5.237479478919393472e-02
5.192903602394635665e-02
5.100386464279089288e-02
5.049397513002053944e-02
4.968735052984284833e-02
4.908566843457398687e-02
4.826232853612748286e-02
4.785715898631595633e-02
4.714894703076363824e-02
4.667056932719138712e-02
4.620941007752937119e-02
4.570462523506638175e-02
4.527195183659664390e-02
4.468917672165994420e-02
4.412874552859890470e-02
4.366584691828852283e-02
4.327949678024808899e-02
4.279631211936286289e-02
4.228746374824635113e-02
4.162777600834982605e-02
4.120212537358240029e-02
4.064772057077686157e-02
4.022867046343095443e-02
3.971335355758304209e-02
3.931340601971756304e-02
3.884681270711867751e-02
3.827799021192187373e-02
3.779233416278601765e-02
3.751632094543023987e-02
3.728706357270300531e-02
3.665024160742736542e-02
3.633994939853169709e-02
3.593927230472741818e-02
3.548557244770965402e-02
3.523129853707199916e-02
3.481642734014307045e-02
3.439267551283262114e-02
3.397726820498878086e-02
3.357195640726420155e-02
3.317102619343179071e-02
3.268910490371593203e-02
3.228267024957084258e-02
3.200500796963510336e-02
3.166067315082153610e-02
3.125215385646799848e-02
3.069027610723654501e-02
3.029935917801427833e-02
2.988905834638682160e-02
2.953132193722608767e-02
2.917308741303483235e-02
2.878531977923199509e-02
2.835596047900603572e-02
2.810561193311141015e-02
2.785364650173588127e-02
2.732568099480879587e-02
2.677626405640614465e-02
2.641786130180328110e-02
2.620744790730016038e-02
2.589433294034304556e-02
2.562888291633631799e-02
2.518519674991706939e-02
2.483992244375454392e-02
2.447962182133615189e-02
2.424728892401595282e-02
2.392004660056353677e-02
2.361602825735707387e-02
2.327299855691349062e-02
2.281990918006754701e-02
2.256989965811756135e-02
2.238490097966167394e-02
2.224635988877420034e-02
2.187812520833877852e-02
2.160076928693884998e-02
2.135451477409187893e-02
2.112583819386985168e-02
2.082681868127910299e-02
2.051692910406096790e-02
2.017516692917189006e-02
1.992490078115550720e-02
1.965661343406059983e-02
1.948254658069668854e-02
1.931159626061529702e-02
1.905150712404160562e-02
1.887877133378352765e-02
1.857726388393457495e-02
1.840485844870353230e-02
1.814144050786690304e-02
1.797140183180955322e-02
1.776155117519560497e-02
1.748830434979424531e-02
1.725283841955031414e-02
1.710228297744171427e-02
1.685188203560484058e-02
1.663262909705078008e-02
1.650139016218141880e-02
1.633493920379733982e-02
1.629069693971997579e-02
1.602633867209428409e-02
1.574116384191702467e-02
1.553828752431385581e-02
1.533078754084562546e-02
1.519673626766413453e-02
1.494185477961992685e-02
1.469241255728710380e-02
1.443975232074950349e-02
1.417023810632513439e-02
1.395310204517742625e-02
1.380080038399482921e-02
1.361269244545173021e-02
1.346915804811827690e-02
1.335003283204037709e-02
1.315179816844088030e-02
1.305146801470418762e-02
1.295996139984110888e-02
1.277536138078420522e-02
1.257897483316136773e-02
1.249129851709525688e-02
1.235268253276566343e-02
1.220899081812103736e-02
1.203445278784631700e-02
1.192359478683073168e-02
1.180473382742208699e-02
1.169714587974892035e-02
1.158629435500158240e-02
1.142348525283797683e-02
1.130167666758367592e-02
1.122127915220040052e-02
1.110162809621940104e-02
1.089557848312705350e-02
1.082989438898982609e-02
1.070813166566310023e-02
1.060957632528409557e-02
1.047730371953444622e-02
1.034698909956269924e-02
1.025244736118772169e-02
1.011539732327833632e-02
9.929257645257504039e-03
9.760928584369173155e-03
9.603761130376545219e-03
9.438402699563532353e-03
9.337350956501469512e-03
9.241376509877058040e-03
9.157620644203558549e-03
9.073907808975857636e-03
8.949307372297415214e-03
8.836904554915635604e-03
8.719408216577078860e-03
8.647569737480221772e-03
8.554685326213555541e-03
8.428862181356626404e-03
8.294201043648662119e-03
8.193032651156624546e-03
8.150727459898022415e-03
8.066980525611586877e-03
7.949677669481201858e-03
7.808951660175168612e-03
7.712901014338888889e-03
7.628003909614303538e-03
7.577896590506936515e-03
7.504549771874977245e-03
7.429220893270282663e-03
7.334411381773506787e-03
7.241169475206577638e-03
7.191267461286597780e-03
