1.387490831056170659e+00
1.370314457484639536e+00
1.350888679258579250e+00
1.327284120045689297e+00
1.299245323699426358e+00
1.265456294524784031e+00
1.225906798707186551e+00
1.180770255002767666e+00
1.131462169138190310e+00
1.080743755540432227e+00
1.028445998931751593e+00
9.784025897639258007e-01
9.300665061628620167e-01
8.827134006805543720e-01
8.375305864033347758e-01
7.972513337492144192e-01
7.615648563823244066e-01
7.266128994748906056e-01
6.952184645448170608e-01
6.650503430509711045e-01
6.391906492072598756e-01
6.143015910760495357e-01
5.895250246636339897e-01
5.695490105178212525e-01
5.516672261260360255e-01
5.339212257753215285e-01
5.185618111151146792e-01
5.037380919185491246e-01
4.902542020098391573e-01
4.785662379843731995e-01
4.680443256943733754e-01
4.593631156641085900e-01
4.511045868978915685e-01
4.424817866182252923e-01
4.345557729111476641e-01
4.281107717368187737e-01
4.215161595641422343e-01
4.160605822557474354e-01
4.109641790228251157e-01
4.061130591272055224e-01
4.019072196553669651e-01
3.980258496471675289e-01
3.939745971351850118e-01
3.906814828044792853e-01
3.871385447418539960e-01
3.832702405618179098e-01
3.800890160763546466e-01
3.775673065225620961e-01
3.747620423985585369e-01
3.722372463270405274e-01
3.702148935557720288e-01
3.679977605317664713e-01
3.667679603953548084e-01
3.645008789921667103e-01
3.624238142677180807e-01
3.604425296468606321e-01
3.585182346134435094e-01
3.567594123917456894e-01
3.551187646982919555e-01
3.532457043790631634e-01
3.515374467927954161e-01
3.500950927562715420e-01
3.485474027261572516e-01
3.472050851814234007e-01
3.458480665710648716e-01
3.442923569255551541e-01
3.424805989429922648e-01
3.413886075485133564e-01
3.398080124616265629e-01
3.380806167046475630e-01
3.363532076460631348e-01
3.347463041913997794e-01
3.332221656608049809e-01
3.315060622585575545e-01
3.297671862716231028e-01
3.280694165906725135e-01
3.262003737005501613e-01
3.244206475926701416e-01
3.224853483096457030e-01
3.207582263109381437e-01
3.188569403002767810e-01
3.169554378474704337e-01
3.152676381806018280e-01
3.132311981716388027e-01
3.112950496801940581e-01
3.091023815955902809e-01
3.067387275784237421e-01
3.049378855329623605e-01
3.024027061837933905e-01
3.004529255787155573e-01
2.981961152078102528e-01
2.955935737338077907e-01
2.929735618295987720e-01
2.900536578939585941e-01
2.873671955778392961e-01
2.848510020964076239e-01
2.818345408701916077e-01
2.786324859219286854e-01
2.754127579765046074e-01
2.726705612853267402e-01
2.697740433146315620e-01
2.665437354388719982e-01
2.634617316289862843e-01
2.594680662690194151e-01
2.558770589264452444e-01
2.521549625200785183e-01
2.482199175831159288e-01
2.446623530471732089e-01
2.411784621919465799e-01
2.380645957930926093e-01
2.342426018617734806e-01
2.305653566173241353e-01
2.274673081415894693e-01
2.236472929839155299e-01
2.202431565633838906e-01
2.171485720406550746e-01
2.134454259990456182e-01
2.102497002192740549e-01
2.067021373104845627e-01
2.037373488937675170e-01
2.005019034296408320e-01
1.965763346155044444e-01
1.926186717974290308e-01
1.890609824452055832e-01
1.855532799250763643e-01
1.820339504158836885e-01
1.782243284098424252e-01
1.741963178819460334e-01
1.704620740419261760e-01
1.667416786220002611e-01
1.631600810497710607e-01
1.596761696671389341e-01
1.560947676432782316e-01
1.526338598305235772e-01
1.490378163904092224e-01
1.457838921257810505e-01
1.426788039007831355e-01
1.387318518865858219e-01
1.356509080267792322e-01
1.323698449426762569e-01
1.295063569488252575e-01
1.263031933961193121e-01
1.233447318056615088e-01
1.201005312895813693e-01
1.170155237458360004e-01
1.140226971872702055e-01
1.111815929008456300e-01
1.080817219330599127e-01
1.050738567796377504e-01
1.022609414603621591e-01
9.946321282827927379e-02
9.669753405028513882e-02
9.384885687606479843e-02
9.046910665060459156e-02
8.764029847077930979e-02
8.503050293275686566e-02
8.170979131084728231e-02
7.861243771047550510e-02
7.653760362016476249e-02
7.395258713301307296e-02
7.122402300519194152e-02
6.945112578907389200e-02
6.689057942466253293e-02
6.476248129824226096e-02
6.272634931496992583e-02
6.071753090349061438e-02
5.889753942332172365e-02
5.731873962470544065e-02
5.559741136168295378e-02
5.424757078851428355e-02
5.310469792071597500e-02
5.189499621163445181e-02
5.061460346350561690e-02
4.908690783756931159e-02
4.772939768197377586e-02
4.661501513175620587e-02
4.529649073740631832e-02
4.398892156319567093e-02
4.275232893259456324e-02
4.137974415782037785e-02
4.035087752835025271e-02
3.920960791122177908e-02
3.822661823433787243e-02
3.717318523670302965e-02
3.604166444774403039e-02
3.529425104400746999e-02
3.417512663870379830e-02
3.314427431667200247e-02
3.214238925783423351e-02
3.111081778099061140e-02
2.986060713781564513e-02
2.880425033976205182e-02
2.790126764429382011e-02
2.717960505739552141e-02
2.636482915565663276e-02
2.539421024265990298e-02
2.435526746897695091e-02
2.359354872771157741e-02
2.289865055872390351e-02
2.206069516070820538e-02
2.143806611811825691e-02
2.090310389861158719e-02
2.022766232377599949e-02
1.965187015012910890e-02
1.914094262638411231e-02
1.861459004702872844e-02
1.816078255086777185e-02
1.776873063346661591e-02
1.721711617870253300e-02
1.685105025720795568e-02
1.644774528294840055e-02
1.613138031584671062e-02
1.568225064195221535e-02
1.523997069285629863e-02
1.482925882780620867e-02
1.450456463979094002e-02
1.413785016624491409e-02
1.375066524525443874e-02
1.350662979835342073e-02
1.324410582139196914e-02
1.290284033864639440e-02
1.269302036945250609e-02
1.238690497528966913e-02
1.209837841084882709e-02
1.186252615516868864e-02
1.160584112366361102e-02
1.139883512053980683e-02
1.118259145279462165e-02
1.097781890940125252e-02
1.084700383676574266e-02
1.058360939990652359e-02
1.039995737395517719e-02
1.024388564527757735e-02
1.008945491743548292e-02
9.937324495719374387e-03
9.772991537338095863e-03
9.600759701900187654e-03
9.448899559463526041e-03
9.257416973176833472e-03
9.041433333463589836e-03
8.805098530873951487e-03
8.586270884845367130e-03
8.444262505682757075e-03
8.179593229422695011e-03
7.866524466109707861e-03
7.544180667640871564e-03
7.182428442528215710e-03
6.834807523421321078e-03
6.527249515187501759e-03
6.249707998525002445e-03
6.028228009084086840e-03
5.779849283415687718e-03
5.576751502896677010e-03
5.476522782764805392e-03
5.299247121152724990e-03
5.166325436000332449e-03
5.021760782980697752e-03
4.885342115447591574e-03
4.694857314964515603e-03
4.585760377341609705e-03
4.407096105883594531e-03
4.308152593420947786e-03
4.188917503923220327e-03
4.074253338452833370e-03
3.955902526219993651e-03
3.850327620855463137e-03
3.745280995050323525e-03
3.655822989093803800e-03
3.564291177062568847e-03
3.447529448247188891e-03
3.393805767559204302e-03
3.243255818229339327e-03
3.117669717276878513e-03
3.013884952024597271e-03
2.928985352780496491e-03
2.863421534887463857e-03
2.825884327702211582e-03
2.745920243479185383e-03
2.705751821768925640e-03
2.606735910390424286e-03
2.531227944156764532e-03
2.462500400829515691e-03
2.408975449823039326e-03
2.332132983491510235e-03
2.262064161086472982e-03
2.224326652171919761e-03
2.159517311094198699e-03
2.104098671582234695e-03
2.080225690144426199e-03
2.031845517424669522e-03
1.983803266257594660e-03
1.934507562152865080e-03
1.863671242426848031e-03
1.811646543742655808e-03
1.783322891525260462e-03
1.740453662935980078e-03
1.725436784601724633e-03
1.682868016601526484e-03
1.632006668231161892e-03
1.588150045844383389e-03
1.560411624624439891e-03
1.521618137588883401e-03
1.487410917581389116e-03
1.437290652417840594e-03
1.412990540824098215e-03
1.361379231765245034e-03
1.320726725587945778e-03
1.295317229856104459e-03
1.248794378813888363e-03
1.215834692330982746e-03
1.198681079825787092e-03
1.178199199673732192e-03
1.179307104491122667e-03
1.169323737857969709e-03
1.150263286351655605e-03
1.159896853293318920e-03
1.158785944928571870e-03
1.104009198736716517e-03
1.073820845675197257e-03
1.007707388129122422e-03
9.728830547552607799e-04
9.578483180484336943e-04
9.471421011974761727e-04
9.080154161413316527e-04
8.584363637354248825e-04
8.288339871591663246e-04
8.138482576134158878e-04
8.011790921115990094e-04
7.817464394125976093e-04
7.700724734609190256e-04
7.404765404812391942e-04
7.088651268428809629e-04
6.927108890028032574e-04
6.786284512090029085e-04
6.441225475802966546e-04
6.327548396109890444e-04
6.151127948878007791e-04
6.001220230801656251e-04
5.820185195064747413e-04
5.696709002106890721e-04
5.582189684243761465e-04
5.492050461313530618e-04
5.364006548976403771e-04
5.328785828834397328e-04
5.233924370761447193e-04
5.129686498208945074e-04
5.007831185966414925e-04
4.938914230363868367e-04
4.694860454482917473e-04
4.649132248181884379e-04
4.569447925476274419e-04
4.334947847165680182e-04
4.231854060157145062e-04
4.090380873700366843e-04
3.962757684344274411e-04
3.907552686116724100e-04
3.790417894773681282e-04
3.703480515398520291e-04
3.628015412711215631e-04
3.564312509325140692e-04
3.515350103521153115e-04
3.397917300299771568e-04
3.313881283986964662e-04
3.201826297146699129e-04
3.141752585977840621e-04
3.151473635649644262e-04
3.074420027410499560e-04
2.948524192119452835e-04
2.908970070539019267e-04
2.842199134114776365e-04
2.784726103226361658e-04
2.742166924258752415e-04
2.716972294914000562e-04
2.590027190865041933e-04
2.523731571116283583e-04
2.472133903776907102e-04
2.436965048887820742e-04
2.380654946814094472e-04
2.313922982228650189e-04
2.238030246073829835e-04
2.200493050230143809e-04
2.141558946753563408e-04
2.243737066368280055e-04
2.215382926063417363e-04
1.976498497011908010e-04
1.952106871461072360e-04
1.923274377041726878e-04
1.840305843577118891e-04
1.914146956927034716e-04
1.766549168198384382e-04
1.739629716744714059e-04
1.706755312313820597e-04
1.615469931318797275e-04
1.583462056864975293e-04
1.508531170912889494e-04
1.474037103504430974e-04
1.433402883005638622e-04
1.437904538967545501e-04
1.427267308728512286e-04
1.381762568407119741e-04
