8.188557292387489417e-01
7.988065469274405750e-01
7.737126472884555684e-01
7.450310602384646597e-01
7.018447092899910977e-01
6.601637171532011017e-01
6.032310883536439183e-01
5.612117493295631920e-01
5.238140600108509570e-01
5.035329448998910884e-01
4.719849227593956309e-01
4.538006398025418719e-01
4.396964355743800956e-01
4.277033872985739338e-01
4.164819612096185009e-01
4.093305652059027744e-01
4.044799189862666178e-01
3.982277034455505293e-01
3.946926027693923866e-01
3.900128660310908657e-01
3.867123921035380274e-01
3.819763857294680709e-01
3.798351556537579166e-01
3.775881212069898130e-01
3.755269287831521363e-01
3.733834261038819768e-01
3.715039619627286682e-01
3.697774070555873704e-01
3.682327665008902073e-01
3.667287357872022202e-01
3.655809555020578250e-01
3.647836670803717984e-01
3.633430853972276497e-01
3.624240552394528136e-01
3.617480215601471816e-01
3.607492387116771893e-01
3.597022162292858871e-01
3.584646735839133180e-01
3.568563028358173739e-01
3.556547008327065607e-01
3.552025803629602074e-01
3.542000215756067605e-01
3.532995470168661112e-01
3.523508266571876435e-01
3.513143011982138297e-01
3.502062916025071582e-01
3.494002737408803960e-01
3.488533173414685162e-01
3.479056520200304314e-01
3.473588387442566594e-01
3.468445009849988048e-01
3.458712413299820376e-01
3.451925115034675251e-01
3.438549685697890879e-01
3.428600633638306250e-01
3.413162836163119440e-01
3.404009624197486539e-01
3.388696428030983920e-01
3.380050799065295042e-01
3.370580161967426935e-01
3.360931507554434927e-01
3.346344036035172054e-01
3.341954757666270037e-01
3.322465985051199500e-01
3.307834467259583300e-01
3.290770106395403127e-01
3.277660151446833425e-01
3.263533569760400654e-01
3.243438624287847682e-01
3.228044946865692433e-01
3.213735898857333351e-01
3.190773022301094941e-01
3.177463928802601867e-01
3.160823432261112842e-01
3.136756019845862165e-01
3.118205461891137564e-01
3.093915996357231024e-01
3.070646471906166020e-01
3.045539511528332910e-01
3.026942249909294613e-01
3.007247709262340085e-01
2.984990706435857732e-01
2.959881541423426965e-01
2.927637535538798463e-01
2.909754351393736838e-01
2.886071832000061677e-01
2.856880036069021633e-01
2.828764682033602096e-01
2.799645939611463685e-01
2.771587146814040725e-01
2.745617331849063425e-01
2.706164439403669908e-01
2.666357331294377797e-01
2.627881168609541573e-01
2.587157077473906108e-01
2.547025219825219122e-01
2.502122113911920964e-01
2.467819566158752642e-01
2.430957025576233055e-01
2.397019871999361562e-01
2.361430533496834960e-01
2.320885596975480192e-01
2.274281801324436469e-01
2.229452760100879560e-01
2.187611935203356284e-01
2.143278114181842720e-01
2.111524698108577514e-01
2.074934426057239156e-01
2.043764449566205510e-01
2.005604545389137183e-01
1.963382575723937873e-01
1.932738539784844278e-01
1.891799023117295142e-01
1.856577323582957184e-01
1.819214823462140529e-01
1.782953335557541374e-01
1.745633413315033911e-01
1.712042603529864981e-01
1.672353319441584607e-01
1.642827899534815006e-01
1.604135959436293335e-01
1.568693638470842200e-01
1.523647062784600770e-01
1.493975745261645061e-01
1.459605325217604721e-01
1.420572017928135866e-01
1.382999628120515356e-01
1.343379899951225587e-01
1.309286819671389712e-01
1.279580621610288960e-01
1.250425006083288326e-01
1.211757386939943809e-01
1.178055800821568022e-01
1.140131716132040951e-01
1.112404444136830262e-01
1.083937078705652229e-01
1.049430651128218650e-01
1.021658659261052149e-01
9.990731023686932888e-02
9.675010478344990561e-02
9.416874159426442958e-02
9.168025318428701942e-02
8.977242804186356950e-02
8.755333781609703214e-02
8.510361147398795567e-02
8.245603053123734538e-02
7.957716758029503845e-02
7.709240347015432204e-02
7.417276316678395043e-02
7.091748813312052924e-02
6.834556335661823301e-02
6.596499508663007660e-02
6.288538770915834408e-02
6.080758212642758953e-02
5.819791419036524777e-02
5.658880788073717555e-02
5.468481208999543403e-02
5.251907798075534928e-02
5.038032959022577251e-02
4.771017794948742563e-02
4.617402429145424370e-02
4.528091736611770252e-02
4.420658594401470631e-02
4.314256553577270475e-02
4.200789525648358086e-02
4.103599608433371876e-02
3.991574817495868038e-02
3.911399173110071542e-02
3.824943557013997519e-02
3.755512905429041204e-02
3.662406730863117243e-02
3.582595590223861676e-02
3.508520759989721544e-02
3.423717116376547714e-02
3.362838361463582615e-02
3.288894270505703099e-02
3.182703345919320886e-02
3.059270423563162367e-02
2.920601256367387488e-02
2.814227404533261798e-02
2.738262345720779770e-02
2.692238081844293418e-02
2.635532372092656145e-02
2.584230803200729745e-02
2.536562322212060697e-02
2.412144951708416682e-02
2.317949316257269382e-02
2.237503550643484343e-02
2.120616778520360152e-02
2.040115419313181036e-02
1.977487072767999260e-02
1.925682285353167572e-02
1.837454847557147553e-02
1.765390731749513081e-02
1.729286673836100477e-02
1.660961594005440009e-02
1.586317173629507582e-02
1.544401096120551382e-02
1.513924527272749072e-02
1.482686622470451125e-02
1.439251444523611569e-02
1.410292766432340132e-02
1.387928457432129059e-02
1.358021380426097623e-02
1.325025241149177871e-02
1.299121951384331342e-02
1.278444573906183622e-02
1.257106694218143757e-02
1.239032610936516808e-02
1.217088178315141496e-02
1.189061587184849812e-02
1.171133542717452125e-02
1.141683160546788298e-02
1.119491845147529974e-02
1.096355625626661834e-02
1.077113185125376515e-02
1.057910191656111394e-02
1.035824279685476461e-02
1.014140458910923505e-02
9.969737082157797275e-03
9.784824122700146176e-03
9.603821294422465807e-03
9.408616097334345299e-03
9.239977565759824318e-03
9.101177411529768821e-03
8.953637406565148268e-03
8.784863508356895168e-03
8.656983228491448024e-03
8.503566635839286333e-03
8.320010141705027132e-03
8.154797862326644206e-03
8.020573756361379369e-03
7.896427898025340855e-03
7.767429912547366838e-03
7.624826369470650601e-03
7.515346589116910642e-03
7.351716829686525539e-03
7.218303292317331497e-03
7.035454489610400847e-03
6.820995437349788165e-03
6.669059666616176940e-03
6.424768381677406666e-03
6.092315829541899638e-03
5.875087986699244202e-03
5.223473633470643307e-03
4.608645013706597245e-03
4.287480462763207725e-03
4.132578601885561823e-03
4.025020776577070691e-03
3.938745063565173531e-03
3.827715817543088546e-03
3.732601951750195036e-03
3.601784047506372769e-03
3.499739816981714026e-03
3.354448161920653860e-03
3.281404587057531411e-03
3.203974755558529428e-03
3.128652657294817094e-03
3.057795752029713980e-03
2.957100090292866332e-03
2.907553953251709560e-03
2.833280941930412227e-03
2.756275406495435273e-03
2.696864016440802484e-03
2.632124051604500196e-03
2.560648896192434069e-03
2.494217351878860213e-03
2.429939328630792601e-03
2.372790383912171206e-03
2.307418054481924063e-03
2.247999547230386964e-03
2.192501359213432349e-03
2.132316804370384955e-03
2.077024666575411418e-03
2.026008254192340069e-03
1.984285942406694044e-03
1.938050480446468172e-03
1.885968057479851627e-03
1.850400288703225914e-03
1.801650178708709632e-03
1.757642705979546105e-03
1.718743908198671439e-03
1.677063076681117957e-03
1.640120914967455219e-03
1.593121126583688704e-03
1.554865100043693925e-03
1.521255735893377271e-03
1.480976069407841621e-03
1.442454269579652787e-03
1.403674763389646356e-03
1.370704180931363791e-03
1.333024817342796670e-03
1.301993867066654573e-03
1.267086394263616279e-03
1.228771462547071421e-03
1.203755111337149932e-03
1.166681954444594247e-03
1.145494547126633218e-03
1.111110466098890392e-03
1.079794548335830323e-03
1.054399407038983600e-03
1.028338258627360799e-03
1.001585129643876512e-03
9.765786843713090536e-04
9.588203634874470490e-04
9.373140511289376363e-04
9.112456349165003232e-04
8.917319471790067674e-04
8.723390904475322467e-04
8.466285818074073587e-04
8.245168115362021353e-04
7.983395064702117046e-04
7.807268670651711052e-04
7.604210222891579895e-04
7.417886715261765235e-04
7.241764963836781798e-04
7.082149581712092381e-04
6.922039927342081653e-04
6.745499376340125149e-04
6.557784883667061061e-04
6.378924610558971663e-04
6.235593514723915395e-04
6.099093625173402072e-04
5.958266521416356529e-04
5.829618880350901288e-04
5.692528215192151943e-04
5.538265688003857993e-04
5.414927714876584513e-04
5.289218309490142543e-04
5.170185960648837056e-04
5.045546354033883735e-04
4.936886384166081464e-04
4.812424876500725557e-04
4.674209636976463353e-04
4.565179932004995796e-04
4.487672251489267187e-04
4.422415072754473523e-04
4.322675116888742824e-04
4.216312301251829093e-04
4.110390411160194223e-04
4.018885240194943398e-04
3.919277142646473500e-04
3.840261703775134611e-04
3.740892643749959916e-04
3.649976779986897858e-04
3.539570419895128454e-04
3.458516548132963518e-04
3.370036459164551406e-04
3.286141081405945913e-04
3.212099154593823797e-04
3.134495917181512434e-04
3.064308854222984194e-04
2.999271115675190749e-04
2.905689026093835571e-04
2.832749884865340254e-04
2.764976835820393409e-04
2.715904253945992594e-04
2.657504298896396552e-04
2.587371552801837711e-04
2.536565472235054403e-04
2.468673907185144067e-04
2.405905256391692340e-04
2.357377478612895211e-04
2.294956390284045439e-04
2.245817654203197740e-04
2.203572920518051211e-04
2.162471859762869471e-04
2.112960010164076385e-04
2.061091315160688158e-04
2.011786193454121862e-04
1.968097456037948972e-04
1.917753165761131289e-04
1.876263357791319389e-04
1.815626992235588487e-04
1.767259818513544243e-04
1.720138227192428244e-04
1.676217604082108853e-04
1.638704350999648884e-04
1.594835412663244897e-04
1.544005607985310521e-04
1.505234248415995716e-04
1.470174540308868537e-04
1.428756397793335320e-04
1.384505134944123597e-04
1.346177997272821883e-04
1.317391343309922596e-04
1.283160640789809005e-04
1.254011197410697623e-04
1.224269178508916684e-04
1.194677669722605498e-04
1.163977310405496729e-04
1.138302285554038096e-04
1.113960844193363374e-04
1.090823549012626175e-04
1.063428314776857138e-04
1.033556026537663162e-04
1.010992388896034407e-04
9.899617850327536506e-05
9.661292399065506858e-05
