1.390319747022082941e+00
1.374732792595955155e+00
1.355455454538630145e+00
1.334639575314714000e+00
1.308354209225596643e+00
1.277292317611743000e+00
1.239257725640472207e+00
1.193601354965841743e+00
1.146251050537877569e+00
1.094402841640176094e+00
1.043839566014263864e+00
9.921284681016103724e-01
9.441481897963555081e-01
9.005685782021022323e-01
8.567516981920532126e-01
8.170725565097285426e-01
7.768541557452399715e-01
7.415294257792370836e-01
7.095307194227520320e-01
6.801135958257664704e-01
6.508605638738492738e-01
6.252897672938139140e-01
6.020755522722097686e-01
5.804387523323863984e-01
5.627033729586261579e-01
5.455804096867346020e-01
5.297919382448760262e-01
5.146060082334945607e-01
5.016050388238824098e-01
4.890530250083974240e-01
4.784326108887830276e-01
4.682713247622589114e-01
4.586735667311955256e-01
4.495140280773754493e-01
4.418379991682876429e-01
4.343706361967727414e-01
4.277054743197952202e-01
4.213029637535526950e-01
4.162211692935466889e-01
4.110481788182950291e-01
4.070029251466319997e-01
4.019230245898822718e-01
3.977488570296073278e-01
3.940549269356029005e-01
3.907119914917638881e-01
3.874898115124948972e-01
3.840370239731468738e-01
3.813542121606062762e-01
3.786591575797128018e-01
3.754695140008825760e-01
3.731254887262376863e-01
3.709373051459949888e-01
3.686201324161645920e-01
3.658572223587297501e-01
3.637737803386936752e-01
3.610536775837041579e-01
3.585881355645800794e-01
3.569226928397127296e-01
3.545528473451202700e-01
3.529181754677105376e-01
3.509811068712530568e-01
3.493080916156100502e-01
3.477458458477954983e-01
3.459934283868154603e-01
3.444146141462229860e-01
3.428807625004555160e-01
3.412162576792044377e-01
3.396642385987562185e-01
3.377947159961425805e-01
3.365259928320084581e-01
3.346865164858812691e-01
3.330797698826666320e-01
3.317430264148232832e-01
3.299476450308574393e-01
3.286498676291019216e-01
3.269345383388458925e-01
3.251391260209497980e-01
3.236271787728426941e-01
3.220272011768515741e-01
3.203675462357459258e-01
3.183163329394247398e-01
3.163466399793027350e-01
3.147986291675098913e-01
3.130161208574622211e-01
3.113564628961054126e-01
3.097579460663152928e-01
3.079246143344310238e-01
3.059286480307921163e-01
3.040179038294886227e-01
3.017588520390082629e-01
2.996026376537654912e-01
2.977413350451862950e-01
2.953233967110894809e-01
2.930679686416206020e-01
2.909307370351746913e-01
2.882511574337391913e-01
2.856352055735444373e-01
2.835002582285179873e-01
2.811474437823157091e-01
2.782720159677881666e-01
2.756666108930448389e-01
2.732134008886262233e-01
2.704928067396378810e-01
2.679105674288370098e-01
2.655198747193043274e-01
2.626601336416435339e-01
2.591549462850559760e-01
2.565390292899504820e-01
2.533544106239631888e-01
2.503435400904707175e-01
2.474788614506767681e-01
2.443899819794634887e-01
2.411768518608643497e-01
2.378187030671530811e-01
2.345756644045695893e-01
2.312986569933517533e-01
2.277506121048596677e-01
2.241159224985336540e-01
2.205908591998237134e-01
2.171688361032500791e-01
2.133381383665731157e-01
2.096854690133449217e-01
2.057372563795659415e-01
2.029080587436081773e-01
1.993459125248885078e-01
1.948237802637001748e-01
1.912836585466057560e-01
1.872321265342970220e-01
1.835915959433678246e-01
1.796587173379370350e-01
1.754643929715382633e-01
1.711862193370285723e-01
1.677372348883114372e-01
1.636269350245644072e-01
1.597286643849901711e-01
1.559181386006416870e-01
1.523369264683829272e-01
1.491771500982340959e-01
1.459185804049046298e-01
1.417330521864898774e-01
1.383167796496236057e-01
1.348161667131294594e-01
1.318588041482966489e-01
1.285443823566654042e-01
1.251245482774871187e-01
1.216965452251752566e-01
1.186305806943753205e-01
1.157202750815453790e-01
1.124894197314254829e-01
1.093288771484087624e-01
1.060062797249388122e-01
1.027165907577158033e-01
9.996969445754923245e-02
9.717380708964291902e-02
9.438976875929371013e-02
9.112056159121879884e-02
8.844219415250043070e-02
8.599817559078211382e-02
8.346044093194808500e-02
8.116078073280559579e-02
7.930523298073492711e-02
7.637559985745741298e-02
7.417549769224511536e-02
7.176789637386397913e-02
6.948538269678318502e-02
6.744537896824130685e-02
6.570849319904321917e-02
6.379213596862971791e-02
6.173422246680360798e-02
6.016185879672761999e-02
5.868757768217282289e-02
5.709857220810019701e-02
5.550373413737174494e-02
5.384244563373864062e-02
5.226527813193090899e-02
5.078383893410981509e-02
4.927345621644572266e-02
4.818137516661884917e-02
4.713463853117530467e-02
4.593807934661948977e-02
4.473995423407702010e-02
4.376072530456773940e-02
4.264384809945724608e-02
4.136975607513541237e-02
4.023390440895092957e-02
3.896433005841462571e-02
3.783961362809586809e-02
3.686639288138220810e-02
3.605535949657737854e-02
3.521325700698085814e-02
3.442084466264642290e-02
3.351356750981775157e-02
3.291248783057537652e-02
3.196441462632704927e-02
3.111222110675012503e-02
3.033381947622501920e-02
2.957443084823536267e-02
2.895515443450412396e-02
2.830203175272967206e-02
2.782557861777737798e-02
2.740119099469657746e-02
2.680265033189099810e-02
2.612294278302772568e-02
2.560829974391190533e-02
2.496458456769372336e-02
2.421957456676528120e-02
2.376826002742605040e-02
2.326993273642620486e-02
2.273863943163671048e-02
2.217241923486856087e-02
2.162782277035697059e-02
2.109773080478160451e-02
2.044754816395574423e-02
1.995568212037137842e-02
1.934311980584900101e-02
1.882213952829455209e-02
1.837192197549305378e-02
1.792193348227879776e-02
1.731433860731100213e-02
1.686232639678094530e-02
1.645362988531085674e-02
1.601058898530201280e-02
1.561638709522703006e-02
1.523967552472986660e-02
1.486806866057274398e-02
1.454223674871278973e-02
1.432656145171472273e-02
1.402847498678237888e-02
1.375497873252427665e-02
1.343132895160103688e-02
1.327584822737791492e-02
1.305873874162413045e-02
1.276293027596676032e-02
1.257118659193484471e-02
1.227007717081864124e-02
1.200060639229297114e-02
1.175561103513874349e-02
1.154718055391020827e-02
1.134631068192444928e-02
1.117296567165184176e-02
1.094589497158035551e-02
1.084185431222967760e-02
1.059231211984106198e-02
1.034649898189645735e-02
1.017489457583991945e-02
1.001685536199873640e-02
9.758708357380768694e-03
9.550822779160831819e-03
9.363679899705946649e-03
9.200408160083439757e-03
9.029863271955871837e-03
8.817352119768940080e-03
8.661279814236689384e-03
8.252803817167338532e-03
7.917939061055322830e-03
7.601014851102376631e-03
7.277907521252588094e-03
6.870257293630908056e-03
6.588394625891399493e-03
6.306040302128878075e-03
6.166036672325662764e-03
5.823123005584342378e-03
5.683874036676102477e-03
5.570153652880478409e-03
5.319509750209252402e-03
5.158736228149097408e-03
5.012510528718841681e-03
4.801007083600801126e-03
4.625874360257210653e-03
4.453125921533334503e-03
4.371778333342158339e-03
4.256951706817591573e-03
4.149503564064209969e-03
4.133632528380822534e-03
3.961353840196935386e-03
3.818865907674808859e-03
3.658475774987157356e-03
3.566948539567871626e-03
3.431085133978061235e-03
3.321020265022888666e-03
3.242985581038275097e-03
3.173295550257988068e-03
3.105677989755363001e-03
3.013432179299097187e-03
2.936721253813224554e-03
2.833253132822659975e-03
2.763094165146605385e-03
2.681918185455420267e-03
2.630431752996402125e-03
2.575069114900997713e-03
2.487347625816965085e-03
2.408658178352647908e-03
2.332258609723696693e-03
2.294158511720149896e-03
2.221956247340259576e-03
2.170284266157411403e-03
2.127335160929189409e-03
2.043451296487217104e-03
1.980876714785440810e-03
1.933454698810838437e-03
1.909549367023782212e-03
1.863467817511361068e-03
1.828757298091190486e-03
1.775034639730389526e-03
1.701747665415542961e-03
1.662800915400841802e-03
1.616925278902464885e-03
1.542895378222633842e-03
1.493851824807155334e-03
1.454246187386536810e-03
1.422164868492445779e-03
1.376723297693216701e-03
1.346218351126494787e-03
1.271189686502458872e-03
1.244231788186019429e-03
1.213644807210947441e-03
1.181229972422482167e-03
1.159992203970604827e-03
1.123956665358178232e-03
1.106111282267878025e-03
1.091214147189433024e-03
1.086406277309153552e-03
1.027730886883112659e-03
1.027195346558025611e-03
1.027128259279838900e-03
1.022359727933490857e-03
9.431635482219443041e-04
9.084678991404101719e-04
8.839868186895194057e-04
8.657666942240367820e-04
8.365778585207378146e-04
7.981496879237721508e-04
7.797798728781956974e-04
7.604639204493818206e-04
7.483247678248635586e-04
7.617241217844193278e-04
7.548259156843612188e-04
7.280652658379093735e-04
7.319994563391259883e-04
7.045428626453726197e-04
6.475282567383117876e-04
6.431675966881022924e-04
6.457902323477606420e-04
6.215294471091352023e-04
6.065958717109494382e-04
5.866637198566052773e-04
5.836864354351820874e-04
5.526279656094908914e-04
5.235810339188532543e-04
4.979924623311832643e-04
4.762035401805177963e-04
4.765090613515608905e-04
4.641052380890124565e-04
4.559280474736748150e-04
4.423920611768309102e-04
4.304846622765642851e-04
4.260661163890012027e-04
4.454936099962320049e-04
4.142037882703038807e-04
4.102298794146473507e-04
4.201089619489905527e-04
3.859910142154395060e-04
3.707407997053653961e-04
3.573965405994714429e-04
3.510735044121644126e-04
3.325685987510208145e-04
3.281636005664800328e-04
3.221519222293693272e-04
3.253309237728804868e-04
3.369918796788081219e-04
3.072175612417429500e-04
2.974472572179957634e-04
3.163684688367098289e-04
3.101151802235206992e-04
2.848840677600778817e-04
2.935510004580184113e-04
2.791280342718811380e-04
2.822180390596434733e-04
2.553828931596841944e-04
2.540980456857622671e-04
2.530202951507667421e-04
2.504077577384259496e-04
2.471393028341487149e-04
2.219460166879408435e-04
2.226856029790538402e-04
2.197343888827204801e-04
2.071474347505035288e-04
2.033525031110734326e-04
1.996079025126684420e-04
1.921154193234023350e-04
1.865594270651435983e-04
1.804574762968313994e-04
1.798114910883161883e-04
1.765770436087029391e-04
1.718400500578817574e-04
1.621675519680507280e-04
1.599258309442362408e-04
1.575896851518806228e-04
1.516430283416914863e-04
1.460729850133869571e-04
