1.387948045161818023e+00
1.371168903766674330e+00
1.352282892447880913e+00
1.328438259368111440e+00
1.301718509615303665e+00
1.268256615043184654e+00
1.229451103385319932e+00
1.186507831730343687e+00
1.138569771154121613e+00
1.087161696292156421e+00
1.037854302939529738e+00
9.871609843295081621e-01
9.377942712525410007e-01
8.918961557381609451e-01
8.481993532295256655e-01
8.087099681620324443e-01
7.721585122056039419e-01
7.371579498523095353e-01
7.006918545221060279e-01
6.711954149822957350e-01
6.436844219731255867e-01
6.190790589942075650e-01
5.976482136729380779e-01
5.792983787877212798e-01
5.607473011743493441e-01
5.440732460644398527e-01
5.285258563623226324e-01
5.135531492266092179e-01
4.991550489604986152e-01
4.872842799627320476e-01
4.766640086671877774e-01
4.652724889596978053e-01
4.568097709489351566e-01
4.486747785512203435e-01
4.403645403209029419e-01
4.335521202651499983e-01
4.266395987709074578e-01
4.205276769738868214e-01
4.159559440737977676e-01
4.102233662550978655e-01
4.048432344648840164e-01
4.002021438998634717e-01
3.955511978758511349e-01
3.916394523061513810e-01
3.875934107643940196e-01
3.841175534492465293e-01
3.812630747609750403e-01
3.781902676745776404e-01
3.753762953579642958e-01
3.728472648350034668e-01
3.704280653173200877e-01
3.676115507608523902e-01
3.652511001679948910e-01
3.631029882486143667e-01
3.613646226859928978e-01
3.595485300114494853e-01
3.577667361201165575e-01
3.560186848324515263e-01
3.544029471865903225e-01
3.530603278866035200e-01
3.516150131761363040e-01
3.500571211668780380e-01
3.483992872586970102e-01
3.473491321677092958e-01
3.459487268332634424e-01
3.444208656788993461e-01
3.430751350891974583e-01
3.420520559015953754e-01
3.411292013102527609e-01
3.396696146100601776e-01
3.385652468657097680e-01
3.373229454268541483e-01
3.358579330342158498e-01
3.344563214013231423e-01
3.331438484630646069e-01
3.319176944906778726e-01
3.304669268011161676e-01
3.286991787767856721e-01
3.271858115509777010e-01
3.257625011453073038e-01
3.240787684585868522e-01
3.226555361599505733e-01
3.210212852747831302e-01
3.190609645882139245e-01
3.172126819816131205e-01
3.154781126476839948e-01
3.136076893015180556e-01
3.116089101032913367e-01
3.101231204428827604e-01
3.081905270676973951e-01
3.053663593047574176e-01
3.033854774181183322e-01
3.011721632343200561e-01
2.987365802872081755e-01
2.965166045977093989e-01
2.941332272273307624e-01
2.916631569987666039e-01
2.893073343283840138e-01
2.868040460561607774e-01
2.844625038616943047e-01
2.815711220573458573e-01
2.790048990073359936e-01
2.756088100592745671e-01
2.720845566509841329e-01
2.693791406135365163e-01
2.663778533971315476e-01
2.633493362190840181e-01
2.603675507947197931e-01
2.568092134007380345e-01
2.527935693889072355e-01
2.490684873328014859e-01
2.454273855193198905e-01
2.420550169490262860e-01
2.379135028792389583e-01
2.341957974763946015e-01
2.300466116305447950e-01
2.259576657094041763e-01
2.222627214607981461e-01
2.178227693562168887e-01
2.140790864329330800e-01
2.096277443792338435e-01
2.060563924603544261e-01
2.020858558248428971e-01
1.980870336172322888e-01
1.940599053078905789e-01
1.894719861261650040e-01
1.851154850035183486e-01
1.805129560958385615e-01
1.760647002923849958e-01
1.717038980210837396e-01
1.667884380922499132e-01
1.636620104234846884e-01
1.592398265267058743e-01
1.560779481553708492e-01
1.526297919196836217e-01
1.482042850983766036e-01
1.445982959850905802e-01
1.404857752325737452e-01
1.369305962221138984e-01
1.334999169615797565e-01
1.300528621367320337e-01
1.271999858792833837e-01
1.238785720819636504e-01
1.211399036218898384e-01
1.178951985607627484e-01
1.148318726480858643e-01
1.117835097215656298e-01
1.089638739235883058e-01
1.058947922696052979e-01
1.031313717114079459e-01
1.004910666045702589e-01
9.711050897319535580e-02
9.444410048539104985e-02
9.170559271415690272e-02
8.856679629248648267e-02
8.577453999297787735e-02
8.322313307270687299e-02
8.072678944430006220e-02
7.819111891726594765e-02
7.581700610695984999e-02
7.311140693016401904e-02
7.073509714002143567e-02
6.813949068971068834e-02
6.579677286340482323e-02
6.332740155427497852e-02
6.142477307467374831e-02
5.930757834071734985e-02
5.754579144909687666e-02
5.522792846090136126e-02
5.328531787086901450e-02
5.136340714212504072e-02
4.989702087519620050e-02
4.839795020712268220e-02
4.685879881100397937e-02
4.573576475570360206e-02
4.452089788187692243e-02
4.330275585562415319e-02
4.213037358897252921e-02
4.105548893612553235e-02
3.966082232895667276e-02
3.850609043466612924e-02
3.735193162223133384e-02
3.586502486784221011e-02
3.469263591605931812e-02
3.356171273593608340e-02
3.257241138181922457e-02
3.153332209291748178e-02
3.044216183339152476e-02
2.946825979700755729e-02
2.865769407863456159e-02
2.774245425443602753e-02
2.689868820308490005e-02
2.626718824687179765e-02
2.545941277039043618e-02
2.482553510045383549e-02
2.393396137763676226e-02
2.336745398139421573e-02
2.277616189965496127e-02
2.224191583018128929e-02
2.173832725807268301e-02
2.127110234179745499e-02
2.087323570519436511e-02
2.033245843346274603e-02
1.987914371076325223e-02
1.951451889860111866e-02
1.897922839808077397e-02
1.856749391052280734e-02
1.807781464813874167e-02
1.776159143243074764e-02
1.739223877717892622e-02
1.688070789680372677e-02
1.647920068553601972e-02
1.608386722822869458e-02
1.569245303982062453e-02
1.523970079212681912e-02
1.482485862637475046e-02
1.437061968658153756e-02
1.406614340925759453e-02
1.360582710105053689e-02
1.321319689635190586e-02
1.294231177187190295e-02
1.265315680175932087e-02
1.229371819541570481e-02
1.207160770630454245e-02
1.185770998983818811e-02
1.164172028338557492e-02
1.142265532770272984e-02
1.121636889289518921e-02
1.103316530487843429e-02
1.067370847878396437e-02
1.049458277490644686e-02
1.035795625030390063e-02
1.016099213245289824e-02
9.949513169242214100e-03
9.804076679223798843e-03
9.630707831085896786e-03
9.427062176364867097e-03
9.201361454397326972e-03
9.019008773838484844e-03
8.885204164224511439e-03
8.685899692224380644e-03
8.522635515356227071e-03
8.351940416096206507e-03
8.155950452391340019e-03
8.036154212067016939e-03
7.891857636313486662e-03
7.821236389483303755e-03
7.681151786145298810e-03
7.555586179751075555e-03
7.457001055143450997e-03
7.354422650020127350e-03
7.233004365567340631e-03
7.087550472424699807e-03
6.984804618950367361e-03
6.884474996761605348e-03
6.802487501237635889e-03
6.675013827067623196e-03
6.549240371281986502e-03
6.436325783243236447e-03
6.340851223164024365e-03
6.243529386171886401e-03
6.134562728733535843e-03
6.060891411293768682e-03
5.965648168482879168e-03
5.800868947280714630e-03
5.637694408898287143e-03
5.464771585902690292e-03
5.289433407966239419e-03
4.984056884263646410e-03
4.773490401896124044e-03
4.571954384711788937e-03
4.377054035974657295e-03
4.185074789755719588e-03
4.035382914278704512e-03
3.933137233724839574e-03
3.749480504224340580e-03
3.501586884269883120e-03
3.357551145137524246e-03
3.254699114289008599e-03
3.169611022162472074e-03
3.054614947531094585e-03
2.941511012374815534e-03
2.844060109160338138e-03
2.778410349725045619e-03
2.682363875085844607e-03
2.601427996844038210e-03
2.511720073400669061e-03
2.448974258516325563e-03
2.414349166061212620e-03
2.368402831458946318e-03
2.315588569033837345e-03
2.239300848240605851e-03
2.160571624235902138e-03
2.113002791418714960e-03
2.085784336226593691e-03
1.991073851889546206e-03
1.934057851504459051e-03
1.887657131411795775e-03
1.822988380672346722e-03
1.756881560177428166e-03
1.696518033869258034e-03
1.661084218864697370e-03
1.595320125920532146e-03
1.546925594747031348e-03
1.508468866139163001e-03
1.470227286581989642e-03
1.444875803199921916e-03
1.407453857113237939e-03
1.384115500252998529e-03
1.346742941182190291e-03
1.297577924199569801e-03
1.263660166880161383e-03
1.232135727116350291e-03
1.213688263077318703e-03
1.178902050537966508e-03
1.173106741785323853e-03
1.138959685372026862e-03
1.109404584918414517e-03
1.069616228781376669e-03
1.032829234636156506e-03
1.008609801203474380e-03
9.858040453332292050e-04
9.511160216748760924e-04
9.425740053765070247e-04
9.140065825329571781e-04
8.715784315632660491e-04
8.526923433580349846e-04
8.426775302885442052e-04
8.469224522540336544e-04
8.712231201291693785e-04
8.154982438056329131e-04
7.659725481826022480e-04
7.454031384646897518e-04
7.112465489183620584e-04
7.069798497895324113e-04
6.827328104548405219e-04
6.759657005641924290e-04
6.704271936476929568e-04
6.839383090119971259e-04
6.844512454476815852e-04
6.921912153140779688e-04
6.747057713577415137e-04
6.980762610881309895e-04
6.855389080591545300e-04
6.741421722245735486e-04
6.602594683829903334e-04
6.385150946504900091e-04
6.363837718313135111e-04
6.204178305228933571e-04
6.136061586276120696e-04
6.001670109081208440e-04
5.858015239016110560e-04
5.751970933696727269e-04
5.882796333534092521e-04
5.634016108981319349e-04
5.539324641272907806e-04
5.846065102727747648e-04
6.035636055999026852e-04
6.007360379377451112e-04
6.030029451467673260e-04
5.902117923833860016e-04
5.836264502583272170e-04
5.481724925325229952e-04
5.289234871943881760e-04
5.179585823398040944e-04
5.136024316121406063e-04
5.103109610477923842e-04
5.136284004011665641e-04
4.634587544447477028e-04
4.462893741896122339e-04
4.535247617165270016e-04
4.345981228631883345e-04
4.373099904758333874e-04
4.289406541138298290e-04
4.140956590359012217e-04
4.168064128562369163e-04
3.890294737093458297e-04
4.029405340444955439e-04
3.825112609796309563e-04
3.587291864153308854e-04
3.510729499146684248e-04
3.379953133616020260e-04
3.474322862285278619e-04
3.272442687075889211e-04
3.117681504532279204e-04
2.947431002395324746e-04
2.905591049440159552e-04
2.811273484008148106e-04
2.472729691464251533e-04
2.376605795073254796e-04
2.232565849185519802e-04
2.192700566191691576e-04
1.987305008347586919e-04
1.999922258736023389e-04
1.925306187538206157e-04
2.008337543461045493e-04
1.933724596236682585e-04
1.900370493120973438e-04
1.799363650030097299e-04
1.719257332547512065e-04
