1.300969292402787687e+02
1.264756098143960656e+02
1.228148295762997009e+02
1.191825766847653654e+02
1.156730266648544472e+02
1.120553592789799779e+02
1.082968453137992242e+02
1.049953415471350553e+02
1.017084281821807963e+02
9.859697998613314951e+01
9.553742700399703836e+01
9.260547133872675829e+01
8.977607413392443902e+01
8.709481487540632827e+01
8.454030166389556200e+01
8.208629670830785585e+01
7.980498586016197748e+01
7.764553901299764505e+01
7.557307211397254321e+01
7.350313986955070789e+01
7.157713345207368150e+01
6.962925406819636009e+01
6.781231493025308055e+01
6.600635152515934578e+01
6.442291876657195360e+01
6.279085069677960718e+01
6.122919438523657476e+01
5.977299086308407539e+01
5.838096787372084862e+01
5.702595446085745579e+01
5.578849601604860453e+01
5.459555847170269516e+01
5.349511697150523304e+01
5.244858901133072493e+01
5.141219658821943739e+01
5.039174484630168394e+01
4.941856983225796540e+01
4.850513495736092295e+01
4.760787375640310159e+01
4.681378178030645643e+01
4.605455117236633100e+01
4.532138651973857435e+01
4.463227811746074991e+01
4.390612145607783390e+01
4.323076961478631830e+01
4.259302275626517087e+01
4.202881949005274720e+01
4.142905993605280202e+01
4.089995802605942998e+01
4.038992079377578648e+01
3.989375167485891183e+01
3.944075949934260450e+01
3.899612864478224594e+01
3.859766853588526203e+01
3.818920540705860134e+01
3.780807887611100426e+01
3.742647056027480801e+01
3.707445635007729834e+01
3.671086883731386763e+01
3.637883137932526267e+01
3.606528108185383985e+01
3.577550844515745609e+01
3.550597246911636518e+01
3.524426916189788273e+01
3.498380495283331726e+01
3.474846543583218761e+01
3.454819131015772626e+01
3.432135003824185304e+01
3.409807092823833585e+01
3.388902428423036639e+01
3.369987806555333520e+01
3.351043524770496873e+01
3.333517692048074821e+01
3.317565191957545068e+01
3.302701530501096983e+01
3.287080773935223732e+01
3.271325773815637916e+01
3.258039696682875785e+01
3.244521176810579277e+01
3.232380090236352288e+01
3.220088750587606086e+01
3.208884618942825995e+01
3.198069688972418589e+01
3.187160859142516145e+01
3.175679627107682990e+01
3.164819169311845926e+01
3.155232687542843806e+01
3.144217682697400207e+01
3.134488164384811881e+01
3.122257637666831087e+01
3.111213685702962550e+01
3.099543432624240680e+01
3.086654877163255861e+01
3.074203539555448472e+01
3.060082712456918230e+01
3.046551236391989192e+01
3.031825917405087978e+01
3.016393592871897056e+01
3.001403221308493841e+01
2.985121061887299732e+01
2.969779827981325226e+01
2.952808204505024392e+01
2.936317465636160762e+01
2.916924255738060268e+01
2.895993219387641204e+01
2.873073228237239718e+01
2.847809759609905100e+01
2.820111893239385026e+01
2.791762895870681049e+01
2.762693687263940490e+01
2.732040351081776564e+01
2.702223895123255559e+01
2.673385892808731157e+01
2.646273966441374625e+01
2.618813296078539921e+01
2.588225963496135407e+01
2.561007769482125340e+01
2.531477612854467196e+01
2.502658146822774299e+01
2.472373895774673613e+01
2.442661034081062255e+01
2.414323270692291246e+01
2.386602895770667487e+01
2.359035819783800747e+01
2.330903960898429261e+01
2.300865929768414020e+01
2.271340638634841014e+01
2.243762087667060001e+01
2.214559337267854389e+01
2.186210073518545727e+01
2.160749785258879641e+01
2.132039361023212365e+01
2.104102791464967126e+01
2.076101193481806462e+01
2.047977165550750200e+01
2.017894028219388147e+01
1.990153649894821797e+01
1.963222157037116133e+01
1.934440722939355695e+01
1.904342210440819017e+01
1.876875517293074225e+01
1.848191612093581071e+01
1.820203710903790650e+01
1.791128692331588468e+01
1.763311463599634976e+01
1.736057910125108350e+01
1.710240913203804070e+01
1.682111561888964957e+01
1.657053453615620953e+01
1.632281306849655067e+01
1.606634599707148325e+01
1.584090920057247764e+01
1.557449250958260301e+01
1.532062694652882406e+01
1.507447062464125409e+01
1.483864700246447654e+01
1.459822258161100805e+01
1.435295524160136083e+01
1.412347559996434043e+01
1.389614634072552413e+01
1.367500003093384819e+01
1.346422607322444875e+01
1.324710819116134175e+01
1.301633409220140081e+01
1.281082910646037476e+01
1.259868701779637945e+01
1.238644202207299649e+01
1.217942455081065489e+01
1.196694682401437859e+01
1.177760906447383604e+01
1.159054031666966722e+01
1.140530963908481432e+01
1.121236583379179663e+01
1.103371472692081667e+01
1.085524466015246681e+01
1.068097852566356210e+01
1.051436781698530076e+01
1.034772817773701981e+01
1.019075996773749715e+01
1.003338514905366452e+01
9.871938743808032157e+00
9.724063453271075019e+00
9.589201316265571151e+00
9.454896168829520775e+00
9.319253918058684860e+00
9.194116521766343197e+00
9.054447599830742988e+00
8.923970827452230026e+00
8.793275905159880779e+00
8.671919007843200689e+00
8.539917456689838815e+00
8.427868508675143033e+00
8.309381062451929978e+00
8.200992871252562821e+00
8.101209871749237124e+00
8.012662837930681903e+00
7.921181069970780086e+00
7.830344427120484063e+00
7.743716248280921199e+00
7.657527502883306525e+00
7.570231262679996576e+00
7.492191283761691523e+00
7.415291339808695703e+00
7.345466497305094045e+00
7.271315005254923136e+00
7.201660156261868728e+00
7.122142883218637976e+00
7.050816974494643397e+00
6.994958112164207265e+00
6.922510594513862081e+00
6.864023049095338003e+00
6.798541281708954997e+00
6.738809536815018042e+00
6.676171076204355792e+00
6.615056553292092190e+00
6.566108200836886510e+00
6.523004878581571298e+00
6.486847337897614807e+00
6.439263485112570962e+00
6.407671220798525802e+00
6.365085361992637303e+00
6.320486244914101270e+00
6.282726700189761537e+00
6.248510297999708918e+00
6.212497241240760637e+00
6.169812009793055552e+00
6.131982779153875462e+00
6.102823755915253834e+00
6.072032612785048578e+00
6.044316871058208918e+00
6.020423001125657869e+00
5.994147607978297820e+00
5.970431688068301490e+00
5.943037157714364582e+00
5.915684016909696474e+00
5.893328171247448566e+00
5.872132210940282704e+00
5.846976501170659368e+00
5.830180222767958220e+00
5.807809550077802641e+00
5.789133054023210434e+00
5.771263595697861071e+00
5.752340976826840979e+00
5.734415517906301218e+00
5.718949309684831839e+00
5.700908970627807548e+00
5.685001642718560788e+00
5.670674266396017238e+00
5.653238855701968824e+00
5.636317480099432231e+00
5.623198912792399362e+00
5.610010697701013349e+00
5.596606029336710364e+00
5.582166119520273639e+00
5.569707969664824176e+00
5.556323843778105953e+00
5.543649557699779074e+00
5.533614683890786701e+00
5.525811865391451860e+00
5.515721780553859865e+00
5.506008590093585120e+00
5.496119679021820303e+00
5.484737004725581677e+00
5.483487663006585855e+00
5.474993635039686168e+00
5.467877305303934676e+00
5.462000095466033045e+00
5.457542150286159632e+00
5.451396889140929680e+00
5.445536306554467743e+00
5.440802499225718236e+00
5.437244806211171344e+00
5.431912976295344642e+00
5.425721679878805048e+00
5.423121850963487312e+00
5.420000474877905816e+00
5.413971480693384741e+00
5.410180149958480733e+00
5.405323335805209517e+00
5.399816535764834668e+00
5.395814569085728429e+00
5.392488321040967314e+00
5.389038733620333588e+00
5.385101454757304396e+00
5.379951966031693900e+00
5.376537298992337455e+00
5.373026220506849526e+00
5.368894672049782102e+00
5.364469300480481984e+00
5.363218691685578854e+00
5.360839769472004690e+00
5.359156889390043865e+00
5.356567881086167660e+00
5.354530928723949756e+00
5.351571396950979498e+00
5.350109044920168699e+00
5.348719358251082134e+00
5.347464186257219865e+00
5.346714154626397431e+00
5.345256217453817627e+00
5.344509308997272612e+00
5.342431430301863848e+00
5.340736762628027101e+00
5.339456904519541247e+00
5.337635478583032445e+00
5.337245016279845267e+00
5.336328624428064771e+00
5.335022830778658687e+00
5.333559786519548318e+00
5.333002795044329503e+00
5.331710715662031141e+00
5.330888569153617418e+00
5.330645992234542163e+00
5.329963447091972562e+00
5.328777305460056013e+00
5.328069704159483777e+00
5.326981197506831300e+00
5.326410905239554516e+00
5.325919291328841787e+00
5.324543594287108661e+00
5.323989656370235579e+00
5.322810697658052703e+00
5.322043265617731223e+00
5.321562119946477765e+00
5.320987850261185592e+00
5.320865567158834075e+00
5.320293815720734898e+00
5.319286411392079472e+00
5.318570622667544434e+00
5.317837649285326762e+00
5.317964265432700621e+00
5.317438355710319975e+00
5.316957731014107402e+00
5.316319114762737108e+00
5.315975068655959923e+00
5.315680524227107462e+00
5.315396155367620779e+00
5.315414046374751678e+00
5.314737030386447181e+00
5.314410195981604801e+00
5.313995633740096203e+00
5.313461526216328501e+00
5.313011321905525719e+00
5.312920197321773230e+00
5.313457139897968418e+00
5.313114245515301981e+00
5.312487346028925472e+00
5.312275786901015096e+00
5.311930144686080268e+00
5.311436068096838881e+00
5.311123389732520295e+00
5.310735754818739274e+00
5.310390122445610928e+00
5.310128547346547379e+00
5.309968503567964682e+00
5.309611704619003447e+00
5.309329982345206922e+00
5.308889901859755511e+00
5.308681831302854981e+00
5.308292271694791786e+00
5.308005732727039572e+00
5.307861841305789419e+00
5.307523376326733988e+00
5.307074120601552814e+00
5.306803676686159044e+00
5.306524041473610787e+00
5.306436981461948754e+00
5.306358796776074804e+00
5.306169798749110988e+00
5.306115058042261801e+00
5.305941473559296462e+00
5.305766070202173168e+00
5.305581041317770641e+00
5.305426379576724472e+00
5.305355326429070040e+00
5.305328384453635415e+00
5.305218082560970494e+00
5.305165065270116997e+00
5.304992228901658002e+00
5.304928386902032500e+00
5.304977188346383876e+00
5.304944668471751612e+00
5.304844318580074436e+00
5.304800473384991832e+00
5.304709298538603512e+00
5.304601028328240098e+00
5.304549376527757154e+00
5.304462354333129070e+00
5.304426073574112444e+00
5.304471471907178604e+00
5.304351127729035831e+00
5.304275782385260207e+00
5.304175366017435778e+00
5.304078106221535194e+00
5.303997108768956359e+00
5.303933594858921019e+00
5.303868957595815559e+00
5.303847739692088226e+00
5.303797462441408150e+00
5.303751252058455989e+00
