<<<<<<< HEAD
1.296127579881143577e+00
1.260834573818872650e+00
1.224154745692982882e+00
1.187175037927643340e+00
1.149659710878232710e+00
1.113660694945529661e+00
1.078427410667833097e+00
1.044623771386607336e+00
1.011503979475207649e+00
9.796574627800623825e-01
9.491330386470947511e-01
9.199626525849736725e-01
8.919990897535338137e-01
8.652575346669107992e-01
8.398819152090002405e-01
8.152559985982075208e-01
7.920438354554468763e-01
7.690386441469739820e-01
7.479120256694137270e-01
7.277762317397662439e-01
7.082540111575226227e-01
6.894337420940657157e-01
6.715143248689664501e-01
6.547323330296000998e-01
6.387778686878097245e-01
6.229052879760524908e-01
6.077928701839280246e-01
5.936251708441212527e-01
5.800434512806211806e-01
5.670507170997310942e-01
5.550156279538058790e-01
5.430537883214939798e-01
5.316954021426264498e-01
5.209009634568522173e-01
5.107833241479071695e-01
5.011109076168996923e-01
4.918626680715929012e-01
4.826402932603545137e-01
4.742009844943716468e-01
4.661320683225749772e-01
4.582819638277448315e-01
4.506429685626532344e-01
4.434839104823153355e-01
4.365314040801131501e-01
4.300273465584253940e-01
4.238909004298022642e-01
4.180585626408476196e-01
4.120882503679861864e-01
4.068202041267156011e-01
4.016480197652644857e-01
3.967853351864707445e-01
3.921675239355257303e-01
3.879540987058506807e-01
3.836524405734535459e-01
3.795044620641451760e-01
3.757289593459299804e-01
3.721660853882602371e-01
3.686912495158597980e-01
3.654690790360921038e-01
3.623043345423598849e-01
3.593008166518278368e-01
3.563429090645162667e-01
3.536135235192083281e-01
3.509759835000916262e-01
3.485069406283171078e-01
3.462042716510295715e-01
3.439968042336781218e-01
3.417630703299296413e-01
3.397412818466821194e-01
3.377329872668244914e-01
3.358885216341031543e-01
3.341551537674901096e-01
3.323924195757873568e-01
3.308890291023927621e-01
3.292768730646267183e-01
3.277660535138638975e-01
3.263415429649482724e-01
3.249862804721044274e-01
3.237261983674799004e-01
3.224625579243343698e-01
3.212442314950275102e-01
3.201209133405454321e-01
3.190339326278705534e-01
3.179506287177153445e-01
3.168535245831199942e-01
3.157208263800149184e-01
3.147090545752991853e-01
3.136763188111901246e-01
3.126987141376244006e-01
3.115793860690747041e-01
3.105466140114389595e-01
3.093859180447015578e-01
3.081898624736764125e-01
3.070543552226764894e-01
3.056484097262899269e-01
3.043546710689681856e-01
3.029142730677107931e-01
3.014205447091235501e-01
2.999061303414874424e-01
2.982696188536683723e-01
2.966606525695291707e-01
2.949597817834386793e-01
2.932383501139472215e-01
2.912968005310518360e-01
2.891978833285416828e-01
2.869770614118543617e-01
2.845825366560892355e-01
2.819643992891945894e-01
2.792200944146779329e-01
2.764147347147582479e-01
2.734880967250412631e-01
2.705886949039392753e-01
2.676812738492875265e-01
2.647793046487098567e-01
2.618889612004503542e-01
2.590518094251549885e-01
2.561652226257778442e-01
2.533223941657841149e-01
2.504677399283554706e-01
2.476289255434855618e-01
2.446398652485431702e-01
2.417076114953084220e-01
2.388414573737656366e-01
2.359366875157856425e-01
2.330025525850971946e-01
2.301181252135402477e-01
2.272786429865097935e-01
2.245037376030107057e-01
2.216158639927743590e-01
2.187355615186994395e-01
2.158083796872613813e-01
2.128723387531005207e-01
2.099544035876597936e-01
2.070099338272437250e-01
2.041677914250293602e-01
2.012673486452426497e-01
1.984419191348333056e-01
1.956186061971659229e-01
1.927063998153347446e-01
1.899616362240017786e-01
1.871094596399386634e-01
1.842726342712827092e-01
1.815478794228354287e-01
1.787564855281296716e-01
1.760580975586856223e-01
1.733328880658914217e-01
1.707336457454516621e-01
1.681055697475883071e-01
1.655474922473105237e-01
1.630413400389043865e-01
1.604662569511905446e-01
1.579192503913225409e-01
1.554772590706795243e-01
1.530035466581204928e-01
1.505723216128041220e-01
1.481827692328244739e-01
1.458299376575833139e-01
1.435218620053370364e-01
1.413036177867606769e-01
1.390754955027747597e-01
1.368747540444438249e-01
1.346793086107413440e-01
1.325732589661978711e-01
1.305248049597303728e-01
1.284223940839431810e-01
1.264197014310649569e-01
1.244901813631002774e-01
1.225826155214778529e-01
1.207280322212565815e-01
1.188813662181172348e-01
1.170832784905064122e-01
1.153641982872633531e-01
1.136129858463595654e-01
1.119508257658908823e-01
1.103546919296569534e-01
1.086964287898972703e-01
1.071521731701678554e-01
1.055211904510352239e-01
1.039572806790517584e-01
1.024611071448571914e-01
1.009966864910853274e-01
9.950657753626272750e-02
9.807337084449387066e-02
9.669270645555393118e-02
9.538105138608669875e-02
9.404611984349151022e-02
9.280475209924478330e-02
9.165691766035806431e-02
9.047968532570965783e-02
8.928885391086209544e-02
8.809961092232304614e-02
8.704661204731400925e-02
8.599215492385699211e-02
8.501522107688715135e-02
8.402541555164563802e-02
8.307172081741015512e-02
8.215288647772028829e-02
8.126407520211427482e-02
8.037675328384497053e-02
7.949028793981580132e-02
7.861862985640809265e-02
7.782370568377612596e-02
7.703245719435145022e-02
7.625977984980165936e-02
7.549427105746611688e-02
7.476861415798802257e-02
7.410097740228313579e-02
7.345034874049628792e-02
7.284011703053992759e-02
7.217305548594797615e-02
7.154533662817867679e-02
7.093335239908311884e-02
7.036771585297546538e-02
6.979416781694623706e-02
6.925993803879480770e-02
6.874471414581777295e-02
6.822589570337396492e-02
6.771500068377467318e-02
6.723512386852661948e-02
6.676368989459875725e-02
6.630523071265478907e-02
6.586887402889680942e-02
6.545807435360713467e-02
6.503519142202573988e-02
6.462648843974592994e-02
6.424186103252058078e-02
6.387679287018316332e-02
6.350182825452865831e-02
6.316238622996288299e-02
6.283894473640415368e-02
6.247958466892401114e-02
6.216163710559612782e-02
6.185966636533774682e-02
6.156676096066704407e-02
6.127620056389311565e-02
6.100245716594573236e-02
6.072162815107153000e-02
6.045526447826241739e-02
6.019752182963256093e-02
5.994756800704841015e-02
5.970954465349210399e-02
5.946905612446033024e-02
5.924767502299060906e-02
5.905476069530073147e-02
5.884320764710281038e-02
5.863439857614807099e-02
5.843868008427872962e-02
5.824526104820092892e-02
5.806157271763821848e-02
5.788124898173570981e-02
5.770698301437200695e-02
5.756296986491678258e-02
5.740573966093322211e-02
5.724411223004705757e-02
5.710601857403748566e-02
5.695660447453154002e-02
5.681452918383232686e-02
5.668436608734377102e-02
5.653931645849902266e-02
5.641169415919585622e-02
5.629573688110324492e-02
5.620895034776708654e-02
5.610071486889537523e-02
5.600556906276643598e-02
5.591650230474397992e-02
5.581828464802658651e-02
5.573498501952710293e-02
5.563692839064426215e-02
5.555336743077424894e-02
5.547676827524306714e-02
5.540367968384094649e-02
5.531989348710145138e-02
5.524156134129095536e-02
5.516157876269491001e-02
5.508821074971013282e-02
5.501711022694224379e-02
5.495629018112459241e-02
5.488071465923041736e-02
5.483162625579387356e-02
5.476418278308795712e-02
5.470730290970481080e-02
5.464519644968263146e-02
5.458582961088658675e-02
5.452819841932795425e-02
5.447073591835110973e-02
5.441814635043330101e-02
5.437100439717029721e-02
5.432114066006537428e-02
5.427622863384243962e-02
5.423822056958796378e-02
5.418502240122127084e-02
5.414499153048075303e-02
5.410671433494638333e-02
5.406959342811208657e-02
5.403898872844454387e-02
5.399908588593366199e-02
5.396501059957052593e-02
5.393701961981072629e-02
5.391104576727431125e-02
5.388120414816410797e-02
5.384631445202438943e-02
5.381793750404392784e-02
5.378980625172567059e-02
5.376837633832810825e-02
5.374372719670076487e-02
5.372380883009180569e-02
5.370164137891458161e-02
5.367928209874858053e-02
5.365781952811685129e-02
5.364118379551580801e-02
5.362106188363462145e-02
5.359981728262532691e-02
5.357386081658441906e-02
5.354975240916590162e-02
5.353353484767897630e-02
5.351736220906923996e-02
5.350040405473232424e-02
5.348481206222804873e-02
5.347000745585803183e-02
5.345501407520347054e-02
5.343651621016956565e-02
5.342573485280030510e-02
5.341135807937852364e-02
5.340031116712397330e-02
5.338856373868267752e-02
5.337545728607124423e-02
5.336127130414838882e-02
5.334566655223094145e-02
5.333276746823274739e-02
5.331863552304319520e-02
5.330562846727931320e-02
5.329163822112008980e-02
5.327950808420202355e-02
5.326819893301944220e-02
5.325823941334352496e-02
5.324477776108690885e-02
5.323401857486283889e-02
5.323020768352464821e-02
5.321972271202750349e-02
5.321307605431531418e-02
5.320173667165740972e-02
5.319272695722886829e-02
5.318544505293003322e-02
5.317771551226671556e-02
5.316894020257771636e-02
5.316447931320204823e-02
5.315821959279997538e-02
5.315113468257699758e-02
5.314400642665023655e-02
5.313765450914181149e-02
5.313426650547747876e-02
5.313333192217114392e-02
5.312989887587109272e-02
5.312885017533037352e-02
5.312537413797472491e-02
5.312000734417341580e-02
5.311496409963638310e-02
5.311046028185151952e-02
5.310679025630504063e-02
5.310251438850373262e-02
5.310144525479855437e-02
5.309701636206898973e-02
5.309461957991845615e-02
5.309088379103352878e-02
5.308781963849117103e-02
5.308579409801340854e-02
5.308273879004178630e-02
5.308023948910603473e-02
5.307626842092775382e-02
5.307258048615344503e-02
5.306990452020316634e-02
5.306563829513475522e-02
5.306300751337744009e-02
5.305886252817719473e-02
5.305382694574730523e-02
5.305175346538495290e-02
5.304761371379432267e-02
5.304381825078158946e-02
5.304088938245481860e-02
5.304008098132747401e-02
5.303681871253985297e-02
5.303394879765619546e-02
5.303078637988677818e-02
5.302729306736795462e-02
5.302439376622374023e-02
5.302300904169242324e-02
5.302013291717459775e-02
5.301799994469287569e-02
5.301509762906352757e-02
5.301377022322578680e-02
5.301136244267062175e-02
5.300894796910231993e-02
5.300602444548991460e-02
5.300333129366113089e-02
5.299955526337946088e-02
5.299729655880543872e-02
5.299494118322769370e-02
5.299346459160201445e-02
5.299145806302081596e-02
5.298990835881479261e-02
=======
1.825637374085268938e+00
1.784140817265259304e+00
1.730066550742042075e+00
1.679146850978872729e+00
1.625314231315143854e+00
1.579071155254336611e+00
1.543717346746221297e+00
1.490974300569312572e+00
1.448436845948877894e+00
1.403947365359633270e+00
1.353227272560170613e+00
1.308265931313286279e+00
1.271534266172395844e+00
1.228732535650074453e+00
1.187112093895393627e+00
1.154269410074216573e+00
1.113398046052975321e+00
1.074893388969549113e+00
1.042381798055872277e+00
1.012577549730062421e+00
9.773224388789089057e-01
9.553741475727195454e-01
9.335127779318554975e-01
9.049506524812158670e-01
8.762087843155850209e-01
8.519265004605838243e-01
8.289880026862792572e-01
8.090316792856908634e-01
7.851332886332125227e-01
7.608781950286707119e-01
7.356743858230991862e-01
7.164263683079183931e-01
6.996704599741775388e-01
6.782611092741841485e-01
6.578908060870479746e-01
6.427347091005690682e-01
6.253767184667403667e-01
6.066743966883015871e-01
5.913977791994418087e-01
5.788765153969132049e-01
5.638640334903677331e-01
5.496721642918562800e-01
5.381382305841131419e-01
5.311318795542060434e-01
5.196690330256967805e-01
5.101670773344871845e-01
5.001901511524377009e-01
4.926270017349295149e-01
4.851695781364065985e-01
4.766921197124763254e-01
4.706402377021512429e-01
4.649321790527360387e-01
4.576054108226037531e-01
4.508030089223635239e-01
4.447751321659031976e-01
4.393397853325791136e-01
4.349777167963960745e-01
4.286206884535986306e-01
4.220440493317553221e-01
4.146883326095012201e-01
4.092185856037098834e-01
4.031434598556031257e-01
3.978442551461365828e-01
3.932557660461772908e-01
3.874286330212218243e-01
3.839159171705531781e-01
3.801574700660271255e-01
3.765025312271198521e-01
3.718603917512370294e-01
3.693485966463200265e-01
3.648165345710454033e-01
3.607505076057210269e-01
3.565323703370631425e-01
3.533098909347412997e-01
3.491676541740596496e-01
3.467378377094038067e-01
3.442188689822107683e-01
3.418825850305090563e-01
3.393872116623234958e-01
3.375332070827904429e-01
3.355824638953293082e-01
3.332879326376371187e-01
3.320992431310432202e-01
3.304560955724228921e-01
3.288575853030646368e-01
3.266879414687020589e-01
3.252864486463321603e-01
3.232921672863417473e-01
3.223709848099213238e-01
3.206459952769543098e-01
3.188169725304571545e-01
3.174516394422379761e-01
3.150404253142289890e-01
3.135668542600739128e-01
3.117612539103112312e-01
3.093386440650221503e-01
3.077741441664949007e-01
3.056478342597196418e-01
3.040183455465514384e-01
3.017756654133586514e-01
2.999735845185821370e-01
2.974059844713513034e-01
2.955487801692566752e-01
2.930235487336523281e-01
2.900055651095432285e-01
2.872088413244268668e-01
2.838904856362086671e-01
2.806652929407075225e-01
2.767978693516015554e-01
2.727075449861857126e-01
2.692650972805240572e-01
2.652342223111328612e-01
2.622390757195650068e-01
2.585345657487567173e-01
2.552753378017282859e-01
2.501687238991570084e-01
2.467776348215878490e-01
2.427065504190311918e-01
2.383368043818968607e-01
2.338849096719580190e-01
2.296874650178168664e-01
2.262397487806021013e-01
2.224821184637079674e-01
2.195045874558256838e-01
2.161767620408933943e-01
2.124511380327965548e-01
2.092757940728228738e-01
2.047131113555471504e-01
1.996346630918650888e-01
1.961867746402415902e-01
1.932237731786559665e-01
1.902038497675888618e-01
1.878898691945293797e-01
1.839711809847847102e-01
1.800502776355084600e-01
1.779552344541620867e-01
1.749368587952873644e-01
1.717853536875596221e-01
1.682068341574419479e-01
1.650196510139047834e-01
1.619030423607296654e-01
1.594797422270749498e-01
1.552895872465626104e-01
1.521913106072484423e-01
1.514094603408807360e-01
1.490418720991756873e-01
1.469329524502880346e-01
1.437189248136645503e-01
1.411002049980872586e-01
1.380730608186519215e-01
1.340953154043720286e-01
1.316703486436431592e-01
1.291035489974498851e-01
1.258754180997386229e-01
1.236026454909150141e-01
1.207648022159212992e-01
1.186814227401893074e-01
1.159900493735895599e-01
1.136424684402343177e-01
1.111136620686436899e-01
1.094146164732226478e-01
1.076600677004239393e-01
1.060258815621128309e-01
1.035501830281576052e-01
1.019891608366176317e-01
1.001291404452817613e-01
9.893617357940007184e-02
9.773138331686319347e-02
9.577567972574382860e-02
9.464053098959636368e-02
9.321420563805273007e-02
9.145478512885162059e-02
9.039408890210376413e-02
8.895476576779508260e-02
8.765419408023665537e-02
8.682433117719157156e-02
8.576544321054868636e-02
8.449881577093755480e-02
8.341981938962277077e-02
8.230252625582513970e-02
8.109937155566862566e-02
8.008906109054138300e-02
7.885563951951751749e-02
7.785632914965347207e-02
7.679338862359605389e-02
7.585332753990434163e-02
7.450180810191761593e-02
7.379303667560606350e-02
7.311233105978638680e-02
7.204381636316226079e-02
7.113889498738340533e-02
7.026749567404637353e-02
6.914169747649703823e-02
6.840709947472543850e-02
6.770723349007093383e-02
6.681259473544498562e-02
6.602000997621233769e-02
6.538267249527737746e-02
6.470531707457224946e-02
6.427004658191395881e-02
6.364841830438719428e-02
6.274050734761936476e-02
6.232949250052396972e-02
6.158462626941239859e-02
6.094964551517824403e-02
6.064896868588662976e-02
5.996004209195818224e-02
5.953811639398681049e-02
5.903560823012553305e-02
5.839584027243394093e-02
5.795548985831409233e-02
5.773384879518826673e-02
5.731659455343637161e-02
5.692044611300618728e-02
5.662095751686588990e-02
5.652053158533422439e-02
5.626365621657348354e-02
5.603969427349494992e-02
5.600344890689380739e-02
5.574662785118043862e-02
5.548996672192967744e-02
5.526376609854564276e-02
5.500726858307274092e-02
5.471509748782998894e-02
5.444891527070633286e-02
5.427948665379410398e-02
5.413973747695970812e-02
5.400354395439488364e-02
5.372820592302614967e-02
5.359499629667454496e-02
5.318171046394293972e-02
5.302225753639103895e-02
5.283721627597751103e-02
5.255780052510704292e-02
5.216452274232365183e-02
5.198105876300547490e-02
5.191300549083664728e-02
5.174332087299548383e-02
5.167963590262557999e-02
5.138958641303120051e-02
5.123417170232609508e-02
5.117411762250471952e-02
5.107455656966235907e-02
5.085863072533660517e-02
5.073823278716564633e-02
5.068059859300710207e-02
5.061077656554174159e-02
5.051398816734682662e-02
5.057337953235091499e-02
5.049243058599310607e-02
5.049330679537294281e-02
5.059262433372653522e-02
5.051160978293592341e-02
5.041759307427564479e-02
5.036248021324089136e-02
5.037062585136684034e-02
5.031715782890245486e-02
5.018858798688258238e-02
5.012581843735521708e-02
5.010132379305609618e-02
5.012120922503857101e-02
5.008730595277816056e-02
5.012461199605516143e-02
5.008695910063410556e-02
5.002776802401402712e-02
4.995337482978041976e-02
4.984560951864186462e-02
4.977106999424491668e-02
4.969438496868149729e-02
4.964445356780919361e-02
4.962145528349423684e-02
4.958367586574791847e-02
4.956894936413751979e-02
4.951599372560853973e-02
4.948819245139678830e-02
4.939567172894521879e-02
4.937301161200761956e-02
4.935012559922047348e-02
4.933383185955168143e-02
4.927811838256683508e-02
4.926242853334888983e-02
4.923755180928796743e-02
4.920404742820989885e-02
4.919376601372944108e-02
4.918237497860181162e-02
4.916355337443730628e-02
4.911551911430552669e-02
4.910811629171565190e-02
4.907375173928316126e-02
4.904653803191810074e-02
4.901680482131008654e-02
4.900533650250930157e-02
4.898328500716782330e-02
4.895835685570887330e-02
4.891508528620144847e-02
4.889181613330235293e-02
4.886788011225973866e-02
4.884299439127556819e-02
4.881034064708690556e-02
4.879342155201726872e-02
4.875503449238453857e-02
4.872439484755212991e-02
4.870195078605677602e-02
4.868252368076204928e-02
4.867563878433647101e-02
4.865414212060869409e-02
4.863814094807973609e-02
4.861411214634130118e-02
4.860122640520137677e-02
4.859558923345106557e-02
4.858840893504275810e-02
4.858516494527519158e-02
4.858153658099371303e-02
4.858725778520742167e-02
4.858676764265967146e-02
4.857721792009801060e-02
4.856522519789739645e-02
4.855420631727929565e-02
4.855098385128269606e-02
4.854881263721260581e-02
4.854408535774038663e-02
4.854467331281792086e-02
4.854873480392517954e-02
4.854922724418211932e-02
4.854532403645185623e-02
4.854670542819673751e-02
4.855624758604867863e-02
4.854069921691941264e-02
4.853364715107875288e-02
4.853026895154532311e-02
4.852577935978868995e-02
4.852340429374873976e-02
4.852560642885583170e-02
4.852499187380607260e-02
4.852572283069747638e-02
4.851656549135545393e-02
4.851153950060568820e-02
4.851446206462012301e-02
4.850810695287499641e-02
4.850263183546361934e-02
4.850513873098366568e-02
4.850195619866403546e-02
4.850509066671297720e-02
4.849993495500167645e-02
4.850244426151582161e-02
4.850422103799202633e-02
4.850671011349359796e-02
4.850749932052036972e-02
4.850396083703455152e-02
4.850276792836846762e-02
4.849944644299154090e-02
4.849561005425220839e-02
4.848965223194785790e-02
4.848804422293213900e-02
4.848681993134937307e-02
4.848648532349165291e-02
4.848697807952777328e-02
4.848621654458175334e-02
4.848499294317035885e-02
4.848729468224195760e-02
4.848838880296908044e-02
4.848730979771641997e-02
4.848761264264677545e-02
4.848568530845028673e-02
4.848594147489865974e-02
4.848509824042898653e-02
4.848261447136844454e-02
4.848236198744664688e-02
4.848512201150882717e-02
4.848275450426316885e-02
4.848346661764182247e-02
4.848132570093703630e-02
4.848050043204116949e-02
4.848100967480174078e-02
4.847916471902939672e-02
4.847942062100366045e-02
4.847911744557990149e-02
4.847795498833990663e-02
4.847683824267377817e-02
4.847751599116754267e-02
4.847714768589103662e-02
4.847854217788442194e-02
4.847964804396126537e-02
4.848066175305601466e-02
4.848183529929454838e-02
4.848231354224689232e-02
4.848193292440941549e-02
4.848197716123280737e-02
4.848147222165348491e-02
4.848128817706351401e-02
4.848183425043407074e-02
4.848147123473102449e-02
4.848145885803051280e-02
4.848185136071232054e-02
4.848069039010020898e-02
4.848101330500977080e-02
4.848115726425301225e-02
4.848120044635556569e-02
4.848130087072754363e-02
4.848170030709607337e-02
>>>>>>> 976084e4be020a599486974034e301be469f089f
