8.371185148651959507e-01
8.320769049333538447e-01
8.259013776749564162e-01
8.195615784749072930e-01
8.115876316708043881e-01
8.057684286858493028e-01
7.978115163746885008e-01
7.905519106366171167e-01
7.825494770693910418e-01
7.749300447600581121e-01
7.666792915097870864e-01
7.615928612113986862e-01
7.551025518960072791e-01
7.464118493267394294e-01
7.372603596114420954e-01
7.288838387612982528e-01
7.209737265013540508e-01
7.135139150808529340e-01
7.061512976242013684e-01
6.990480378727397248e-01
6.904246388034463999e-01
6.830595650295471222e-01
6.734976761705059323e-01
6.604832922588802502e-01
6.498747434089924280e-01
6.401150365255616759e-01
6.274775451214702482e-01
6.203527564553057427e-01
6.127538809332034875e-01
6.018649334748205071e-01
5.922126622081277381e-01
5.821510693074289922e-01
5.709904431407829550e-01
5.624834177274865565e-01
5.524606438887107451e-01
5.435559469458401960e-01
5.345111261081094689e-01
5.263098232841929569e-01
5.139412318435163662e-01
5.083629524608006545e-01
5.005966906457512966e-01
4.903192857836366492e-01
4.832206701357155687e-01
4.785525964331606152e-01
4.712976346086861779e-01
4.617464946528515024e-01
4.555073800911123016e-01
4.486654604424878956e-01
4.426398209967148389e-01
4.357799393594774529e-01
4.308452655564843914e-01
4.259300646594954554e-01
4.212617195690573912e-01
4.177301895328524584e-01
4.119487283622008666e-01
4.079094937441092861e-01
4.046220785927445163e-01
4.008805858103596242e-01
3.960417641673261713e-01
3.931555293305153409e-01
3.902018686819795912e-01
3.868925662205096594e-01
3.826917565231866547e-01
3.807655117030963043e-01
3.773450514352684748e-01
3.743522025856411695e-01
3.716250270185063043e-01
3.693257910021528478e-01
3.668109566063705862e-01
3.649688915403912493e-01
3.628763860868163826e-01
3.596752192870223963e-01
3.587202207771928442e-01
3.557787915758706121e-01
3.547926409480376408e-01
3.527281772537173010e-01
3.510179531926992946e-01
3.497703158801164225e-01
3.492175819717888152e-01
3.472851640195441236e-01
3.460301406000088065e-01
3.456511951901672375e-01
3.438090833167128935e-01
3.435487741549241303e-01
3.423782800425232420e-01
3.416942107116063276e-01
3.404645738695914470e-01
3.387579032690013481e-01
3.379042148155075309e-01
3.379510327635740774e-01
3.373475153200667931e-01
3.369073549627980557e-01
3.366940676701737911e-01
3.350567615302479374e-01
3.351994355820861471e-01
3.342043475407101005e-01
3.337487437704182991e-01
3.335005727823558974e-01
3.325678946240991918e-01
3.322391323295553200e-01
3.313012343759780820e-01
3.304990981498845404e-01
3.294493798697804565e-01
3.286737272766429019e-01
3.278595490311305150e-01
3.277381486818741751e-01
3.265669286417564599e-01
3.260261783358784915e-01
3.253021456570127090e-01
3.246590471712855752e-01
3.237314044744846742e-01
3.231743175653578048e-01
3.220255578071259950e-01
3.208545186399015536e-01
3.203398090447338586e-01
3.194544224903946850e-01
3.182714369892866713e-01
3.179623387978391391e-01
3.167781870173093650e-01
3.156592766179054932e-01
3.144850028764195060e-01
3.136211036662143736e-01
3.126834603335350571e-01
3.112647143399057681e-01
3.104696096666732519e-01
3.092573080453568379e-01
3.081656288648892961e-01
3.070982943149441202e-01
3.056527996986119766e-01
3.047875301223290645e-01
3.037759850118658123e-01
3.023811573642167239e-01
3.006947837981647775e-01
2.992551137565779840e-01
2.982111236741261107e-01
2.967925961487112296e-01
2.952892296645700521e-01
2.943408895616241860e-01
2.927999552992041066e-01
2.912970344544894563e-01
2.902465729016259210e-01
2.888986335901402303e-01
2.875502961254660095e-01
2.857546917609954384e-01
2.846007712690921121e-01
2.829640448174078893e-01
2.814264028618468361e-01
2.798117557580952486e-01
2.787196748705692562e-01
2.775525450202026012e-01
2.756254731898061250e-01
2.742055301183377591e-01
2.729667450984041288e-01
2.714927696535776036e-01
2.698850955603386281e-01
2.682236263555891065e-01
2.667140043240791569e-01
2.651124636950730196e-01
2.636100555225777686e-01
2.620173711487069346e-01
2.608152477460300434e-01
2.594623152576728820e-01
2.576513824077362180e-01
2.563472330156129630e-01
2.547942902643113294e-01
2.534928989643526198e-01
2.520991707262132953e-01
2.504993782266956015e-01
2.488964404324807422e-01
2.473361668400707036e-01
2.456721652449211368e-01
2.441169423604057087e-01
2.427018782428009280e-01
2.411631261602072973e-01
2.394599122600059582e-01
2.381027809904141812e-01
2.364888121515984487e-01
2.349278926503133580e-01
2.336158840992448027e-01
2.321759940186855220e-01
2.305370117911778316e-01
2.291109258767815016e-01
2.275163449989811293e-01
2.261129579597862260e-01
2.244591618495263285e-01
2.228842687750391960e-01
2.213440619712193358e-01
2.199543355628271746e-01
2.183519971554223893e-01
2.168300203812491556e-01
2.155211068214394066e-01
2.141611392792031610e-01
2.126938768766594989e-01
2.109683678748122959e-01
2.094801475964135629e-01
2.080954345448077503e-01
2.066677963297541554e-01
2.052442676505724650e-01
2.037219883034710743e-01
2.023281745102040174e-01
2.010038111912100800e-01
1.994479113092462175e-01
1.980399894883435319e-01
1.965574407006642210e-01
1.951937487533852988e-01
1.936950940668707155e-01
1.922590661015267377e-01
1.907352651691303358e-01
1.894460804430999346e-01
1.881084141916381236e-01
1.866877036203239137e-01
1.853220415655173481e-01
1.838790239821623818e-01
1.826418908766440641e-01
1.811587742542691837e-01
1.798278015872456226e-01
1.785128822985543040e-01
1.772663126133949552e-01
1.759038341998971355e-01
1.744226119162197164e-01
1.730394115600762395e-01
1.716475931946969125e-01
1.704422581867277575e-01
1.692207252165707498e-01
1.678279446662482022e-01
1.664271306465997247e-01
1.652041661914057935e-01
1.638896466625859860e-01
1.624896753647690206e-01
1.613711781158953251e-01
1.601424301268547512e-01
1.587960652649695326e-01
1.576061558307313148e-01
1.563450879393579462e-01
1.551362936171239715e-01
1.540001210981632451e-01
1.528799723114606657e-01
1.516802809598838675e-01
1.505722456892990280e-01
1.494022102946222508e-01
1.481684129845622366e-01
1.469712688455503957e-01
1.459218115915538183e-01
1.448171404245059968e-01
1.436450505743349093e-01
1.425705633562559527e-01
1.414595370600357782e-01
1.404442353925386411e-01
1.393033665637213314e-01
1.382529054645379174e-01
1.372148724672806464e-01
1.361488096412174220e-01
1.350715966887113817e-01
1.341795068144642777e-01
1.331575647900637704e-01
1.321283670667899868e-01
1.311047765410473798e-01
1.301029026377557019e-01
1.290265077919478809e-01
1.280532504985273934e-01
1.271653484110452648e-01
1.262040681590229918e-01
1.252674828421252995e-01
1.241840662543038792e-01
1.233239172925841981e-01
1.224338507042231211e-01
1.214061019021521609e-01
1.203770931855110971e-01
1.194715345540895007e-01
1.185518874937421530e-01
1.176450134272821885e-01
1.167574149263261168e-01
1.158414949447231501e-01
1.149290257906485507e-01
1.141045417802556139e-01
1.131387269001436352e-01
1.121764425172284835e-01
1.113850381414255575e-01
1.105483857181729784e-01
1.097684313066469297e-01
1.089406908901625337e-01
1.079646642481128238e-01
1.071402792927920039e-01
1.063413939795748442e-01
1.054334632297454222e-01
1.046530649469364221e-01
1.038075566692509139e-01
1.030072789656467508e-01
1.022612348844455371e-01
1.014878236184277999e-01
1.007954527492566227e-01
9.993842189112984997e-02
9.922548759479288272e-02
9.853347952914788543e-02
9.780474374304153062e-02
9.711323797022554383e-02
9.635527003539541557e-02
9.566336278627481093e-02
9.489600011410931346e-02
9.423768358632278463e-02
9.345821849603028197e-02
9.278419980863512884e-02
9.201710595548931448e-02
9.121013688976829792e-02
9.051774818393110156e-02
8.988178087490499013e-02
8.918017060608332547e-02
8.842421236909338289e-02
8.772081724218692977e-02
8.708336107621054978e-02
8.649733505268354661e-02
8.588370529510482021e-02
8.522173415510601868e-02
8.460910187661871418e-02
8.395514262560657692e-02
8.330685454405525880e-02
8.268201361697752327e-02
8.206399682076730151e-02
8.140348363275246024e-02
8.080003515501579803e-02
8.017453570348831438e-02
7.955122395958591497e-02
7.894513837010366797e-02
7.832481173986649559e-02
7.766580636848066654e-02
7.709164796775697104e-02
7.649874330595290983e-02
7.592544169612754079e-02
7.536547681031810497e-02
7.484063822559518242e-02
7.417514209396063041e-02
7.366782510033025033e-02
7.310816418781539150e-02
7.258109774547316650e-02
7.199307442082776565e-02
7.145693623097762459e-02
7.088421728435177760e-02
7.032080507269780623e-02
6.983127406228399614e-02
6.933416208080186993e-02
6.877241071095462066e-02
6.821658506470290595e-02
6.777391945143955432e-02
6.726510532862088609e-02
6.678903304839332866e-02
6.627314423662261644e-02
6.580917969935996814e-02
6.528922620516111608e-02
6.484616062829327843e-02
6.440403921523518704e-02
6.394390658221651980e-02
6.352105776706087892e-02
6.303709474502934562e-02
6.258680722104068006e-02
6.213255658624412814e-02
6.161068089184015828e-02
6.114381529064961268e-02
6.068885567315271401e-02
6.023575591700938703e-02
5.981779675492420595e-02
5.938928348091814663e-02
5.899738012963747641e-02
5.854608115157017290e-02
5.816686260542888037e-02
5.776618485303867262e-02
5.734169129232800227e-02
5.697180079842251860e-02
5.657231046061394347e-02
5.616390208097644249e-02
5.576720109782142693e-02
5.537850474296012598e-02
5.496039109642530257e-02
5.455285604280030870e-02
5.418823503802338432e-02
5.381658391466442176e-02
5.339796917206238863e-02
5.302987008783661277e-02
5.267696242924942845e-02
5.233207385412189105e-02
5.192308159248108790e-02
5.151994597290306122e-02
5.114339397855049985e-02
5.079950850968568271e-02
5.046968924723819333e-02
5.011392922997875282e-02
4.978979897801314586e-02
4.948492132657186793e-02
4.908559815126598697e-02
4.872471404136942408e-02
4.836289231150221746e-02
4.804981051411066906e-02
4.773806971292903628e-02
4.739827987962010047e-02
4.707174863588539648e-02
4.674962573448987468e-02
4.639952598967402031e-02
4.608062654843394362e-02
4.576262306741259861e-02
4.540681514944427954e-02
