8.282353940164709494e-01
8.075600656074877204e-01
7.757133352461000886e-01
7.321865699647354120e-01
6.812877474340878203e-01
6.308572793758407959e-01
5.885146506248871701e-01
5.512373219236765820e-01
5.254237230303373529e-01
5.065234375691123336e-01
4.863397440497048696e-01
4.748856197066526619e-01
4.613979158905477385e-01
4.500491184320462579e-01
4.435448647242863363e-01
4.365775070038205863e-01
4.314224956727812921e-01
4.243696010802077145e-01
4.210248250423189176e-01
4.119216092690887177e-01
4.080092702758641998e-01
4.032353180756107491e-01
3.973343469591562038e-01
3.939183869961875861e-01
3.900000358760970509e-01
3.862737242438546992e-01
3.829545747417062995e-01
3.796287853430508341e-01
3.749582144770756131e-01
3.725058836742886625e-01
3.699503995321564709e-01
3.662668507703933929e-01
3.624520992280473308e-01
3.592591081175532386e-01
3.566267202301444672e-01
3.537654776729140527e-01
3.501529143353669382e-01
3.457312626291066393e-01
3.432089241927889223e-01
3.393956001643820830e-01
3.365791873306404614e-01
3.341211232067037296e-01
3.313492469529220052e-01
3.285034110435720023e-01
3.253731824085970281e-01
3.211455680007642699e-01
3.178658668447818525e-01
3.145965810248279038e-01
3.105114535744664672e-01
3.083141412518516922e-01
3.050582519251860969e-01
3.007206863680511599e-01
2.972329584976020067e-01
2.936099493121455128e-01
2.886415661801180477e-01
2.850531936450462767e-01
2.823270601909206867e-01
2.781879071744642329e-01
2.735129363844877037e-01
2.691810878406633578e-01
2.644845130810428713e-01
2.602988272728421482e-01
2.554780747681433262e-01
2.503392796324963032e-01
2.463024172550739022e-01
2.428352777658314976e-01
2.383842516301140912e-01
2.352880233203664129e-01
2.305880717919572831e-01
2.274258579226228483e-01
2.227304696615096391e-01
2.174573537563443959e-01
2.126525180073342292e-01
2.081819501019005481e-01
2.040782080541629628e-01
2.009125264722307347e-01
1.960312632488369899e-01
1.909455407306573371e-01
1.850140315107731137e-01
1.794326332688372105e-01
1.762237949030131257e-01
1.708572655780064287e-01
1.673790375878263237e-01
1.628067938228049960e-01
1.587232900117598322e-01
1.558135419853823866e-01
1.525318887755159614e-01
1.492436794391867050e-01
1.450808484150936106e-01
1.408005685148042696e-01
1.370039085339413709e-01
1.333920392328401539e-01
1.293057872725429935e-01
1.262030711288974483e-01
1.225390185390412695e-01
1.188327786522861140e-01
1.151283579521107658e-01
1.120752960038031293e-01
1.091445417283000013e-01
1.062416426642413120e-01
1.031543873944833073e-01
1.005244587648248533e-01
9.798590425732202347e-02
9.496410370632890618e-02
9.248736581915215083e-02
8.981958019747354749e-02
8.761598978924023395e-02
8.513097681880661682e-02
8.269283409969561960e-02
8.069353094465211984e-02
7.781535180073201330e-02
7.392816405966907978e-02
7.098692709625974151e-02
6.862711166790420869e-02
6.646440370304777800e-02
6.492654801539819720e-02
6.234778086622545790e-02
6.106385921893599938e-02
5.987332193431228744e-02
5.830802706122113072e-02
5.632205101058939539e-02
5.431254095979243246e-02
5.238714290392465500e-02
5.083965976397822328e-02
4.917024472215923703e-02
4.779022980422339972e-02
4.647087502332034742e-02
4.517439764970387212e-02
4.419529549168060845e-02
4.291765244078922514e-02
4.195107009140876947e-02
4.057947821343967781e-02
3.973471734989189597e-02
3.866629567814534874e-02
3.754870153727396520e-02
3.646437548651664667e-02
3.542209173479844708e-02
3.438374943978312476e-02
3.359407734480186758e-02
3.243984289495269874e-02
3.155946559311550298e-02
3.093612861086132010e-02
3.005098934621532394e-02
2.928029276402895759e-02
2.851128824792984254e-02
2.784197776619387610e-02
2.719520136009184047e-02
2.672705062373343168e-02
2.592362508711008526e-02
2.523210919821645970e-02
2.458266788710132891e-02
2.406880085008155853e-02
2.317885038789617436e-02
2.224588601792171563e-02
2.121701864477988295e-02
2.013461537349500383e-02
1.950861842326662501e-02
1.875113915652512619e-02
1.824118412012716919e-02
1.780444433880749161e-02
1.735362824494643408e-02
1.698134371345514163e-02
1.665937124528852828e-02
1.627855869974818154e-02
1.587713068808639660e-02
1.540125630979072117e-02
1.511255858726448173e-02
1.481649159726447680e-02
1.440849556538182676e-02
1.409092315476763793e-02
1.370856316225575570e-02
1.341882047891674277e-02
1.299960695508690922e-02
1.264362547680204091e-02
1.229774431053495994e-02
1.203174504978242118e-02
1.174433565264053174e-02
1.147566421690850505e-02
1.119944616948034474e-02
1.088059406330261700e-02
1.067253038373929680e-02
1.041281567165108606e-02
1.021691064180688634e-02
9.918347212839252400e-03
9.707892420627873761e-03
9.457953114118794122e-03
9.246522608171752616e-03
9.061114400089116672e-03
8.830595522135623043e-03
8.606826792586950645e-03
8.392721129360432644e-03
8.213200186678622575e-03
8.011605283944223804e-03
7.839503666237916668e-03
7.697535621193332157e-03
7.566718023408112309e-03
7.396896030287437515e-03
7.248745480038792585e-03
7.049854133026294337e-03
6.925145952148607960e-03
6.767762835847686287e-03
6.551203145132033362e-03
6.417789475763277865e-03
6.244872403569523556e-03
6.082525375016265522e-03
5.988465999038294039e-03
5.850155641927379420e-03
5.722922174475845308e-03
5.595034343407614442e-03
5.460794104741364605e-03
5.324603655028281417e-03
5.239797860610203792e-03
5.139166456340545780e-03
5.045322353458766250e-03
4.929155626096480385e-03
4.805988378725320823e-03
4.701316008111301216e-03
4.559917064059188646e-03
4.453697108903257457e-03
4.374652934215125973e-03
4.264426210607906963e-03
4.144242063807726702e-03
4.044144269111696853e-03
3.947775863658479524e-03
3.850674716787903015e-03
3.717548869091062778e-03
3.642705393936965935e-03
3.569341441410869408e-03
3.492125440725157761e-03
3.414972304881738405e-03
3.325071172056988204e-03
3.237379677102023186e-03
3.148555042163130990e-03
3.063584780768143119e-03
2.995245584690293256e-03
2.917797806142873127e-03
2.848810098667363139e-03
2.779575295121849976e-03
2.717804202207923462e-03
2.653512032477767235e-03
2.575313386225547285e-03
2.504411801543129836e-03
2.462388003375342357e-03
2.399231456338247939e-03
2.351041283014354468e-03
2.291156204635689392e-03
2.235771043218498337e-03
2.193492054611585231e-03
2.138440059421197696e-03
2.088974839511506705e-03
2.048363272993845938e-03
2.006885076062657827e-03
1.960714109533552487e-03
1.914702044259255229e-03
1.881265643942916154e-03
1.835087628692894839e-03
1.801902756519751549e-03
1.757848530952430032e-03
1.713474381400070801e-03
1.671368741489482994e-03
1.632559563688485435e-03
1.593378220242601178e-03
1.558619944418261931e-03
1.518987007938656965e-03
1.471147484446479366e-03
1.438228013207283953e-03
1.412156517856907227e-03
1.380156861938905454e-03
1.348004711888215563e-03
1.320489217791469315e-03
1.284189551316412478e-03
1.247454038501271453e-03
1.215478205626886483e-03
1.188232178252869066e-03
1.160057309631011948e-03
1.130723547034912955e-03
1.103634322166269178e-03
1.075736314967558425e-03
1.043701280693846815e-03
1.016848077450927066e-03
9.905503848786556195e-04
9.674443216091384388e-04
9.396367813006215172e-04
9.226299317623806902e-04
8.983773864351237088e-04
8.712686842422883923e-04
8.547830019269858247e-04
8.336813517559439959e-04
8.168851309741995267e-04
7.936110946035992075e-04
7.732190237237974604e-04
7.549300442756554184e-04
7.332550968977603629e-04
7.132701613739756037e-04
6.960939086603144766e-04
6.727281700066621095e-04
6.593824560853298999e-04
6.425779353591996781e-04
6.279858820867107068e-04
6.121760746541330019e-04
6.006746844295346834e-04
5.852467586817867605e-04
5.672306766246156592e-04
5.545701620409218026e-04
5.374678815424884437e-04
5.231388263523627626e-04
5.075041008017791263e-04
4.955622070959895100e-04
4.841296963464133377e-04
4.754475405237239142e-04
4.626159212519344809e-04
4.489462949408776367e-04
4.382395238561056193e-04
4.291660821697857093e-04
4.174309762238540260e-04
4.050906331441245711e-04
3.963640615610484292e-04
3.889587915902019280e-04
3.777439503900621048e-04
3.678937260793096824e-04
3.593580084680525369e-04
3.500801274427868559e-04
3.418775821879512563e-04
3.316334641787254734e-04
3.240358006503352259e-04
3.166048130929757136e-04
3.099258008419844817e-04
3.020422341848223919e-04
2.930498798804762376e-04
2.861249801957360065e-04
2.800392553968911289e-04
2.730529084140934331e-04
2.665206011981845679e-04
2.590116034101493927e-04
2.535607272670743675e-04
2.476694253838718478e-04
2.398431123088702664e-04
2.352159878268477355e-04
2.282119641162085001e-04
2.229910186145716016e-04
2.178230744401962672e-04
2.115793804968263360e-04
2.077894877403681120e-04
2.023562489582699322e-04
1.970528468421788157e-04
1.914990294214737520e-04
1.875670066877631380e-04
1.825636837572313428e-04
1.777871037464670892e-04
1.737093434963586896e-04
1.693953932736307294e-04
1.667941387198045261e-04
1.629240073566277317e-04
1.595606624321001374e-04
1.556497595385304591e-04
1.509387387401678717e-04
1.474394185574868154e-04
1.450091220839560158e-04
1.426298536840595792e-04
1.387451778730684749e-04
1.355416685396809262e-04
1.324088645053834415e-04
1.288291063537108411e-04
1.252779321137829146e-04
1.229450681910464335e-04
1.202867810020781070e-04
1.176100488174649703e-04
1.152116707457566581e-04
1.121981919495476860e-04
1.088985886833541115e-04
1.068523713552422107e-04
1.045508863749369560e-04
1.015541802682717561e-04
9.901441244789288044e-05
9.640511825228851824e-05
9.457185865999344940e-05
9.223816068786135287e-05
9.009774168184384513e-05
8.795634950458936906e-05
8.604487153720799455e-05
8.357662829246673304e-05
8.145766470143804561e-05
7.972507144759514097e-05
7.830877490031806234e-05
7.659374612725137652e-05
7.518598233479604608e-05
7.292655343851968917e-05
7.152992532063407924e-05
6.998486259331575851e-05
6.802386954206643876e-05
6.666490561082539547e-05
6.475995418058394558e-05
6.337931215284567669e-05
6.179360509427113944e-05
6.029394621046227777e-05
5.874943314746871453e-05
5.731438458456752780e-05
5.610309606828719716e-05
5.457482678070976854e-05
