1.390469263107828146e+00
1.374695885196050460e+00
1.355945094115516447e+00
1.335357386655787737e+00
1.308421766926521013e+00
1.282869732775248739e+00
1.253237065552939455e+00
1.219474539207058283e+00
1.182106440733223796e+00
1.137576886778216112e+00
1.097069019320272787e+00
1.050503339058844077e+00
1.008463577805042810e+00
9.651242799811853290e-01
9.297257303894024272e-01
8.952557335982498365e-01
8.626511768513437373e-01
8.319252410248051399e-01
8.013239071422955107e-01
7.791834310291522181e-01
7.556488401073820915e-01
7.335167529589450286e-01
7.134840489035407796e-01
6.928337631745156155e-01
6.777061242791376783e-01
6.582747733254843414e-01
6.437374213956785773e-01
6.286016482654560589e-01
6.159247945659337420e-01
6.029444257528052686e-01
5.898527265633585204e-01
5.804110508437503313e-01
5.704647248281564664e-01
5.609439081908345059e-01
5.519856727497964854e-01
5.435804520862278499e-01
5.372334430255538695e-01
5.294991966033448794e-01
5.236199465064984571e-01
5.161578100352660625e-01
5.113687047009171094e-01
5.058658389095069818e-01
5.009888571358860343e-01
4.966267963726896939e-01
4.917514061805497438e-01
4.866638450889931855e-01
4.829050550976086709e-01
4.798237394305512882e-01
4.772579021366346042e-01
4.729464845609622770e-01
4.697325189111182797e-01
4.671338493319143192e-01
4.636307108071489602e-01
4.598090337264484906e-01
4.574518533424680733e-01
4.535190130221644078e-01
4.504209734943442345e-01
4.481430639206798738e-01
4.462088956800642769e-01
4.442443874784474667e-01
4.418701182965164564e-01
4.394782310736420894e-01
4.376788034353165657e-01
4.356181167891932660e-01
4.328671664487519499e-01
4.306661947543093949e-01
4.296539745512434338e-01
4.280300650814173324e-01
4.259757801965787238e-01
4.237443560086824879e-01
4.223209896229028204e-01
4.206637272994317445e-01
4.189424953880426794e-01
4.175351940289084851e-01
4.166949794219192982e-01
4.143411503817455155e-01
4.130772489793219648e-01
4.117194340994893564e-01
4.106515545294632807e-01
4.097540200991696691e-01
4.084637468547684391e-01
4.063333239644292827e-01
4.052835252489702111e-01
4.042603471418263483e-01
4.034870339036452647e-01
4.018179781390799898e-01
4.004175314228235472e-01
3.999539577497632781e-01
3.982248573284014048e-01
3.972869175045334322e-01
3.964234241287915572e-01
3.952387845414003231e-01
3.940824094415361079e-01
3.931459094064456150e-01
3.918651175943485554e-01
3.900897239238158010e-01
3.890414693245519140e-01
3.876760879867383047e-01
3.864487429569768984e-01
3.851695538870385516e-01
3.838584572034289266e-01
3.826064128413323995e-01
3.807939534359334188e-01
3.787658510528407185e-01
3.774505082281505164e-01
3.760006493934468508e-01
3.745696551061359902e-01
3.735374637809362186e-01
3.718325511528273730e-01
3.702012643942722558e-01
3.675453446888134468e-01
3.662333415435961581e-01
3.653604474362585064e-01
3.636947215212297246e-01
3.617905985874799724e-01
3.604717111911946437e-01
3.586082991143545451e-01
3.569529037364331248e-01
3.555548650723781567e-01
3.539445165672182037e-01
3.529305942505958638e-01
3.516184184421992098e-01
3.499320360369188032e-01
3.488525763229828880e-01
3.464180743361301440e-01
3.451285542624989988e-01
3.428644425622797698e-01
3.411732878298529559e-01
3.396542360095285429e-01
3.379971636271945079e-01
3.364451747101257495e-01
3.355439370827941192e-01
3.338127953842870421e-01
3.324690437634829077e-01
3.302748709474719324e-01
3.277727457236271347e-01
3.259371199309115119e-01
3.240286675863260357e-01
3.219045925885093973e-01
3.197803702614358534e-01
3.176433257512237818e-01
3.154616809602419081e-01
3.135681601093912585e-01
3.115505644621643366e-01
3.100348122317048150e-01
3.081803285122975411e-01
3.058124506500276563e-01
3.041808196792822883e-01
3.024206734728145385e-01
3.001278791457905326e-01
2.978726355838303697e-01
2.959853869680361682e-01
2.942659349499768262e-01
2.931085136589050011e-01
2.910851982077759526e-01
2.891223977078519192e-01
2.871902077407246234e-01
2.859307501780281036e-01
2.839588440866100405e-01
2.818034610140396912e-01
2.797617432275514293e-01
2.776671264487677870e-01
2.765685948434717378e-01
2.751104223233051260e-01
2.732965566046993700e-01
2.710042786783347646e-01
2.690728901505434201e-01
2.678972601534875819e-01
2.649274795486272205e-01
2.628843833159160703e-01
2.608259091644055672e-01
2.581355658916819062e-01
2.560597444299198555e-01
2.544923077987975568e-01
2.515146756906422310e-01
2.496115798617721260e-01
2.483949536362539123e-01
2.446397461575885446e-01
2.421395238557038365e-01
2.405254904577530384e-01
2.377553599454532429e-01
2.357166022002992467e-01
2.328763588883444591e-01
2.311957942313784264e-01
2.295899146616065534e-01
2.272742788930899316e-01
2.247594876186634616e-01
2.233275552129570796e-01
2.218738086909167184e-01
2.197918086159375006e-01
2.177956107263855079e-01
2.152019191545944954e-01
2.128127443215717118e-01
2.111906577915395600e-01
2.095049967404643554e-01
2.074856193419378492e-01
2.065277249146439120e-01
2.037308265973501176e-01
2.011448428429721269e-01
1.981547198882851746e-01
1.963945464982427003e-01
1.947144340257319362e-01
1.918628588012542546e-01
1.891742866406365686e-01
1.870265524741517860e-01
1.845410219550734920e-01
1.823089869657047446e-01
1.797105179871828773e-01
1.771799041066187685e-01
1.752432581163407832e-01
1.727149983360607433e-01
1.704025681651590018e-01
1.681564347702580176e-01
1.653263820603053658e-01
1.629706391292644330e-01
1.593587878730978180e-01
1.572227266398124046e-01
1.542223013980727475e-01
1.509849104074625636e-01
1.489598181399702514e-01
1.450119270869507093e-01
1.426493276120103515e-01
1.394264729949883097e-01
1.372103663409051932e-01
1.355376489123003014e-01
1.331210232529969339e-01
1.312010945975028708e-01
1.287356386937519581e-01
1.262442928152179011e-01
1.242972556715140203e-01
1.221555169757562037e-01
1.208685045062469349e-01
1.182008054158482230e-01
1.155605932148764670e-01
1.122481034088859825e-01
1.096788062302282846e-01
1.076909810202667656e-01
1.054839867657944019e-01
1.013569060241374942e-01
9.923303010426232085e-02
9.770529005054907901e-02
9.534826998031269152e-02
9.437055068192252982e-02
9.251533412697345027e-02
8.964290004194525041e-02
8.767907398136913499e-02
8.609338717344186542e-02
8.406376959049001452e-02
8.244268469242467534e-02
8.009026443056115052e-02
7.892062066029068013e-02
7.687127032605839405e-02
7.505357009743619801e-02
7.304254669223797514e-02
7.037157328081140861e-02
6.881232346334895111e-02
6.820753728073075672e-02
6.675493602836447826e-02
6.572741244799674976e-02
6.308495003393647937e-02
6.118734727100100940e-02
5.994809561123876779e-02
5.906585524994559244e-02
5.851275727144301941e-02
5.636735108757556789e-02
5.524276474875904064e-02
5.370265709855039787e-02
5.295774750446084755e-02
5.175449167385948873e-02
4.956100062629592573e-02
4.777591731043632356e-02
4.720712103980706509e-02
4.669596506463109808e-02
4.467909153816881918e-02
4.328583185024602320e-02
4.195091110147113056e-02
4.134144418579456526e-02
4.045452774691681713e-02
3.976718091939553112e-02
3.869914916434026575e-02
3.783669559623289297e-02
3.685394943877463164e-02
3.650740736853667900e-02
3.603336919857662995e-02
3.529740908392633297e-02
3.502454186657086299e-02
3.380410066447438883e-02
3.332869790424262263e-02
3.258965761577474474e-02
3.190677977497292928e-02
3.126761813756284702e-02
3.122738980092953573e-02
3.068768805436426425e-02
2.976214418746057216e-02
2.959675845376561268e-02
2.946666569759524498e-02
2.900231648096785256e-02
2.899292661073003471e-02
2.865538909987917424e-02
2.852292322169849501e-02
2.805212564757211813e-02
2.787283373292539709e-02
2.710499680565235658e-02
2.629706895502991262e-02
2.567401544642404498e-02
2.534691073668024486e-02
2.472449924123698919e-02
2.434870242019524650e-02
2.390532584499337546e-02
2.353398950739422901e-02
2.282835704006690516e-02
2.230537820696056744e-02
2.206060311192683740e-02
2.122588657154158426e-02
2.066032042916874506e-02
2.045393212010294948e-02
2.028031505304245599e-02
1.971707891694961245e-02
1.929021729151249656e-02
1.889147030381878312e-02
1.862468572664946129e-02
1.839634557694907330e-02
1.749032703592992219e-02
1.711306136389946497e-02
1.650358987046171566e-02
1.666767872651320898e-02
1.624914157124174308e-02
1.569579007864349909e-02
1.515516658667102196e-02
1.520320668046828971e-02
1.510807545013674244e-02
1.484495806518606846e-02
1.481211399444093760e-02
1.436589814561298022e-02
1.419245183936381632e-02
1.367070567737495128e-02
1.342488424546958888e-02
1.335608141605361919e-02
1.304457529053924293e-02
1.297451970684456932e-02
1.277050974514652194e-02
1.256249627934795214e-02
1.224836500557093845e-02
1.225063290612482883e-02
1.218638964494965678e-02
1.207440363645223211e-02
1.190733124864324158e-02
1.184390034381936629e-02
1.163609781946360958e-02
1.158743158721753201e-02
1.134812266741294477e-02
1.115699584992844301e-02
1.098638747737756653e-02
1.081556606805470291e-02
1.074382916981936158e-02
1.069380564116262713e-02
1.062604319879439062e-02
1.055236947792211055e-02
1.051137577376238218e-02
1.050025832574593213e-02
1.036162111123489250e-02
1.023372691858573727e-02
1.015435890718839260e-02
1.011587391047896224e-02
9.947822113362498470e-03
9.810936539617192212e-03
9.738116015618993732e-03
9.740877062709140180e-03
9.618940852790214616e-03
9.500526436429230018e-03
9.397414514344136494e-03
9.300833921868789309e-03
9.187672888746665698e-03
9.005358287633918185e-03
8.788166889476456065e-03
8.503253423675550052e-03
8.438611304637296667e-03
8.339467218428639472e-03
8.395857291837515585e-03
8.285670987757920783e-03
7.907073417007580082e-03
7.183563403802305410e-03
6.363039575174796701e-03
6.335229156001607846e-03
6.090825647692229942e-03
5.901582896414337559e-03
6.053888454345946607e-03
5.816425569667122569e-03
5.663043085156612214e-03
5.301587776088546693e-03
5.229101901970294348e-03
4.912768729605808578e-03
4.838381506288614436e-03
4.168403845785304852e-03
3.944639848402031572e-03
3.481170999984220006e-03
3.248000546729176274e-03
2.899247445493032850e-03
2.900432664097611201e-03
2.768664305902529110e-03
