1.388766942907049611e+02
1.371910370776451771e+02
1.352326164304832332e+02
1.329239471263864800e+02
1.301359275550302641e+02
1.269090222203458183e+02
1.232643181694050156e+02
1.194136581233227048e+02
1.156098250412335489e+02
1.119383410000922794e+02
1.082274332546316629e+02
1.046992807125831888e+02
1.013546070318307812e+02
9.822779918206414607e+01
9.523887156489843164e+01
9.248128852251805654e+01
8.982689044077933715e+01
8.739284625729906963e+01
8.499146231171339139e+01
8.277076903057290735e+01
8.066226881441191665e+01
7.874322839307610877e+01
7.675314596066425565e+01
7.502609981565429109e+01
7.330123883041588329e+01
7.172370852454299950e+01
7.016179147296251983e+01
6.865143310844285907e+01
6.725108464524375051e+01
6.592585634429529762e+01
6.464189697008715996e+01
6.342017258843175398e+01
6.231160363118300438e+01
6.118429883338878739e+01
6.019056072156644177e+01
5.909413256861960662e+01
5.808287725470604101e+01
5.712670274163117057e+01
5.620662249888942341e+01
5.527288754400447601e+01
5.440653171173275382e+01
5.353356143228601383e+01
5.267243140273389912e+01
5.186560882513227000e+01
5.116775283409093333e+01
5.040294780947746744e+01
4.971700534925619763e+01
4.904672261946083012e+01
4.835102891739680331e+01
4.771380514805525053e+01
4.703885399233202946e+01
4.639616715426988947e+01
4.578029426322349593e+01
4.514078586649530678e+01
4.452683596303084101e+01
4.389706692817281919e+01
4.334722065932771073e+01
4.276536239328568456e+01
4.225247192420123810e+01
4.175129537700912152e+01
4.124118051249228500e+01
4.067889649372941818e+01
4.019294185774582218e+01
3.963220632645054309e+01
3.914821303042113243e+01
3.860452459085154686e+01
3.810119655603174493e+01
3.764478057241687026e+01
3.710420710893417606e+01
3.661112787049444250e+01
3.615857659096948851e+01
3.571382927546814301e+01
3.524749000543422994e+01
3.478414969432871828e+01
3.437581036249004285e+01
3.397056410592308850e+01
3.357831563550733023e+01
3.315215229634269889e+01
3.275979539473271274e+01
3.239361511137344962e+01
3.197311062833185957e+01
3.157587738303928049e+01
3.115385871117380034e+01
3.074171114922367209e+01
3.035028552156103743e+01
2.999691591768082333e+01
2.958507434150825688e+01
2.920480668351922660e+01
2.888421768165362380e+01
2.856081607015773471e+01
2.820862744343900985e+01
2.785895004232768812e+01
2.749426457330819318e+01
2.715322560456276335e+01
2.676466888413293432e+01
2.638715812218427104e+01
2.605499947223012924e+01
2.576568636981312821e+01
2.544417650390716190e+01
2.512718142053737225e+01
2.482343125597007827e+01
2.447771292684817013e+01
2.414876767341118935e+01
2.376172898312232817e+01
2.344319627479987034e+01
2.313637129712209628e+01
2.282139767122991003e+01
2.251591078057447604e+01
2.222188381842661187e+01
2.189038235899108642e+01
2.159065146257895762e+01
2.123865024780068822e+01
2.093719462824398647e+01
2.057527385983292945e+01
2.029999499334248725e+01
1.998028829432577069e+01
1.969578925509945222e+01
1.933498959919821303e+01
1.909463688372703061e+01
1.881826543908150384e+01
1.853433430202928278e+01
1.819997011775591034e+01
1.788503826444159728e+01
1.758970679349498667e+01
1.734427527684584902e+01
1.712548701680534435e+01
1.683118082963898487e+01
1.657240578414516463e+01
1.633694276603063855e+01
1.608868412433448825e+01
1.583847993946223021e+01
1.560247477954734485e+01
1.533292969461585642e+01
1.511031497425286041e+01
1.489903826855477398e+01
1.465224999177786813e+01
1.441631100652947417e+01
1.420625941724344266e+01
1.398729809855820250e+01
1.376931597983997868e+01
1.352494416560116264e+01
1.334169641082408120e+01
1.311472706581509762e+01
1.290852273069453382e+01
1.265895748442881441e+01
1.245139323373932072e+01
1.225842087443969675e+01
1.208053246961592464e+01
1.186121443629958705e+01
1.165664695805691231e+01
1.147584542093576054e+01
1.128267363113641508e+01
1.109223177822467399e+01
1.092268286593406224e+01
1.072733065321451740e+01
1.055136400619681503e+01
1.034365607150424360e+01
1.013913486766378114e+01
9.976357541779313109e+00
9.797267421021041756e+00
9.645686091015887698e+00
9.489145761531229795e+00
9.328076975088782419e+00
9.162528104057029665e+00
9.024323545029426796e+00
8.879707519158017703e+00
8.732317568992479906e+00
8.568353098987325112e+00
8.416031750416616219e+00
8.271818561946414405e+00
8.137969783958919123e+00
8.017480675818687175e+00
7.927936737583594962e+00
7.755047466902401432e+00
7.599250922254743301e+00
7.470828882563543161e+00
7.364008724203948475e+00
7.207814760670582466e+00
7.116688104237127277e+00
7.011901885572643600e+00
6.873927938514166058e+00
6.769251439489273992e+00
6.643417111052782431e+00
6.519945387734499498e+00
6.424209678399881440e+00
6.308632145440879135e+00
6.206838620322833400e+00
6.109980043388225646e+00
6.019476706601460059e+00
5.892145015473912117e+00
5.778197998438784566e+00
5.680255553214677455e+00
5.588485705679442361e+00
5.492270680004743610e+00
5.404746977526952101e+00
5.293468982030027803e+00
5.205266232876301302e+00
5.117377451057724791e+00
5.053245772663315094e+00
4.962356633557730490e+00
4.871970352663224091e+00
4.775429437651009579e+00
4.701970113735716161e+00
4.619468390321896045e+00
4.523505033020735588e+00
4.455946863171582173e+00
4.383626934772973271e+00
4.319927127666665534e+00
4.257564899530252411e+00
4.189161819370354145e+00
4.104899936868788402e+00
4.018618838618556843e+00
3.960029365007746271e+00
3.904924546140529973e+00
3.853199426928000104e+00
3.796501194619058772e+00
3.745579433304344175e+00
3.689425578117862425e+00
3.596918549474860782e+00
3.543485140644071052e+00
3.510119766434957711e+00
3.451798068347852411e+00
3.393866803464770765e+00
3.329569050330220659e+00
3.265854096144070073e+00
3.212442877912967454e+00
3.145807273711692886e+00
3.101634480667295968e+00
3.048283274032705048e+00
2.998050990877809241e+00
2.939997327867773791e+00
2.891420949010881536e+00
2.848099691649913279e+00
2.817747556676379439e+00
2.769915512649902656e+00
2.727176083227893066e+00
2.681465769768291540e+00
2.633250716972588279e+00
2.592051930590130393e+00
2.548624764027694667e+00
2.521075822294297719e+00
2.484280649513691763e+00
2.431386512148021595e+00
2.405659637860065647e+00
2.362363251210531256e+00
2.310980010739971835e+00
2.253603065627851620e+00
2.229196059254066498e+00
2.185155695918942431e+00
2.147212178992760290e+00
2.117232589367712858e+00
2.097515826342066791e+00
2.066803087411547502e+00
2.029806709444413215e+00
1.993460585200055313e+00
1.968385509532350808e+00
1.936263689295696588e+00
1.916677488696620024e+00
1.885587153738338184e+00
1.863737162107748091e+00
1.828979031348970219e+00
1.801943569937364265e+00
1.783211603480836738e+00
1.762073877495041518e+00
1.733967504605873788e+00
1.715211433141393682e+00
1.678160593354668828e+00
1.648297791382524968e+00
1.605407912595273823e+00
1.584439249696516283e+00
1.551999838426222578e+00
1.529366249310970982e+00
1.507059137644340296e+00
1.493697397367717450e+00
1.468469266966156761e+00
1.449617156351003189e+00
1.423448489309750320e+00
1.392094477157142185e+00
1.367767367204651530e+00
1.343620734241713022e+00
1.319298910204062869e+00
1.302932312393418668e+00
1.283374417182057137e+00
1.256151635880270900e+00
1.228326526334814872e+00
1.206822425031602641e+00
1.188574197011376343e+00
1.172769040961187503e+00
1.159514551730167931e+00
1.149956626043097563e+00
1.124383631678298689e+00
1.115685386651221744e+00
1.089168680066294526e+00
1.070865284298215592e+00
1.039043724181531125e+00
1.010423519475674103e+00
9.946429238419003394e-01
9.829942986202367949e-01
9.679957470266579156e-01
9.484450101648603804e-01
9.389767693494339706e-01
9.232713175196378685e-01
9.087145189309827620e-01
8.915534561323844587e-01
8.739176998493026760e-01
8.686911970169250985e-01
8.616862543253314133e-01
8.480105640728289318e-01
8.414149852034210619e-01
8.246080283930355970e-01
8.153621948174113454e-01
7.917168989367764365e-01
7.764496146601882476e-01
7.552726426241279656e-01
7.391688338235945510e-01
7.310741351397147536e-01
7.205960404300301159e-01
7.121052942689318765e-01
7.049076779272734905e-01
6.913587370201429438e-01
6.765382900414399492e-01
6.659596191264369747e-01
6.617209017886891420e-01
6.480008884307583150e-01
6.368877630018328073e-01
6.367060950265448493e-01
6.317270226317730497e-01
6.211061800281730827e-01
6.110058047371021983e-01
5.987406691915047041e-01
5.874574594771939662e-01
5.726806224706277870e-01
5.627419540064108050e-01
5.511271082069715277e-01
5.402842991550820262e-01
5.290081568538527179e-01
5.216846482908943372e-01
5.152404810589604756e-01
5.025034084222542718e-01
4.966480345534797225e-01
4.894357402653889411e-01
4.810612509870670905e-01
4.710936717507119842e-01
4.648121814256238604e-01
4.622511971976330791e-01
4.544647241928750914e-01
4.490471105178945321e-01
4.480676727266835191e-01
4.346804531373681946e-01
4.296301261931478321e-01
4.261768334306593742e-01
4.205725935557744211e-01
4.175088096125671444e-01
4.135016095994505370e-01
4.099123671229324417e-01
4.012921025068539316e-01
3.960393940953547687e-01
3.907753299772817046e-01
3.899044773589956936e-01
3.832240656345034524e-01
3.801695027159762152e-01
3.717809218361372015e-01
3.644660523185830336e-01
3.593722618107658140e-01
3.540967196594831390e-01
3.430349334596484723e-01
3.358679514551340950e-01
3.344540528770112986e-01
3.308200506074445713e-01
3.267836614219541413e-01
3.247309211912416949e-01
3.250851231523699258e-01
3.156363343219301676e-01
3.095983731246414461e-01
3.041241120117553765e-01
2.976763369319642694e-01
2.922671765091407470e-01
2.878501780881234651e-01
2.876901228825868850e-01
2.794373429696054290e-01
2.771118829562358443e-01
2.698838596156336034e-01
2.674163748714423749e-01
2.664862190282650811e-01
2.636327230107379238e-01
2.601147278174459343e-01
2.503894884816092459e-01
2.433227637949985089e-01
2.341115646843513753e-01
2.290198341316500852e-01
2.253038255304023740e-01
2.216353909886460416e-01
2.208913940373200546e-01
2.197043478917961590e-01
2.128053433764198754e-01
2.074278844521895149e-01
2.079767431368806374e-01
2.043083016069646984e-01
2.006776728583131997e-01
2.004959324957332756e-01
