9.831216052028252106e-01
9.542855728618204747e-01
9.060950605365699628e-01
8.593179558233590143e-01
8.242425836651338100e-01
7.974304548324734343e-01
7.736006809605669998e-01
7.509460354185709674e-01
7.264926786507202028e-01
7.026999112431596695e-01
6.808277543264419363e-01
6.603201443312473051e-01
6.434439232508688544e-01
6.291209144454616986e-01
6.174450875173440600e-01
6.085340888513220969e-01
6.003545843495072809e-01
5.950171933999456320e-01
5.886043916813883392e-01
5.845747013443363116e-01
5.812614317818499687e-01
5.791186165339442526e-01
5.769584798706420825e-01
5.741942068164628266e-01
5.714710485371785609e-01
5.696709542262724524e-01
5.679120921130798028e-01
5.659035153614013769e-01
5.640358220424435132e-01
5.624622107359447121e-01
5.620370378536131417e-01
5.612996228420801259e-01
5.568435520927498272e-01
5.537723318757751256e-01
5.498082277456597389e-01
5.417689534321401545e-01
5.340141958102335717e-01
5.225566229642903959e-01
5.142272655168527162e-01
4.995368204313638261e-01
4.897883481457335764e-01
4.764577866982318000e-01
4.558525623746356725e-01
4.458254125062586226e-01
4.329973125260545563e-01
4.217158222705073567e-01
4.081467716968160686e-01
3.966679035524021124e-01
3.858858550907477425e-01
3.788781601953858380e-01
3.692911799010968332e-01
3.570913068090445508e-01
3.498169637841504476e-01
3.400193211834196538e-01
3.347010395834131846e-01
3.270864354565120591e-01
3.203272990136772358e-01
3.161990726033394039e-01
3.091763855375524450e-01
3.059876877766341541e-01
3.054644112334422568e-01
3.005863533385282338e-01
2.997836858940480798e-01
2.923494151131366126e-01
2.908879745623169644e-01
2.890960715830480088e-01
2.876918541370366289e-01
2.870763803925129309e-01
2.859150862898731105e-01
2.840039423783947692e-01
2.819460354258078727e-01
2.792004752245680899e-01
2.768051190172103881e-01
2.732549912441220030e-01
2.718524359852492189e-01
2.665660223091545489e-01
2.657125498956314225e-01
2.684966330243643284e-01
2.657001399760192673e-01
2.627207489013271835e-01
2.576169990030989232e-01
2.553107543771352406e-01
2.512558743822359553e-01
2.477056384259798405e-01
2.459000858507706111e-01
2.451385477386910927e-01
2.438662164887574479e-01
2.388178981817604962e-01
2.379376185282151279e-01
2.329448746417953631e-01
2.320011953901082169e-01
2.288025911837735515e-01
2.261366695144859662e-01
2.216651880999388480e-01
2.206545748191321987e-01
2.154074665881761663e-01
2.126344617289442906e-01
2.100275943729474626e-01
2.072254298414988039e-01
2.079228807231116583e-01
2.034337294091430604e-01
1.991421261132613751e-01
1.977611059053503706e-01
1.979091719681811690e-01
1.944656092473860953e-01
1.913279167249729018e-01
1.901702244846918410e-01
1.887182106493113243e-01
1.869998799938604739e-01
1.847134932187097789e-01
1.818975832686142435e-01
1.803305264947532849e-01
1.780575262929147418e-01
1.776008184096259102e-01
1.759755922160161634e-01
1.756394533393732249e-01
1.729439241207025579e-01
1.690725011349596962e-01
1.688142136241218283e-01
1.694380405344576290e-01
1.671995115654852648e-01
1.676270146203676648e-01
1.658780814081308452e-01
1.641130142627703903e-01
1.621395145781283631e-01
1.616694908910088213e-01
1.619513826923019428e-01
1.598252113040904976e-01
1.573199632820000693e-01
1.577921242131594126e-01
1.568517737958491920e-01
1.538755196651470925e-01
1.535745918113834430e-01
1.526513400141047416e-01
1.531729979495557170e-01
1.511315927115347846e-01
1.516162390507712066e-01
1.519965780697259405e-01
1.498734382825328282e-01
1.485977682866846394e-01
1.472091805511333562e-01
1.480693021311106083e-01
1.469945489887435619e-01
1.445912779777017987e-01
1.458290767938075494e-01
1.444988740307970865e-01
1.441771534029107071e-01
1.422056360600394143e-01
1.427810167881014558e-01
1.419543211356778523e-01
1.428846947069225271e-01
1.421016116595849033e-01
1.404699794984866079e-01
1.397718412287758394e-01
1.396915578034539640e-01
1.400907304169798362e-01
1.385772115058712117e-01
1.382772234452712135e-01
1.388237810835774577e-01
1.385430681499889571e-01
1.388121812804315180e-01
1.383037025701545075e-01
1.379086334745283360e-01
1.370693329695476248e-01
1.372685766758773018e-01
1.362152452282711645e-01
1.364291139050208268e-01
1.350949291383805595e-01
1.356499490351422699e-01
1.343986223703656779e-01
1.333950148558894766e-01
1.331270051769200269e-01
1.336004591178135137e-01
1.330542560239350303e-01
1.328848455840605514e-01
1.322352925985229855e-01
1.311084552484233223e-01
1.313347749244527796e-01
1.323560131678216678e-01
1.319617940715484550e-01
1.305877129233262435e-01
1.305757683816732573e-01
1.297976936111796542e-01
1.304489199985584824e-01
1.302440347321855152e-01
1.298124020854095895e-01
1.298816402771491574e-01
1.295552516518289343e-01
1.288076445422347838e-01
1.291390462683776330e-01
1.309219814839969465e-01
1.293525041126961372e-01
1.294780271271205596e-01
1.291897954348665833e-01
1.292974849648996227e-01
1.284141000925151932e-01
1.279154451203789733e-01
1.278681349004769929e-01
1.271201414155891107e-01
1.264814325500002168e-01
1.261351019579875221e-01
1.256315207475378892e-01
1.263357056380058074e-01
1.256281739684651233e-01
1.261951213642593661e-01
1.254537562078066881e-01
1.246549143053347353e-01
1.241519197586599399e-01
1.242947262163596883e-01
1.249820098036262539e-01
1.257882806795360964e-01
1.257311746693938470e-01
1.259254310055058779e-01
1.249987183663248264e-01
1.245104275629315554e-01
1.254991173999988330e-01
1.254094747248341302e-01
1.254341851438431354e-01
1.259580244789117176e-01
1.250305337191597588e-01
1.239271371261922161e-01
1.232383092553474141e-01
1.239564703847292337e-01
1.232040647735194866e-01
1.221969652173377913e-01
1.220982355017024151e-01
1.204057421056113353e-01
1.206219718053587742e-01
1.225031042282888061e-01
1.221800087695538301e-01
1.209298073751879227e-01
1.217027211366167871e-01
1.218325882775964653e-01
1.222890180232917567e-01
1.216220113976482636e-01
1.209513590029738100e-01
1.201309423832520318e-01
1.197209541357407425e-01
1.188863138520300927e-01
1.193554246831698973e-01
1.200336428925098953e-01
1.195426082802227008e-01
1.199822725866303424e-01
1.192260301575880643e-01
1.203339525142021055e-01
1.192647233491744979e-01
1.199210782855726631e-01
1.196192676197015553e-01
1.195602101465909617e-01
1.204611261282077517e-01
1.203426406586898673e-01
1.205043980303747847e-01
1.202304157445324012e-01
1.201835244317911444e-01
1.184649753662974925e-01
1.188283221198733614e-01
1.191302284979295495e-01
1.185635303626670634e-01
1.196380600803645389e-01
1.200429423200271573e-01
1.186720142277085527e-01
1.185364121390733300e-01
1.192267482670743561e-01
1.191836330994952287e-01
1.183714529753831651e-01
1.189076322699365584e-01
1.180982749567755924e-01
1.178423771064621151e-01
1.172774525300212672e-01
1.183440238346500500e-01
1.185680465891352925e-01
1.173545371810143234e-01
1.176692168948376832e-01
1.168734027284404758e-01
1.173132142313537268e-01
1.167744542312351697e-01
1.169543489522828911e-01
1.172595826805351849e-01
1.168379720222896823e-01
1.172183327110872531e-01
1.166012060246972709e-01
1.155889164212644121e-01
1.155024956315642559e-01
1.159741118658553227e-01
1.169365172601503633e-01
1.171994509128625045e-01
1.158912334182254505e-01
1.153984428815041097e-01
1.143236680331975591e-01
1.147669162768404222e-01
1.160322497417884680e-01
1.148063629815479630e-01
1.179797252757996823e-01
1.156119116120217227e-01
1.159911174311661908e-01
1.148821743431421433e-01
1.160253650196819558e-01
1.145014997184090472e-01
1.140667075799525476e-01
1.154422417775730070e-01
1.152404677103047309e-01
1.151244156366773436e-01
1.148051315269684042e-01
1.149468376018765309e-01
1.141738050978867575e-01
1.131898528999274733e-01
1.146887387380723794e-01
1.145893656736599181e-01
1.154045774263179891e-01
1.152071310276189947e-01
1.141769447011291433e-01
1.141914699370201736e-01
1.128176435452489385e-01
1.134406654585723567e-01
1.142604508925973150e-01
1.131418602026361270e-01
1.133557698468998093e-01
1.139797626971087163e-01
1.132903654281625927e-01
1.140305797067075050e-01
1.140605600245133272e-01
1.140516615368128428e-01
1.142403516679947745e-01
1.140399715891358828e-01
1.149921119423772259e-01
1.146299755858831149e-01
1.137017085725175042e-01
1.140927697501314814e-01
1.149746436142264489e-01
1.136518146165735321e-01
1.130851685070015100e-01
1.128264160955746581e-01
1.135655892309625631e-01
1.137106023271845651e-01
1.141112844515936170e-01
1.138698884373537668e-01
1.138872724949088477e-01
1.127640878918070855e-01
1.124387272260611303e-01
1.125521918426265477e-01
1.120353184888586290e-01
1.113004124258962918e-01
1.110834758037915482e-01
1.113805384636406270e-01
1.106087244688589016e-01
1.110306422039852720e-01
1.098584696210544720e-01
1.088742808096107018e-01
1.093951476941059792e-01
1.085855873248203207e-01
1.084418977561685538e-01
1.087157352741793953e-01
1.090195994777032468e-01
1.078885029202381607e-01
1.063754274926434901e-01
1.083308338424407297e-01
1.086012440375675459e-01
1.083191973078442283e-01
1.096170736235797527e-01
1.093423367946847330e-01
1.082739193844145797e-01
1.090300104585149865e-01
1.094908014705691796e-01
1.114546754748789309e-01
1.096661335390351488e-01
1.093816095980768427e-01
1.090372159959661635e-01
1.079722202055595076e-01
1.082170284469095439e-01
1.079120230262747560e-01
1.079240584017899240e-01
1.091058163627158656e-01
1.072772408576564696e-01
1.079597056942884631e-01
1.070931372454223401e-01
1.069320638045058169e-01
1.087207547828095006e-01
1.079166188190060494e-01
1.072372222922090973e-01
1.071567587155900364e-01
1.063635390269106196e-01
1.072825761952372337e-01
1.062219659763075502e-01
1.090791397210595787e-01
1.086412542211938059e-01
1.073560754365385089e-01
1.079783590050834574e-01
1.076423687795460549e-01
1.064581676471418048e-01
1.076029691767756424e-01
1.066331077935540328e-01
1.064617635095649884e-01
1.059073338209773757e-01
1.044385311687958118e-01
1.057483958612417813e-01
1.042734331021393096e-01
1.042803373084249252e-01
1.051539538328051943e-01
1.038642328274421434e-01
