1.335594478235149429e+00
1.327296240125995785e+00
1.321032230582910749e+00
1.312943624355050076e+00
1.304118561562100931e+00
1.297065150413160950e+00
1.289765741307632441e+00
1.282585281724114346e+00
1.276444387725129248e+00
1.270246566736549010e+00
1.263733280821155880e+00
1.257167091872885001e+00
1.251272052850560978e+00
1.245226462845874682e+00
1.238442798366468311e+00
1.231841358034998279e+00
1.225958739803332032e+00
1.221410832031377680e+00
1.216657333610608349e+00
1.210440661025502740e+00
1.203856648983273159e+00
1.197436955090959820e+00
1.191758805987339631e+00
1.185484651257978417e+00
1.178556307335834274e+00
1.172512962626606647e+00
1.166729065536879162e+00
1.159828696442343654e+00
1.154462282344730362e+00
1.149036784349767304e+00
1.143140710526501014e+00
1.136915536901174306e+00
1.131363570642586414e+00
1.125732598118420080e+00
1.120070265161560163e+00
1.115229370090182748e+00
1.108592828556663301e+00
1.102211033734209922e+00
1.095751555262372001e+00
1.089062126422765120e+00
1.083105383680825318e+00
1.076924229519686138e+00
1.070674537632080314e+00
1.064767520468655970e+00
1.058544812997611606e+00
1.051791841746128942e+00
1.046269878649101370e+00
1.040760178277855497e+00
1.035006017335296846e+00
1.029309578518186274e+00
1.023616490641133803e+00
1.017966151677764053e+00
1.013437841235756309e+00
1.008163878041991257e+00
1.002451627993593553e+00
9.961239119527462993e-01
9.901143141889883204e-01
9.841858771155564956e-01
9.790806543089370928e-01
9.727465721130118537e-01
9.675525446512591721e-01
9.618868496822104985e-01
9.561654335449593090e-01
9.502213013863622937e-01
9.439413959759720418e-01
9.389459318733596183e-01
9.341081082772901834e-01
9.281692154381969706e-01
9.231567612436185621e-01
9.174188365685803648e-01
9.120403404981829443e-01
9.058700755042453645e-01
9.000369701950849954e-01
8.945048257237696587e-01
8.890856533084403601e-01
8.835220989401528779e-01
8.774488840739015361e-01
8.722101079551327629e-01
8.672285544177875671e-01
8.622422280879584733e-01
8.564396095718611601e-01
8.504012586067396517e-01
8.460408173935605181e-01
8.400544503974186616e-01
8.340218749731618253e-01
8.292162275668437665e-01
8.240936613449834081e-01
8.188686252330358295e-01
8.131679825940675288e-01
8.081193661542601658e-01
8.027135964576498361e-01
7.966060613298875381e-01
7.912580335931693742e-01
7.861175521136402056e-01
7.813278606654646685e-01
7.759097700254437013e-01
7.705362533643668188e-01
7.652432634891830343e-01
7.606443274998906379e-01
7.548488478936598023e-01
7.500302325959664618e-01
7.443668926288777854e-01
7.391741820581008149e-01
7.341870955961598000e-01
7.297258427522057556e-01
7.242441710474221139e-01
7.193185056472402028e-01
7.140763169505219832e-01
7.089411305019034382e-01
7.043505343586438094e-01
6.998464004645074121e-01
6.952211853267133979e-01
6.902000830324137581e-01
6.847931759361568504e-01
6.798816917787843250e-01
6.750440624807535483e-01
6.698632005490551267e-01
6.656096740451326044e-01
6.609149200786471612e-01
6.566262420333948135e-01
6.518660647424918686e-01
6.458921884186394902e-01
6.411842139693479936e-01
6.366946756708147248e-01
6.319056135362776105e-01
6.273957289875493615e-01
6.232619842874320693e-01
6.186491903980642082e-01
6.146079958241699170e-01
6.092924796824825684e-01
6.044848837516726414e-01
6.003420234473638706e-01
5.966802226715456348e-01
5.926659844539827748e-01
5.879379516517379001e-01
5.833878333571699271e-01
5.793006725988500971e-01
5.751766983978323644e-01
5.708763876839100249e-01
5.666796276567431789e-01
5.622550535117181170e-01
5.589803611131447525e-01
5.550735632616812243e-01
5.512960842057131883e-01
5.477004199181368937e-01
5.434376439692215621e-01
5.392414868322559229e-01
5.351724390524285058e-01
5.310006423662478880e-01
5.268660180730184717e-01
5.226613065005377701e-01
5.196648330167646934e-01
5.152737149207526901e-01
5.119038917315722470e-01
5.077579844097017681e-01
5.045634256261677386e-01
5.004950187138803575e-01
4.971541127180197917e-01
4.933208495416599448e-01
4.898833487416612842e-01
4.862569363635357855e-01
4.830294057566089094e-01
4.795317019074313292e-01
4.766363546266408346e-01
4.727625511716435081e-01
4.694091420247819002e-01
4.656408286973583999e-01
4.613460313161820703e-01
4.578797585227422084e-01
4.541714042967172071e-01
4.506938212938607080e-01
4.469214865584536511e-01
4.439511438211585226e-01
4.407997134705473607e-01
4.379239905575801339e-01
4.346960426014770951e-01
4.313403772258363467e-01
4.281847321087829394e-01
4.247808260390804613e-01
4.213620696502959340e-01
4.180886636116885047e-01
4.148915196073301725e-01
4.121090447162147341e-01
4.090077958870049768e-01
4.060270585355555961e-01
4.027680146906211789e-01
4.000528497745162171e-01
3.971847365994567447e-01
3.940730453343612716e-01
3.908127923322350927e-01
3.878947886531245448e-01
3.849677148458525711e-01
3.822339325377102637e-01
3.792009451227343897e-01
3.760223597254048200e-01
3.735426626111330028e-01
3.707049971453722503e-01
3.677063866266731540e-01
3.649245001248725417e-01
3.622809083315287060e-01
3.595565173028983930e-01
3.566538965213850165e-01
3.542807600414588642e-01
3.518713703937255133e-01
3.492064011403062662e-01
3.464722657988956733e-01
3.438905135339481722e-01
3.412028233755055595e-01
3.382816623196778227e-01
3.352813514239265102e-01
3.327039316455294715e-01
3.299351286291759000e-01
3.276349625962984291e-01
3.249920666392920321e-01
3.224389361986253477e-01
3.196999065636544346e-01
3.174717199289832648e-01
3.149501751834156704e-01
3.126761054864612421e-01
3.102738910654607163e-01
3.076181075472405602e-01
3.052125099366845840e-01
3.032548448767857230e-01
3.008966297004763146e-01
2.980810684854260928e-01
2.958425641570328057e-01
2.934984692798687234e-01
2.913369971675816572e-01
2.891268711952452719e-01
2.864802910517743606e-01
2.843409755475318490e-01
2.822113191150591449e-01
2.799896590819755393e-01
2.782025071996525045e-01
2.761120897371726612e-01
2.738894034498478014e-01
2.718311444879134009e-01
2.700824409878802568e-01
2.682489630074925691e-01
2.661096995539622978e-01
2.636125065930590705e-01
2.617099166035448676e-01
2.594354685923169201e-01
2.574615432048382169e-01
2.554676964178441700e-01
2.533950428301041113e-01
2.513415628229886400e-01
2.493495086890805124e-01
2.474257121239323842e-01
2.456294225286607402e-01
2.436955050097947273e-01
2.417891126093797138e-01
2.398624250529044766e-01
2.380811983696188849e-01
2.361856510430500600e-01
2.342082692060911686e-01
2.321547069002402597e-01
2.301810847786597003e-01
2.281649392031388779e-01
2.263921821313273075e-01
2.243976979867917110e-01
2.225750058985435098e-01
2.206234679415926270e-01
2.189841132924288947e-01
2.173817172776534856e-01
2.157633803678218609e-01
2.139973035286151515e-01
2.123048625825495750e-01
2.103434211796580966e-01
2.086626333857014848e-01
2.071834064481778703e-01
2.053352449107154198e-01
2.035607806456322111e-01
2.017828294115719678e-01
2.002944932298050817e-01
1.986140928161719554e-01
1.970367511373677105e-01
1.953408045273957450e-01
1.938535813704041211e-01
1.922149305636880190e-01
1.906839469177001589e-01
1.893274088761394136e-01
1.877628605223683744e-01
1.863963516684769561e-01
1.847156159799253905e-01
1.832590681550236578e-01
1.817988749524938330e-01
1.801233979013195929e-01
1.786698674471083326e-01
1.770911123535019727e-01
1.754521007117507414e-01
1.738681469306070093e-01
1.724755064788290049e-01
1.713531514812308976e-01
1.699341664262188911e-01
1.684377331472972916e-01
1.671985004622719428e-01
1.657208079208731255e-01
1.643586105747774084e-01
1.629449323567851993e-01
1.616794405632241138e-01
1.604695333275810987e-01
1.591729837291900040e-01
1.580536577723159475e-01
1.568510560136147924e-01
1.554389163932253237e-01
1.542557539818921464e-01
1.530874862229414657e-01
1.518503391654416890e-01
1.506711644708707276e-01
1.496004614257935017e-01
1.481897582130844437e-01
1.470898808661172674e-01
1.458521151079732459e-01
1.446967835795118784e-01
1.436537813386621343e-01
1.424041387842370499e-01
1.412895954745888027e-01
1.401152773265171569e-01
1.389664050971760878e-01
1.378943315104642353e-01
1.368266558730475979e-01
1.357169274649166757e-01
1.346290833150738664e-01
1.335488059799751770e-01
1.324844671127701767e-01
1.314715005113622770e-01
1.302702443522708864e-01
1.291858276478773659e-01
1.282494120575199403e-01
1.272016521476916351e-01
1.262474786467913390e-01
1.254041967150662240e-01
1.241851828206519265e-01
1.229721419761898998e-01
1.219858901099706572e-01
1.209955727039444678e-01
1.201070089700831262e-01
1.190462704152716600e-01
1.181352949355821830e-01
1.169551330023988756e-01
1.161104000244013168e-01
1.150902114712091667e-01
1.142473989306919402e-01
1.133775011991405568e-01
1.123271823049043355e-01
1.112920231098670776e-01
1.104612420753041807e-01
1.093813133950874011e-01
1.083671113462007646e-01
1.075244089160386635e-01
1.066525732572461554e-01
1.057109887474701748e-01
1.048277680356110436e-01
1.040253927903651565e-01
1.033304256461933385e-01
1.024309787512250602e-01
1.013247406940095130e-01
1.004740530405965337e-01
9.959218844326372944e-02
9.885456208795002919e-02
9.806971542308458301e-02
9.727999813126055051e-02
9.645966921077561707e-02
9.567718673454268796e-02
9.501847606646031397e-02
9.421688041612359676e-02
9.343667375687234045e-02
9.271605675093642918e-02
9.202311972785168215e-02
9.142174036092842737e-02
9.072312342570834631e-02
8.990449363624303247e-02
8.928469995377259771e-02
8.848406634507385848e-02
8.762177675149582234e-02
8.697506686072346838e-02
8.632792124092983355e-02
8.560198775850953734e-02
8.480350658129436059e-02
8.397682919162259563e-02
8.322970009349656140e-02
8.258034903153618767e-02
8.189252029993795978e-02
8.109342604850586222e-02
8.048091964199642623e-02
7.985879492765173004e-02
7.933202614136938835e-02
7.872678849749503716e-02
7.809233739544191311e-02
7.742448493125594911e-02
7.687082215882008740e-02
7.633448119287383760e-02
7.566330017005420960e-02
7.507525150414025294e-02
7.455713756246283574e-02
7.398222143311453114e-02
7.334811533228824398e-02
7.273451646504468238e-02
7.203507024579816620e-02
