1.388415769719859725e+02
1.374255324165574450e+02
1.359713544368233897e+02
1.345155767737485917e+02
1.329778967099400404e+02
1.312129013616324755e+02
1.292551859571367174e+02
1.272669514410032150e+02
1.253592955323670850e+02
1.232130998611009289e+02
1.209749866111276475e+02
1.188227662878137068e+02
1.165844917144763286e+02
1.141981756763449454e+02
1.118910561826100150e+02
1.095482542842662212e+02
1.072125363261029634e+02
1.049684989512630864e+02
1.027085292500867268e+02
1.005084693811170951e+02
9.815767798896241914e+01
9.587497947511941732e+01
9.368565261496462426e+01
9.164697440177627641e+01
8.958409839588506429e+01
8.776080103557048062e+01
8.598385677148827710e+01
8.425143597962016884e+01
8.243389795256899788e+01
8.079765111782164411e+01
7.918433540488216238e+01
7.758339098734042238e+01
7.611872266079974736e+01
7.465744170628606469e+01
7.327675851033176002e+01
7.191538770920971047e+01
7.058919414382337720e+01
6.939887992290279328e+01
6.814159755210292246e+01
6.688271796612474418e+01
6.566806097665816822e+01
6.450275265164970051e+01
6.338146307955070569e+01
6.227294712911478314e+01
6.122742449245243535e+01
6.015353888694051676e+01
5.911029532602392322e+01
5.813317237347769861e+01
5.712823513244612172e+01
5.621298878423307599e+01
5.527846247429794602e+01
5.432284564763472900e+01
5.343553767478948657e+01
5.252181168041341408e+01
5.162609972233335753e+01
5.080517746667117507e+01
4.997630915614062985e+01
4.933645557285499450e+01
4.859322544405331712e+01
4.787085255589744293e+01
4.708772481160055889e+01
4.634313012311321245e+01
4.556838432098265201e+01
4.486888074548794947e+01
4.423381944854142489e+01
4.368849887880185889e+01
4.304274258223218652e+01
4.249172247398774971e+01
4.185200812292237771e+01
4.119549033363823298e+01
4.053250791118772867e+01
3.994060033315673053e+01
3.935482897352698473e+01
3.879864438912352398e+01
3.818780666402217605e+01
3.765652656050311009e+01
3.716330335606033941e+01
3.666877237724163763e+01
3.617036021673744273e+01
3.562797292894764212e+01
3.510797476559076813e+01
3.461252475780093363e+01
3.414888403348410861e+01
3.364288668109636404e+01
3.317278607360751863e+01
3.268197662639968826e+01
3.223629399637875537e+01
3.179538029643174823e+01
3.139844003234946257e+01
3.097031683124265200e+01
3.056233713958362941e+01
3.012773436759621148e+01
2.971125289438609940e+01
2.931017064914218295e+01
2.893950140601749510e+01
2.852707961603986320e+01
2.814272560182211080e+01
2.777775842178314747e+01
2.738138800598024147e+01
2.702495616150671509e+01
2.663945845606987461e+01
2.633162523254251397e+01
2.601551543729415528e+01
2.568272065249083269e+01
2.535581195396729015e+01
2.502166535895654320e+01
2.471766016433192803e+01
2.439599460414494558e+01
2.407818436588861033e+01
2.379577864336355475e+01
2.348251641868722928e+01
2.313724867454349265e+01
2.287000914262689832e+01
2.257435579904056411e+01
2.226885018672917482e+01
2.202663386638200649e+01
2.176364136785080916e+01
2.150126640099162501e+01
2.122071765347953232e+01
2.098126927477805026e+01
2.072446436837391914e+01
2.050473330150030904e+01
2.027183497064895690e+01
2.002476283554290504e+01
1.982046785013457324e+01
1.957829956461808862e+01
1.931895394640839569e+01
1.908793204668519294e+01
1.888265771081939803e+01
1.866089047038284576e+01
1.842777339442158890e+01
1.821130440055971889e+01
1.800567549440139459e+01
1.777453659159088062e+01
1.755290700225885914e+01
1.733064153397384999e+01
1.713031043285567989e+01
1.695626613336382604e+01
1.674408194112226411e+01
1.651972714997964431e+01
1.632242507490576955e+01
1.612502875314406481e+01
1.592636229085179878e+01
1.575822049706374450e+01
1.555551459520036062e+01
1.535842666675586621e+01
1.514704306285013402e+01
1.496534058261045885e+01
1.478529054171579915e+01
1.463594954146642912e+01
1.445698626307872914e+01
1.429323396517893130e+01
1.415529714427774088e+01
1.399203849997110893e+01
1.382746144796457877e+01
1.367640658332626558e+01
1.354576482918244906e+01
1.339874915421896340e+01
1.327528968166315515e+01
1.315371838346191247e+01
1.299945976758385235e+01
1.285277530067866358e+01
1.272602106625388174e+01
1.258585062908644403e+01
1.246545144666352201e+01
1.232536671560734476e+01
1.222615763458809823e+01
1.207874235880705704e+01
1.195632042872323453e+01
1.182833498511365811e+01
1.170815426554048777e+01
1.159923655451538949e+01
1.148757552623761136e+01
1.137676067171686078e+01
1.126581275057379727e+01
1.115813279452027551e+01
1.104897222393497280e+01
1.094637354783113636e+01
1.082924865100385858e+01
1.068895097738851518e+01
1.057146390339887532e+01
1.046787161466776439e+01
1.036503052095569188e+01
1.023744309661890917e+01
1.014471169166728437e+01
1.004420741561569308e+01
9.921604365640726897e+00
9.800131210065742948e+00
9.708914487746234556e+00
9.615898263444465854e+00
9.532249210082973434e+00
9.418939527691174263e+00
9.318178961680104067e+00
9.227783125933051167e+00
9.119589697243053905e+00
9.013382628601659619e+00
8.903451288193878099e+00
8.810068201951709810e+00
8.721923930279118053e+00
8.625984756011135346e+00
8.557888586344908788e+00
8.452715638135135379e+00
8.371622184098651331e+00
8.285000461541692118e+00
8.206815186695973097e+00
8.122122592532360130e+00
8.030130961800976408e+00
7.943265079397167305e+00
7.858227159866125966e+00
7.779576297337627011e+00
7.705355399945346129e+00
7.618361614341415233e+00
7.529902766284481963e+00
7.449907872004007281e+00
7.381651823228236431e+00
7.300072753291386718e+00
7.222768065489296063e+00
7.150764793335907754e+00
7.056834159748945901e+00
6.991336913964382838e+00
6.909719399332218792e+00
6.841296790706766551e+00
6.776023222336951868e+00
6.694791395813657786e+00
6.628961061199440508e+00
6.555709398375592301e+00
6.489163877788005408e+00
6.419243762081184634e+00
6.363246065951536856e+00
6.296723076972632782e+00
6.216551053368791990e+00
6.145145256751667340e+00
6.078209371250078874e+00
6.017034621540727990e+00
5.949290436295232354e+00
5.885138561945588265e+00
5.821313396414001140e+00
5.767032288763576986e+00
5.712101960768381836e+00
5.660365419813453869e+00
5.604043521478797807e+00
5.553753995488031947e+00
5.493474450226094596e+00
5.439351902925158910e+00
5.388288202276155126e+00
5.329735305629816011e+00
5.276497724712092996e+00
5.217012912791262558e+00
5.161204628763807811e+00
5.110189647121003986e+00
5.048409032329406188e+00
4.994877117013741596e+00
4.950512558360227189e+00
4.902708066126462150e+00
4.860307918980069530e+00
4.804098729455024142e+00
4.755487382317459932e+00
4.713828350043072213e+00
4.660212618984441058e+00
4.615468457209470188e+00
4.561091515647786032e+00
4.510455372051289658e+00
4.466747243063467820e+00
4.422530869307541579e+00
4.374527397674722096e+00
4.332323021503056815e+00
4.287189367860237965e+00
4.245292379118251525e+00
4.201134107069999679e+00
4.158896948277808647e+00
4.117895049429211696e+00
4.071103526947838169e+00
4.031173688735769645e+00
3.986135955326653768e+00
3.937399407325561818e+00
3.898611572210246567e+00
3.857657043673690556e+00
3.812365195983890231e+00
3.782907045495354836e+00
3.739333608226752315e+00
3.703798373950727196e+00
3.666879518436120478e+00
3.637263015445712622e+00
3.607687835024892209e+00
3.566665813312046129e+00
3.534734262823559625e+00
3.499263206302834828e+00
3.455104688576077887e+00
3.423666995309353034e+00
3.390043158374688836e+00
3.366219493789744721e+00
3.327182052092288345e+00
3.287439627744843662e+00
3.249408981484323444e+00
3.215734283413095973e+00
3.179506489648903145e+00
3.150463186197473675e+00
3.117249944647074500e+00
3.087672831241379257e+00
3.058104702055225221e+00
3.027439884358969380e+00
3.000671212418568157e+00
2.972229920629105848e+00
2.936822116996621990e+00
2.907838841482493830e+00
2.875713474333919439e+00
2.844687491259136447e+00
2.817224928656022698e+00
2.785684465599724824e+00
2.759363660229731785e+00
2.729991853623063403e+00
2.701232675951389606e+00
2.667746296669664119e+00
2.649322835701552137e+00
2.626417312368830803e+00
2.595388752002735000e+00
2.564545886788158757e+00
2.536700494387350346e+00
2.508777002386899380e+00
2.483637446833214302e+00
2.459628748493174033e+00
2.431581686108343021e+00
2.402877273981957718e+00
2.376015543612560954e+00
2.347624616460598279e+00
2.320395454772065769e+00
2.298091313136382929e+00
2.273023450256707267e+00
2.247106517939860382e+00
2.218959662459327298e+00
2.189727377440906952e+00
2.165688794984244492e+00
2.138780341601058232e+00
2.113757138183351536e+00
2.094783073340286794e+00
2.073282367288407091e+00
2.050135899228163971e+00
2.029061482173610820e+00
2.009794076088775139e+00
1.987688527522884607e+00
1.970468622421730709e+00
1.949994223970803464e+00
1.928244404506834764e+00
1.906169738310787176e+00
1.885674064226433799e+00
1.867070843889653053e+00
1.848649388573029739e+00
1.828597100054506042e+00
1.809326071502479705e+00
1.788663095656419344e+00
1.768152996863258331e+00
1.752137652738350093e+00
1.733542662098233045e+00
1.715031368542303758e+00
1.698376136675804782e+00
1.681399383900605171e+00
1.662913755746089350e+00
1.646277412039647281e+00
1.627999224329932382e+00
1.610285939245780673e+00
1.595731655615970856e+00
1.577045358980218914e+00
1.562510604657933788e+00
1.544709786433610343e+00
1.528656861809239542e+00
1.513316855630483015e+00
1.495339548437245591e+00
1.476919394917406869e+00
1.457631452282092788e+00
1.442122335754832063e+00
1.429353332484199601e+00
1.415252687972994750e+00
1.400359227111520610e+00
1.387340163282026362e+00
1.377919601454607124e+00
1.362138951534016762e+00
1.347870026561918344e+00
1.335010341636869047e+00
1.323203541612090639e+00
1.307474722800533895e+00
1.293474424924131005e+00
1.276195841777068019e+00
1.263371103893039304e+00
1.248949954821317432e+00
1.231852684147604959e+00
1.219565563025146293e+00
1.205166705808163430e+00
1.188765718667038840e+00
1.177792579783219162e+00
1.164807091393356364e+00
1.151590262156303224e+00
1.140685831600748434e+00
1.129236400907986049e+00
1.116691181506865416e+00
1.105247124054159036e+00
1.094454958270247635e+00
1.085220605834794849e+00
1.073138535814130323e+00
1.062845151251151865e+00
1.052086017447258381e+00
