1.394169558052446023e+00
1.383206487621414071e+00
1.371810359887185138e+00
1.359302379272938399e+00
1.345888038289706490e+00
1.331797062900817563e+00
1.317153164115649755e+00
1.301432026641422990e+00
1.285412444739592264e+00
1.268430445454048705e+00
1.250455428474207320e+00
1.231916779560373598e+00
1.212225928076699155e+00
1.192352198751261527e+00
1.172148006445355328e+00
1.151261347131603774e+00
1.130119857274310968e+00
1.108593232446092092e+00
1.086909982535303021e+00
1.065460055916085835e+00
1.044626096775701285e+00
1.023453606003787764e+00
1.003047828538845332e+00
9.828706859212955615e-01
9.631456111850245083e-01
9.440780223647523561e-01
9.250316167158340042e-01
9.066438471711679714e-01
8.886136150971426506e-01
8.714009617198591462e-01
8.543708590401917213e-01
8.377819986342707193e-01
8.218421840050640359e-01
8.060464546777226236e-01
7.911073494815049623e-01
7.763487467394685204e-01
7.621061012459730000e-01
7.482781549682383515e-01
7.348811262070595873e-01
7.216918012858134501e-01
7.090192560683732381e-01
6.966390663933742511e-01
6.843316838774683442e-01
6.725551258304891533e-01
6.608782730162676700e-01
6.495420268907592387e-01
6.384321979115181733e-01
6.276703877559500766e-01
6.171761369690426102e-01
6.070593381293389879e-01
5.971732252775621141e-01
5.872695671747168999e-01
5.780549473057492449e-01
5.686978875534904887e-01
5.595698881771191679e-01
5.505967598530678853e-01
5.420562114012421606e-01
5.334592740587362769e-01
5.249073510685016153e-01
5.164150802430031995e-01
5.083537029289121323e-01
5.005699440413770018e-01
4.929960335854067788e-01
4.856268828161074413e-01
4.784421400310842065e-01
4.712823845016291813e-01
4.643252551232707748e-01
4.572042635865729010e-01
4.503908026256095987e-01
4.436542387862874026e-01
4.370582521711485757e-01
4.306835749962412696e-01
4.247312134249803250e-01
4.186177701628501224e-01
4.125730847242531363e-01
4.065748053640285686e-01
4.008481934011599024e-01
3.953388310347945023e-01
3.898622296677596855e-01
3.845432845016319989e-01
3.792865762968619103e-01
3.741270843419269854e-01
3.689981668994620212e-01
3.640904991583140959e-01
3.592536152369630309e-01
3.546503737608323048e-01
3.498234136066575850e-01
3.451700793292449831e-01
3.406209904406555800e-01
3.361722936079291069e-01
3.317754710547425323e-01
3.274304307907334177e-01
3.231624285502566751e-01
3.189421841145123615e-01
3.146864674725985411e-01
3.107682225634124662e-01
3.067282356140094146e-01
3.027798265929761423e-01
2.988871575254858359e-01
2.952114287879774035e-01
2.915125606934547697e-01
2.879573593020370303e-01
2.842875929082621655e-01
2.806845638292593259e-01
2.771480239055406636e-01
2.737729800380004908e-01
2.703386794424974537e-01
2.670044381540390144e-01
2.637489492770893618e-01
2.605537821515891972e-01
2.574097884471186481e-01
2.543873481930544744e-01
2.512966637401916059e-01
2.482571239200763447e-01
2.451779350122914591e-01
2.422349972881087110e-01
2.394062091282855298e-01
2.366994092625619994e-01
2.338614199698901830e-01
2.310482260521474485e-01
2.283102625781907036e-01
2.255978986010189757e-01
2.230423231721829769e-01
2.203479247481288927e-01
2.178122780206023512e-01
2.151992194341820763e-01
2.128541640748088937e-01
2.105039077801808545e-01
2.080827321918699568e-01
2.057904121367670203e-01
2.033731503482338054e-01
2.009691889113383034e-01
1.986602691439604551e-01
1.963301237110327280e-01
1.941188759954902421e-01
1.919719255538206160e-01
1.897900037125704042e-01
1.876755561584557974e-01
1.855184721125104352e-01
1.833508224190478764e-01
1.813141204720987998e-01
1.792524749871010903e-01
1.772477507849592737e-01
1.752615732213876343e-01
1.733466521296466167e-01
1.715956193829077936e-01
1.696750344328791238e-01
1.677710497315095806e-01
1.659366790383118018e-01
1.641987771591348066e-01
1.624031156753509564e-01
1.606767764038117829e-01
1.588751360048187566e-01
1.570790894279284755e-01
1.553498005568780260e-01
1.535454927776866707e-01
1.518229665023614616e-01
1.502676784312928504e-01
1.485837676431960019e-01
1.470000404404077921e-01
1.454639882731200151e-01
1.439028121135410010e-01
1.423843136420600286e-01
1.408403744675705282e-01
1.392902929166542625e-01
1.378161243764334243e-01
1.363294885133015111e-01
1.349195474632421676e-01
1.334825215665244869e-01
1.321213465541544729e-01
1.307797456433145156e-01
1.293905059251083123e-01
1.279934399917381505e-01
1.266618675883685041e-01
1.253156994138935887e-01
1.240208815355831190e-01
1.227554163211948685e-01
1.214323657061481265e-01
1.201889924918694008e-01
1.189566028401345121e-01
1.177312986077329870e-01
1.165485577700594022e-01
1.153249504330508962e-01
1.141673693464351214e-01
1.129363183189807940e-01
1.118028674396982086e-01
1.106945634184148403e-01
1.095093707794127513e-01
1.084349563450685144e-01
1.072810002090709702e-01
1.061628634379431640e-01
1.050563447319168703e-01
1.039353079784083311e-01
1.029003358523798706e-01
1.018297726902723521e-01
1.007649727193807854e-01
9.979662304471352552e-02
9.874578447978325790e-02
9.777350354329218673e-02
9.679620855898354859e-02
9.582664717401252752e-02
9.486577375045412985e-02
9.391524870556611226e-02
9.294649111618280557e-02
9.202311425650168408e-02
9.109209545242477613e-02
9.015986787412613723e-02
8.927056975239201775e-02
8.834839782379667883e-02
8.743526013114977236e-02
8.653348146769282434e-02
8.565981130787009290e-02
8.477836458008494724e-02
8.394530799179061864e-02
8.305621522514398947e-02
8.225023531042609248e-02
8.142591432491001757e-02
8.059922848648744254e-02
7.978079027134836465e-02
7.898361396726893968e-02
7.817650464553348166e-02
7.734384850079885354e-02
7.651788568679125657e-02
7.576059364085480086e-02
7.501283681299722450e-02
7.425103449438298642e-02
7.346043693213651082e-02
7.269497119521250994e-02
7.196975980031654341e-02
7.126429229262362663e-02
7.053418337523219284e-02
6.982533583325509219e-02
6.913102601763052024e-02
6.845609516880965528e-02
6.780674915128648284e-02
6.709023717653114782e-02
6.639988753665414245e-02
6.573569012937485745e-02
6.503531162072481719e-02
6.438910745066979413e-02
6.376837760400524968e-02
6.309877987271850230e-02
6.248979971549698670e-02
6.185097654280872354e-02
6.121860938927162210e-02
6.062557311862573628e-02
6.001498524015078107e-02
5.940301421555365530e-02
5.879943634955681758e-02
5.818340379976184862e-02
5.758768626058684975e-02
5.699269062285312187e-02
5.641280972610351191e-02
5.585621882875622946e-02
5.531233023237770718e-02
5.473864588663739789e-02
5.418112154972540284e-02
5.365737625682823198e-02
5.313179058625996931e-02
5.257804109107637458e-02
5.205103843118578238e-02
5.154400788986868848e-02
5.096884652206273847e-02
5.044107612095567045e-02
4.993641169735475727e-02
4.940627424906836318e-02
4.891399353052605647e-02
4.843100602452185544e-02
4.792668458221354538e-02
4.742720093204046833e-02
4.691763574991976438e-02
4.642677242918163971e-02
4.596737504016620846e-02
4.551962545811609473e-02
4.507098039065467882e-02
4.460224536088824854e-02
4.415920795155153095e-02
4.370151383581610122e-02
4.326385347750200117e-02
4.284811601807111264e-02
4.242495912529434254e-02
4.199723084748530760e-02
4.157917991899363896e-02
4.115517406384319038e-02
4.073157166639619631e-02
4.032328433996807543e-02
3.990449427460985438e-02
3.951777417518638480e-02
3.912780791864350211e-02
3.874807801856627182e-02
3.834974826009093091e-02
3.795719091327907219e-02
3.758753810330425771e-02
3.720149780429460318e-02
3.682481408141655144e-02
3.645428630291013689e-02
3.610723857115573365e-02
3.575951157012381698e-02
3.538816187373621663e-02
3.502164938630786956e-02
3.464316239792699509e-02
3.429663746252924195e-02
3.395882862578298439e-02
3.359856687491306199e-02
3.327486664895568103e-02
3.295657607662121069e-02
3.261939027496596477e-02
3.229636189455977607e-02
3.199467680615639131e-02
3.167606911841353012e-02
3.135557558397500388e-02
3.104863573708255275e-02
3.072889661337798936e-02
3.041232162754761714e-02
3.012171839238831153e-02
2.982342219820652285e-02
2.952203763727800911e-02
2.921199455423942673e-02
2.892274857362383059e-02
2.864059105704205507e-02
2.835347255440012412e-02
2.806998287126328748e-02
2.777332876087497751e-02
2.746781763809252527e-02
2.720157883379864527e-02
2.691937685920182954e-02
2.665293230462434729e-02
2.637037736977400001e-02
2.611447327548949843e-02
2.584693378939557917e-02
2.556802240045570260e-02
2.530714521135647016e-02
2.502855196485400530e-02
2.478716470657400459e-02
2.451942903100407314e-02
2.425474441965420197e-02
2.400804946819436875e-02
2.375722302296139413e-02
2.351685761091746457e-02
2.328266599326778152e-02
2.305106833787742143e-02
2.281706979241314437e-02
2.258392966243375627e-02
2.234940700660321619e-02
2.211518951626472579e-02
2.189336131016823492e-02
2.167445946515281219e-02
2.145420562615685256e-02
2.123191557001542773e-02
2.102716045697607464e-02
2.080999977621122640e-02
2.059627114316754312e-02
2.037972383130671333e-02
2.016917851681618995e-02
1.997299575004020042e-02
1.977314440159414974e-02
1.956815674686857714e-02
1.936988939609222277e-02
1.917287506099692174e-02
1.897779269004899738e-02
1.879170761171624141e-02
1.860180649939163766e-02
1.840542344736529126e-02
1.821704750215238922e-02
1.803796662000085871e-02
1.785426573848968371e-02
1.767787210670812570e-02
1.751380017891127072e-02
1.734082819327420477e-02
1.716469333067924610e-02
1.700374259314693312e-02
1.682629087813803867e-02
1.664892260153440218e-02
1.647648884406191852e-02
1.630150903958179839e-02
1.613371883276017507e-02
1.596921291105833293e-02
1.579942344485679370e-02
1.564365498560004938e-02
1.548492216180268055e-02
1.532954677765068462e-02
1.516391701201669565e-02
1.499916611429467569e-02
1.485635844081784410e-02
1.470773525034288660e-02
1.456057033013336173e-02
1.441380416460734219e-02
1.426596416850080262e-02
1.410696381667081792e-02
1.396866027160911274e-02
1.383009489178060880e-02
1.369022555652484388e-02
1.355513842464202770e-02
1.341609719830961708e-02
1.327964003474310824e-02
1.313658195978215266e-02
1.299313237001646637e-02
1.285837152549988704e-02
1.272320276537563209e-02
1.259976462312395115e-02
