8.318302376307655788e-01
8.158499545209331183e-01
7.973053160066676526e-01
7.748137116932102275e-01
7.481969507630686911e-01
7.178613695596615107e-01
6.871248391503118613e-01
6.571473185495794178e-01
6.271513244351155647e-01
5.988471919968820778e-01
5.753150831647219077e-01
5.536340482987766043e-01
5.363750511324515413e-01
5.226454523818460096e-01
5.108252720456573082e-01
5.011917169153508045e-01
4.935381461856562790e-01
4.878480984104191509e-01
4.831627826214678345e-01
4.789331305955278340e-01
4.750612032712155375e-01
4.705341111181040592e-01
4.668431390433133155e-01
4.641077877842521016e-01
4.609735510001070624e-01
4.587633493572954024e-01
4.558668042635441453e-01
4.536892850356677442e-01
4.510951031116838261e-01
4.484863353791090357e-01
4.467378885585256976e-01
4.453715493201705899e-01
4.431945823325790790e-01
4.406622315688820679e-01
4.388452549830535454e-01
4.367056374860285306e-01
4.348624995223372980e-01
4.326862212148931963e-01
4.311985427460829912e-01
4.291241765994129875e-01
4.274432996308484278e-01
4.257833248189291653e-01
4.238388594373241336e-01
4.219578464388881178e-01
4.202622524522383052e-01
4.183309952524715269e-01
4.166789011201483262e-01
4.149246880832256901e-01
4.135120220213639453e-01
4.120893009476562785e-01
4.104951419785509703e-01
4.086884555449833423e-01
4.071102986075164076e-01
4.053387625611906686e-01
4.033832248956188971e-01
4.016281741574363462e-01
3.998431950357228537e-01
3.981206030280172170e-01
3.965584526552635158e-01
3.949949057386027973e-01
3.933294858600781541e-01
3.919268440481303295e-01
3.902379851076174244e-01
3.886881736210198723e-01
3.868974339838247567e-01
3.852741442047653009e-01
3.837144399308002884e-01
3.818150129783344782e-01
3.802308168267184985e-01
3.786509549040850131e-01
3.769784181990128991e-01
3.753126917878363278e-01
3.737209158289206967e-01
3.722914789425239568e-01
3.705674572396794320e-01
3.691113446331054093e-01
3.673098627533747940e-01
3.655551898763986785e-01
3.636151022814819722e-01
3.620268957661651466e-01
3.603293408227742911e-01
3.585433399024953172e-01
3.568637218017661206e-01
3.551724359818458909e-01
3.535665520356426339e-01
3.518962422625175335e-01
3.501383606273134053e-01
3.485025805572620761e-01
3.469066817841142680e-01
3.451093825031602003e-01
3.433555559570894977e-01
3.416887664704391647e-01
3.399483693785921856e-01
3.383455466126589206e-01
3.367385097843056396e-01
3.351558035145683068e-01
3.333468360081423554e-01
3.315872489130232692e-01
3.299124222135556561e-01
3.282343822005938105e-01
3.266124016388821105e-01
3.249359367535980536e-01
3.230722645526463155e-01
3.212452012550031100e-01
3.194098274163467144e-01
3.175128151334224436e-01
3.155286027924554260e-01
3.135505263919034502e-01
3.115620175940113645e-01
3.095748437451229518e-01
3.077768154925669686e-01
3.060180033882884398e-01
3.041022196366818253e-01
3.020412965799549876e-01
3.000277407688385356e-01
2.981330787242738034e-01
2.962124052049447398e-01
2.941036044677916017e-01
2.919530345504139368e-01
2.897411658558991521e-01
2.876969924780711785e-01
2.857644872667720048e-01
2.835306513628164105e-01
2.813372539957342822e-01
2.791433479088226699e-01
2.768661576788735146e-01
2.745393950562890484e-01
2.722654951610829488e-01
2.700610065013287486e-01
2.678341176763802123e-01
2.655923273695670606e-01
2.632207963253352379e-01
2.609539870844504450e-01
2.586176954581946852e-01
2.562240036102313434e-01
2.540933285189521107e-01
2.518505662175395954e-01
2.493932300358898679e-01
2.471468131691450798e-01
2.448166863514154856e-01
2.425858426995065042e-01
2.404232002955523084e-01
2.382616896887036761e-01
2.360523173996509905e-01
2.338668437681096501e-01
2.315365076638383757e-01
2.292059646512897009e-01
2.268251085032747527e-01
2.244640080566535911e-01
2.221405166734892467e-01
2.198941803808725781e-01
2.174507858288557138e-01
2.151521991115432908e-01
2.127850386904800439e-01
2.106001969852044908e-01
2.082869968431602381e-01
2.060306005545158581e-01
2.036891908416796348e-01
2.013643891076564996e-01
1.991128400339760574e-01
1.968349574271460456e-01
1.943606025233941270e-01
1.920397107795257796e-01
1.898532831335412452e-01
1.876272757874195285e-01
1.854843670435353808e-01
1.829790012559986134e-01
1.808369211916971420e-01
1.785516428246720910e-01
1.762488226359751053e-01
1.738814954221947484e-01
1.716212640782346921e-01
1.695252567116395936e-01
1.671749278500916092e-01
1.648781690646331233e-01
1.626380597112882798e-01
1.602417552476612939e-01
1.580256522958724541e-01
1.558131154805713070e-01
1.536174065394798893e-01
1.513643992222174217e-01
1.493279440271690073e-01
1.470409301097758414e-01
1.449061767928649935e-01
1.427753549752897033e-01
1.405377555639378551e-01
1.381676047636540561e-01
1.361339622231363955e-01
1.341522082402353266e-01
1.319232173539269248e-01
1.297310540178657490e-01
1.277309022670465588e-01
1.255325501314753511e-01
1.235703466290656166e-01
1.214822300604455202e-01
1.191508612418956808e-01
1.172390192467202275e-01
1.152833601618040715e-01
1.133123963052825450e-01
1.114158365074367080e-01
1.094867801784704664e-01
1.076226772290629768e-01
1.058202081744575307e-01
1.038442258188846529e-01
1.020567476240199223e-01
1.003427167007066717e-01
9.864962862844746383e-02
9.701096461959744788e-02
9.539151963282020696e-02
9.374789096775706931e-02
9.218923840353596133e-02
9.031763127407528569e-02
8.839846090091402209e-02
8.691896945918303752e-02
8.524983146440168191e-02
8.374843579373582314e-02
8.213177383554441657e-02
8.054037159693262782e-02
7.898565824313573402e-02
7.744386092051167014e-02
7.583267096109461147e-02
7.442030493019646809e-02
7.279227419391066933e-02
7.146124409875632966e-02
7.015134526463051579e-02
6.892275309779179182e-02
6.744737997709662758e-02
6.613663998271973599e-02
6.477131811090224012e-02
6.345245794037367160e-02
6.209308346256033062e-02
6.080914707320488055e-02
5.960841627789957575e-02
5.817111635277871090e-02
5.687654511155441212e-02
5.557308541925356365e-02
5.440723825117877582e-02
5.317130165394472890e-02
5.198250543995966422e-02
5.087242099600565448e-02
4.978929365068725243e-02
4.880573941294738538e-02
4.764937416635187106e-02
4.664765469740390219e-02
4.564186982504696982e-02
4.456168318311058696e-02
4.355574319870535172e-02
4.262032910057045321e-02
4.160464057532779064e-02
4.070270096307058993e-02
3.990612648169857696e-02
3.910237673834800198e-02
3.826849062065403040e-02
3.727765681789067115e-02
3.638582900617449295e-02
3.562145995983954927e-02
3.485831041291291565e-02
3.405008280651411479e-02
3.334333361347319863e-02
3.262113998111274699e-02
3.184331118052721038e-02
3.106425374203503759e-02
3.028769032427065799e-02
2.945951200676713566e-02
2.876339193296245655e-02
2.799255764465403973e-02
2.737471174807454624e-02
2.667771361251988424e-02
2.597270434787348273e-02
2.520161288829652832e-02
2.449753435753669259e-02
2.368856549989688948e-02
2.297808768841413940e-02
2.229930379737659826e-02
2.170685493629999352e-02
2.109071776100913953e-02
2.043642521391613592e-02
1.985214148837611062e-02
1.934401043267546666e-02
1.877116951329151420e-02
1.827843481894435990e-02
1.777386222977403452e-02
1.730744041515603834e-02
1.684326012952541002e-02
1.647902986954538629e-02
1.612881574867658027e-02
1.569932821130219647e-02
1.532765516354281377e-02
1.502019564119051916e-02
1.468361249521581841e-02
1.429162880539822794e-02
1.392035554856170358e-02
1.355056809617469910e-02
1.324271706612882918e-02
1.290014308924030892e-02
1.248572889280341429e-02
1.217549885580050326e-02
1.183358186276479637e-02
1.146998835429994916e-02
1.105169382931359308e-02
1.066663656944604605e-02
1.032877104493148263e-02
1.003356831685428031e-02
9.737931291126926403e-03
9.476353203673487657e-03
9.227603588681704966e-03
8.967234432377025818e-03
8.768084085086317106e-03
8.523072653230471044e-03
8.324748526454942010e-03
8.128510173123699653e-03
7.920501353823964849e-03
7.704593747899345785e-03
7.482644360985585275e-03
7.269204782965650244e-03
7.041695542543765715e-03
6.810964462903495130e-03
6.596309655844920759e-03
6.336047820876652276e-03
6.047178360997511673e-03
5.758938055596329528e-03
5.552457496455124632e-03
5.387003550462815538e-03
5.240316712292744823e-03
5.110975279408124482e-03
5.004088034699989695e-03
4.876424601070524813e-03
4.735582475252461850e-03
4.628591446412925331e-03
4.540399385859082183e-03
4.430269115488444896e-03
4.310508610951412946e-03
4.205153567354559703e-03
4.079450080105340853e-03
3.964879786253583220e-03
3.896658223745238809e-03
3.788866784306838334e-03
3.714791438841385379e-03
3.607643903390027069e-03
3.515460675398662978e-03
3.413956226727401719e-03
3.312024145901924874e-03
3.188931045474216724e-03
3.122011349085442467e-03
3.030441739256224849e-03
2.966792006186479060e-03
2.896100422940181551e-03
2.840316832617696859e-03
2.768698727527322666e-03
2.686665271119794123e-03
2.597334056013921554e-03
2.506302581376660104e-03
2.458495970924657291e-03
2.376124551097469600e-03
2.307532449729454357e-03
2.211128962337426465e-03
2.151136222222016937e-03
2.099157976770478669e-03
2.060496832640646737e-03
2.024268486456922127e-03
1.986894561095101271e-03
1.957618085846417593e-03
1.929170433904492865e-03
1.892441662208779697e-03
1.863371749922410579e-03
1.832444872699364076e-03
1.802671979796456473e-03
1.775498266299465038e-03
1.748216874982797941e-03
1.719968289854711301e-03
1.689397247973463845e-03
1.664129148499779833e-03
1.629031379101950972e-03
1.601656913142382151e-03
1.491493572368101901e-03
1.418141479514663152e-03
1.341973678551665805e-03
1.320915214448348815e-03
1.296563888846975982e-03
1.270833341822831834e-03
1.242344436325793899e-03
1.221527094832715928e-03
1.197114849413861070e-03
1.144569020947866500e-03
1.123375941464103533e-03
1.098536369031851518e-03
1.070473020031779575e-03
1.027375867920064453e-03
9.985020651917758758e-04
9.510561005682043002e-04
9.261930432426299228e-04
8.948840906550188440e-04
8.790926021143001968e-04
8.536012502386688180e-04
8.347954234066554862e-04
8.227898894240251925e-04
8.120338394252126987e-04
7.910053218631636239e-04
7.565134314126645970e-04
