1.260533430732858395e+00
1.259531782985767956e+00
1.259282879317677351e+00
1.258189921935543687e+00
1.257165296661820308e+00
1.256707681133696575e+00
1.256060571397166425e+00
1.255625625096502329e+00
1.255234265604532107e+00
1.255261798886568192e+00
1.254614988396056008e+00
1.253704914518561031e+00
1.253449733998372562e+00
1.253016851485926564e+00
1.252153153712496358e+00
1.251916931569730274e+00
1.251487907567552016e+00
1.250464891648029653e+00
1.249966403797728942e+00
1.248947049613248650e+00
1.248673222025153962e+00
1.248349132821890972e+00
1.247192423506203962e+00
1.246110138339888929e+00
1.245209199101787290e+00
1.244067066425493140e+00
1.242198043412808595e+00
1.241117569027072820e+00
1.240146078507438521e+00
1.238750006836490725e+00
1.237746095508763799e+00
1.236476748720380936e+00
1.236001217130903607e+00
1.235085621235954445e+00
1.234293012048618188e+00
1.233090844440185796e+00
1.232102309173422894e+00
1.231021125355542978e+00
1.229356817159309001e+00
1.227735296616585092e+00
1.226594112095354294e+00
1.225688467538054160e+00
1.224292551784202487e+00
1.223145268297450849e+00
1.222767691700082704e+00
1.221911407526660609e+00
1.220722881783206759e+00
1.219610300584661688e+00
1.218265695243835545e+00
1.217292277108328102e+00
1.216357521968329802e+00
1.215285177193121458e+00
1.213785929648982354e+00
1.212420408045169928e+00
1.211542002822139308e+00
1.210801708485698125e+00
1.210507817045700873e+00
1.209894520051113753e+00
1.208667342822892898e+00
1.208111533729798737e+00
1.207163010890664800e+00
1.206697463582435015e+00
1.205616493503093745e+00
1.204485919771687730e+00
1.202334849028115604e+00
1.201650938919028855e+00
1.200742951054144525e+00
1.199331846339372065e+00
1.197561207554298734e+00
1.196570255104866254e+00
1.195657104476204324e+00
1.194176761147761390e+00
1.192906671830755938e+00
1.190875583350563538e+00
1.189198121511287898e+00
1.186655445143551368e+00
1.184721927134406716e+00
1.183548968623447717e+00
1.182717132514873981e+00
1.179860482895863649e+00
1.178598343710458574e+00
1.177349716986749284e+00
1.175521730486573713e+00
1.173907064653286758e+00
1.172587101857587744e+00
1.171362484566646378e+00
1.169989489055838217e+00
1.168937902009407059e+00
1.167335727190800698e+00
1.166357557481155771e+00
1.164677771561678510e+00
1.163256976905193252e+00
1.161472178340378969e+00
1.159720733161040185e+00
1.158298848512163692e+00
1.157358298203488234e+00
1.155382922771607257e+00
1.154404861013789141e+00
1.153031914271049452e+00
1.151876807298300998e+00
1.150107739215167291e+00
1.149712657972563168e+00
1.148220908034812915e+00
1.146909797583126833e+00
1.144821148083982276e+00
1.143118483756370374e+00
1.141377878257502143e+00
1.139594012112947086e+00
1.137791593781469102e+00
1.136471611746607602e+00
1.134808664159713487e+00
1.133395032772207323e+00
1.131875310061392081e+00
1.130311603700139944e+00
1.129138740775901484e+00
1.128392565942196279e+00
1.127165172531975124e+00
1.126458723330217682e+00
1.125756721086831114e+00
1.124542214824093778e+00
1.123331392201522450e+00
1.122388188827481148e+00
1.121307135457421111e+00
1.120218749438633976e+00
1.118916385454854945e+00
1.118243809669200006e+00
1.117087770921018741e+00
1.116114905709056915e+00
1.115584810934764137e+00
1.114974100101782328e+00
1.114470485761696938e+00
1.113505771122977883e+00
1.112494309108916557e+00
1.111669061437740469e+00
1.110894948968871754e+00
1.109602308725550213e+00
1.108822003711197546e+00
1.107379241529503622e+00
1.106390815778719672e+00
1.106188183776007472e+00
1.105882676609811988e+00
1.105102028802996461e+00
1.104269183475840688e+00
1.103648382904672820e+00
1.103183641306306306e+00
1.102261650417992733e+00
1.100876781431059603e+00
1.100208941160165654e+00
1.098932153408215706e+00
1.098497879022349855e+00
1.097767339810134635e+00
1.096813992622649225e+00
1.095514922787827583e+00
1.094673303215752735e+00
1.094265249946013485e+00
1.093650679537044201e+00
1.092934593660782161e+00
1.092225061831709976e+00
1.091960708038551386e+00
1.091457239635276188e+00
1.090713783521688685e+00
1.089859472119212969e+00
1.089325782501108453e+00
1.088307990868767394e+00
1.087578765450897267e+00
1.086788069051323857e+00
1.086508121039910124e+00
1.086304319896106430e+00
1.086166911381135858e+00
1.085574764636165090e+00
1.085387528356945408e+00
1.084993982325679784e+00
1.084662201101745271e+00
1.084337725299799882e+00
1.084076041666711010e+00
1.083444054278863034e+00
1.083335137818136173e+00
1.082628167079025872e+00
1.081931894178288500e+00
1.081431554846264520e+00
1.081027202283677768e+00
1.080287866060210877e+00
1.079672916526607018e+00
1.078997321177446844e+00
1.078132002577340653e+00
1.077208481863573208e+00
1.076615167320650324e+00
1.076171517889085605e+00
1.075418329573909260e+00
1.074591521512004988e+00
1.074373306150221863e+00
1.073640781823687051e+00
1.073228019193185556e+00
1.072621563278500778e+00
1.071848791305289206e+00
1.071140456923889372e+00
1.070743657233826696e+00
1.069816040130264101e+00
1.068658171467576024e+00
1.067853600995932961e+00
1.066632807624204649e+00
1.065801164767542053e+00
1.064642781781411918e+00
1.064032011419372203e+00
1.062790316818952085e+00
1.061805204532455083e+00
1.061101910510943824e+00
1.059982568078683851e+00
1.059069597157347387e+00
1.058103951300797485e+00
1.056976084224010792e+00
1.056163955428359946e+00
1.055341219856919643e+00
1.054400304396594379e+00
1.053666547285424970e+00
1.052850257578033188e+00
1.051889689798622518e+00
1.050861037329364311e+00
1.049893112453086141e+00
1.048884262722468819e+00
1.047901428838646121e+00
1.047223305385160952e+00
1.046273787147316892e+00
1.045641576231253644e+00
1.044796027107502523e+00
1.043974894867082615e+00
1.043262740837658464e+00
1.042672030023192864e+00
1.041752622945769202e+00
1.040881157533068313e+00
1.040017352729788458e+00
1.039263742402768198e+00
1.038317946780743739e+00
1.037469697767711141e+00
1.036688243621123995e+00
1.035928018306419229e+00
1.035215361148190238e+00
1.034608183655899127e+00
1.033885128647963780e+00
1.033245300046780057e+00
1.032620179707870234e+00
1.031826025271551428e+00
1.031169507149551023e+00
1.030580700064545718e+00
1.030065097839652610e+00
1.029575809560398847e+00
1.028934713513778076e+00
1.028296584368987077e+00
1.027859255331791122e+00
1.027397951507559748e+00
1.026804463233918163e+00
1.026305514943952613e+00
1.025937241583713577e+00
1.025469903746869527e+00
1.024855128546919847e+00
1.024448729070745134e+00
1.023970476647442673e+00
1.023513046506027147e+00
1.022996810221154407e+00
1.022605363001005019e+00
1.022129758393444332e+00
1.021773594511391048e+00
1.021332066816492468e+00
1.020927417203991938e+00
1.020525660442984650e+00
1.020114742168599209e+00
1.019616507230058033e+00
1.019169196309269276e+00
1.018782894916805848e+00
1.018418389799470969e+00
1.018114936470848830e+00
1.017685045669160182e+00
1.017374149540352102e+00
1.016994877749617832e+00
1.016668490430119753e+00
1.016304470331551579e+00
1.016006938833405870e+00
1.015664362901559148e+00
1.015378931747622726e+00
1.015042864056687089e+00
1.014797391452094466e+00
1.014475940830261491e+00
1.014183457460271276e+00
1.013965081468009233e+00
1.013659588161820890e+00
1.013370595486299708e+00
1.013071901807177877e+00
1.012794119992891595e+00
1.012559797872565337e+00
1.012364428968913099e+00
1.012116140513837914e+00
1.011825825336506668e+00
1.011574959095516979e+00
1.011394520665903185e+00
1.011148106676297731e+00
1.010935224708436886e+00
1.010721433129434077e+00
1.010564692883781479e+00
1.010350644261651887e+00
1.010171871845931824e+00
1.009982051790714097e+00
1.009753060882564224e+00
1.009571988899150341e+00
1.009357839369514842e+00
1.009220094910536325e+00
1.009029511021994008e+00
1.008915787401377662e+00
1.008734570089555360e+00
1.008580311507927041e+00
1.008439567735997855e+00
1.008256371100966664e+00
1.008137114442804849e+00
1.007985410547560967e+00
1.007829349663150298e+00
1.007693746208009111e+00
1.007561897912951698e+00
1.007389765800355885e+00
1.007234475911241045e+00
1.007061200206754270e+00
1.006935851558266926e+00
1.006801195509568370e+00
1.006711036234080980e+00
1.006580667585093902e+00
1.006458812329616537e+00
1.006325378275628735e+00
1.006192197179681669e+00
1.006101544442032703e+00
1.005988014071165448e+00
1.005857840159068317e+00
1.005773245395668924e+00
1.005653570290122145e+00
1.005579801592473510e+00
1.005491421801838925e+00
1.005376944941915429e+00
1.005251053223788382e+00
1.005134185854406503e+00
1.005038791737715931e+00
1.004966071668245364e+00
1.004880214064008959e+00
1.004763279729822711e+00
1.004667594188769941e+00
1.004594680403832152e+00
1.004498389922942492e+00
1.004383417535436473e+00
1.004274358500700348e+00
1.004206085367920886e+00
1.004114369671271545e+00
1.004047424823859780e+00
1.003983357633868589e+00
1.003906642665783222e+00
1.003837319722148846e+00
1.003755107324838525e+00
1.003692729534737538e+00
1.003638721195984074e+00
1.003583595716136534e+00
1.003510315282456045e+00
1.003425714015814929e+00
1.003370163937646886e+00
1.003284452551155725e+00
1.003226188973867394e+00
1.003174286229792767e+00
1.003109777881223019e+00
1.003047294783484755e+00
1.002998412898442160e+00
1.002946994706247041e+00
1.002891397697758702e+00
1.002829273927879461e+00
1.002773040148636108e+00
1.002718581002134846e+00
1.002662312796030353e+00
1.002614467268158727e+00
1.002556053141164139e+00
1.002501553013401381e+00
1.002461428081502071e+00
1.002420589138274698e+00
1.002363677275972531e+00
1.002303653498572311e+00
1.002262868478491997e+00
1.002212766203388838e+00
1.002157822651326580e+00
1.002116131198985682e+00
1.002087615742473181e+00
1.002053770674143474e+00
1.002016027097933693e+00
1.001970801704457070e+00
1.001936620190322591e+00
1.001904670824117050e+00
1.001863082134591965e+00
1.001825537084689577e+00
1.001783569121244222e+00
1.001750030632973631e+00
1.001712235602616241e+00
1.001679800570879575e+00
1.001655386103492029e+00
1.001623702304222041e+00
1.001583132870499160e+00
1.001557046370941784e+00
1.001521150168795726e+00
1.001492076127137532e+00
1.001453115583782472e+00
1.001430374912716248e+00
1.001415656132067955e+00
1.001380713537880718e+00
1.001355027404909448e+00
1.001331175697435905e+00
1.001304183494057032e+00
1.001270322119387934e+00
1.001247048102744674e+00
1.001233543400521286e+00
1.001211296237011439e+00
1.001190653496763616e+00
1.001166548849908189e+00
1.001141140647111571e+00
1.001117845586071420e+00
1.001098478176163376e+00
1.001070611018171741e+00
1.001057638781577275e+00
1.001033762203869415e+00
1.001008126695651423e+00
1.000982499618657817e+00
1.000954171059617481e+00
1.000937885256378834e+00
1.000918335055893893e+00
1.000902372215766833e+00
1.000879335489977207e+00
1.000857940345763586e+00
1.000841751280026282e+00
1.000824756139718330e+00
1.000805867183247155e+00
1.000789267639444535e+00
1.000776194199107350e+00
1.000763242174293577e+00
1.000749522996907670e+00
1.000730225197308254e+00
1.000713203719278743e+00
1.000696266510451293e+00
1.000686805028095483e+00
1.000670718795544811e+00
1.000656991182021560e+00
1.000645853780784078e+00
1.000637178043531250e+00
1.000625649861813127e+00
1.000616158878074424e+00
1.000605092686008168e+00
1.000591560394428869e+00
1.000583110370379947e+00
1.000568191232518611e+00
1.000555297392440979e+00
1.000543683941195416e+00
1.000533875695790442e+00
1.000522541767922657e+00
1.000511544750788184e+00
1.000502887830029497e+00
1.000495904774110878e+00
1.000487069301899234e+00
1.000474647970419628e+00
1.000462774201627436e+00
1.000453330661559503e+00
1.000445699075514172e+00
1.000437316905071095e+00
1.000429218793581487e+00
1.000420518178339657e+00
1.000410067893979793e+00
1.000400900708686258e+00
1.000392507192106262e+00
1.000385362671412093e+00
1.000378007765700517e+00
1.000372337218903063e+00
1.000364251833356866e+00
1.000358067177446575e+00
1.000352822863450619e+00
1.000345853139639196e+00
1.000338785741839320e+00
1.000330000042881418e+00
1.000323548966468801e+00
1.000315983614216586e+00
1.000308519766659021e+00
1.000302705829978489e+00
1.000297913071747091e+00
1.000290767796268243e+00
1.000284644657821520e+00
1.000279950192753509e+00
1.000273885096332416e+00
1.000267705914680061e+00
1.000262516863721585e+00
1.000257023920388955e+00
1.000251109117953785e+00
1.000246714337633680e+00
1.000241207000594601e+00
1.000236263719734398e+00
1.000231124901617363e+00
1.000226800296226459e+00
1.000222028721269307e+00
1.000218015075724720e+00
1.000212020876406704e+00
1.000206961573902431e+00
1.000202229628535333e+00
1.000197689265782897e+00
1.000191944346540351e+00
1.000188229192767508e+00
1.000183282494964798e+00
1.000180399609731374e+00
1.000177744961934012e+00
1.000174128443712451e+00
1.000169859698531560e+00
1.000166303050604499e+00
1.000163370441611299e+00
1.000160118328760284e+00
1.000156877588177284e+00
1.000153732714637478e+00
1.000149903027741205e+00
1.000147259150373058e+00
1.000144522279730719e+00
1.000140732704673407e+00
1.000138064897093670e+00
1.000135304529154778e+00
1.000133699353538130e+00
1.000131578234345620e+00
1.000130159101930483e+00
1.000127880690722559e+00
1.000125390291202399e+00
1.000122325787555999e+00
1.000119782214810238e+00
1.000117758796761125e+00
1.000115856447373330e+00
1.000113392736924345e+00
1.000111575606951853e+00
1.000109543177557070e+00
1.000107311009109434e+00
1.000104866567763429e+00
1.000102235573618659e+00
1.000100147294847197e+00
1.000097552866705763e+00
1.000095638220580563e+00
1.000093602088645950e+00
1.000091384326661448e+00
1.000089578893322617e+00
1.000087843621982886e+00
1.000086361708706129e+00
1.000084595557896971e+00
1.000082977689128461e+00
1.000081418283137014e+00
1.000079993990748539e+00
1.000078304718521105e+00
1.000077272362108083e+00
1.000075663732874931e+00
1.000074668433407199e+00
1.000073284548067765e+00
1.000071785992024287e+00
1.000070501302367409e+00
1.000069604908905951e+00
1.000068033081161545e+00
1.000066686473020106e+00
1.000065616759972853e+00
1.000064227439625864e+00
1.000062996288818562e+00
1.000061874501282366e+00
1.000060702483890562e+00
1.000059405666407830e+00
1.000058377250189201e+00
1.000057032429791493e+00
1.000055911729860858e+00
1.000054508736436309e+00
1.000053615968288900e+00
1.000051969815895170e+00
1.000050914995320062e+00
1.000049842891366003e+00
1.000048639765788616e+00
1.000047664053858920e+00
1.000046653233659821e+00
1.000045680722941199e+00
1.000045002438127550e+00
1.000044151011914018e+00
1.000043250994000488e+00
1.000042441873689736e+00
1.000041416282171802e+00
1.000040647539680805e+00
1.000039992609072170e+00
1.000039048799588937e+00
1.000038236093382382e+00
1.000037593544385706e+00
1.000036967655461684e+00
1.000036107316528033e+00
1.000035272734473679e+00
1.000034617206214671e+00
1.000033893469708612e+00
1.000033436481184923e+00
1.000032892987831490e+00
1.000032483238898040e+00
1.000031900808633134e+00
1.000031274553666361e+00
1.000030639764349472e+00
1.000030053662443130e+00
1.000029486816800262e+00
1.000028833228826297e+00
1.000028175400594854e+00
1.000027564986180062e+00
1.000027025887586962e+00
1.000026461772235864e+00
1.000025804628790871e+00
