2.099291367482755355e+00
2.068423192453737069e+00
2.037520101166744535e+00
2.006994284870945222e+00
1.975647254873191372e+00
1.945290011078642634e+00
1.909585391349233996e+00
1.874985618438211210e+00
1.838204449831238874e+00
1.801353273433035529e+00
1.762967765515253138e+00
1.723424169187720567e+00
1.684979415373347056e+00
1.648960802411990612e+00
1.609830398267624529e+00
1.578892635166100566e+00
1.545954821264304391e+00
1.522452359800084087e+00
1.501719321852459599e+00
1.486043016915475912e+00
1.473938346866930926e+00
1.465933622441853545e+00
1.454427976397871580e+00
1.442312034732164960e+00
1.425631769683883832e+00
1.407294674969473913e+00
1.392279051574949245e+00
1.367708326673124475e+00
1.349382469071753743e+00
1.329685669313725782e+00
1.310608732996934478e+00
1.292070110157537588e+00
1.264601864191929659e+00
1.242912992208010659e+00
1.218486097143386848e+00
1.195827365429303457e+00
1.174994431460302691e+00
1.156503489594679301e+00
1.137278181715601244e+00
1.117424391139637763e+00
1.100898154671390516e+00
1.079451575530300689e+00
1.062426690572618515e+00
1.044430526662509573e+00
1.030190567789248668e+00
1.012357186869714765e+00
9.942226152815109019e-01
9.754277110291202924e-01
9.610621600224202865e-01
9.459552646986790769e-01
9.296727176417379779e-01
9.160937089411155254e-01
9.021280161867368808e-01
8.873727987445613197e-01
8.749123987860316642e-01
8.622270353769762030e-01
8.500637455075535920e-01
8.370977496495035641e-01
8.255675741746036911e-01
8.138225084218454475e-01
8.028282243972063581e-01
7.935995362673670117e-01
7.822077791645399847e-01
7.721784805741819246e-01
7.599624650848576524e-01
7.505497815315197441e-01
7.410068951182594565e-01
7.317172144902012176e-01
7.226579567262285675e-01
7.137775337419159927e-01
7.043457728749038527e-01
6.967028295873204380e-01
6.881013911875588640e-01
6.800974534330600507e-01
6.718323110184921676e-01
6.640436904373072657e-01
6.562767001186762261e-01
6.485095566218612717e-01
6.420594287834451297e-01
6.339321367258005102e-01
6.267603030014473608e-01
6.197705401489467247e-01
6.134712999051674664e-01
6.072920807008661548e-01
6.008955912837875557e-01
5.936269714757097526e-01
5.873383541234205030e-01
5.813516536320905148e-01
5.756831473055781245e-01
5.698790856014146478e-01
5.631964081651462672e-01
5.574748263363253908e-01
5.512639321343107968e-01
5.465048598588649886e-01
5.407706817180512049e-01
5.362155266165115064e-01
5.306497663402514053e-01
5.258330279681110442e-01
5.203563370098899243e-01
5.154958784888226120e-01
5.106206109511313151e-01
5.058013125763538564e-01
5.012631501685516078e-01
4.968890340599065314e-01
4.923125366018243354e-01
4.876752046043195676e-01
4.833265707174739800e-01
4.797356105319634523e-01
4.754218011526605281e-01
4.717579022245989573e-01
4.670501322496528607e-01
4.628142286301322184e-01
4.587257425166565983e-01
4.548536848251342746e-01
4.510598440914486140e-01
4.467738277331504415e-01
4.429124709850464359e-01
4.388850332569441126e-01
4.358095377261477776e-01
4.313805349661700150e-01
4.279261848306953331e-01
4.247078873237139507e-01
4.216351076757216543e-01
4.183316281941686365e-01
4.147280027486239806e-01
4.120128893007036219e-01
4.085034904686762891e-01
4.054449040856605846e-01
4.018228243174258307e-01
3.986526448344563933e-01
3.955735463258031603e-01
3.924642379031072492e-01
3.897253915041554717e-01
3.866398931682183404e-01
3.838205879193041237e-01
3.814487835074832356e-01
3.783318986705742071e-01
3.751728489153725588e-01
3.726583749567015658e-01
3.700004305723849085e-01
3.674463991087498216e-01
3.643287328494665411e-01
3.615639120949842855e-01
3.590040739278461124e-01
3.565490612690508931e-01
3.538552737973901796e-01
3.513111740418979334e-01
3.487911303322883128e-01
3.463680640200747507e-01
3.439119981145304927e-01
3.415888636196231509e-01
3.390176521252091235e-01
3.368089372194951747e-01
3.346287366872658930e-01
3.321713801534545984e-01
3.302233155428925815e-01
3.281057089970638163e-01
3.257352462195324816e-01
3.237242471050615356e-01
3.216643086702071774e-01
3.196402754465786922e-01
3.176995536392534514e-01
3.155434800264783624e-01
3.138168318460234363e-01
3.115758783180023195e-01
3.097928171037691025e-01
3.081534991459793926e-01
3.060810763779253652e-01
3.042670219994632608e-01
3.023829447700135953e-01
3.007203552897232957e-01
2.989808711426008569e-01
2.970511150466180195e-01
2.953342532575077839e-01
2.938144759995134914e-01
2.921022417210135114e-01
2.904238664315029195e-01
2.889234084361669286e-01
2.870448223032547874e-01
2.854275517378690452e-01
2.839288944281770366e-01
2.823203767677105458e-01
2.805654696949805849e-01
2.789974138008947113e-01
2.774649104084174756e-01
2.759833050821645095e-01
2.746984497626347999e-01
2.731450095610195583e-01
2.719107622944314517e-01
2.703414297104992925e-01
2.690738204265755718e-01
2.678625716368819298e-01
2.661926230560255346e-01
2.648264229356936950e-01
2.635943209008815291e-01
2.622348419908439032e-01
2.610272128888238008e-01
2.598062087689820832e-01
2.587138198618076368e-01
2.574682254354927480e-01
2.562048888341471597e-01
2.550644281538809177e-01
2.537199014900736738e-01
2.524923747467988089e-01
2.515774612375227814e-01
2.504313279093362543e-01
2.493235498188757504e-01
2.479752449239048528e-01
2.468210223697926697e-01
2.456550751906919072e-01
2.443274543981063529e-01
2.432352916821270972e-01
2.423936185985769987e-01
2.412629750786507432e-01
2.402220933818575155e-01
2.392441148462697842e-01
2.380750156237195214e-01
2.369860099874102344e-01
2.359320452702485804e-01
2.351786513144918933e-01
2.343344791033249719e-01
2.334365001837283571e-01
2.326869529420204918e-01
2.317879430597410695e-01
2.308397282178689114e-01
2.298332176783134118e-01
2.288935769151222710e-01
2.279200951105117279e-01
2.270177303194947094e-01
2.262342950266876263e-01
2.253918162311773499e-01
2.244724786810710360e-01
2.237952094980762141e-01
2.229163755361359689e-01
2.221683959276881115e-01
2.213311208199451319e-01
2.206433171600929444e-01
2.197886737414614100e-01
2.189840920359916177e-01
2.180442310962592556e-01
2.173107649488663917e-01
2.166831751892590030e-01
2.158193945747552134e-01
2.151810104018148928e-01
2.143767541219528949e-01
2.136242522162210000e-01
2.128706820785938869e-01
2.121613771501552614e-01
2.115389412685080295e-01
2.108115870494366995e-01
2.101652789500648710e-01
2.095081930590332320e-01
2.089150051489150894e-01
2.082615575617456360e-01
2.077064111515011247e-01
2.070214510857034396e-01
2.063370660065913242e-01
2.056446796752431638e-01
2.051530872398841243e-01
2.045431009376319220e-01
2.039233040987721290e-01
2.032655230992792550e-01
2.028218764895733661e-01
2.022699020034601780e-01
2.016579700004374476e-01
2.011618712624055894e-01
2.006460711923703510e-01
2.001815139280504197e-01
1.994923714914209334e-01
1.989652235343487285e-01
1.985045053048653529e-01
1.981196507442755106e-01
1.975790170483764929e-01
1.969952548121326197e-01
1.965812521228612608e-01
1.960872532553321612e-01
1.956725586702895425e-01
1.951557963864768430e-01
1.947115639667100495e-01
1.941723961326004555e-01
1.936848338319413776e-01
1.931794983379721831e-01
1.927152122970214598e-01
1.923464334339443360e-01
1.919055644551551643e-01
1.913606137365028714e-01
1.909473541566695243e-01
1.904872475431417522e-01
1.900206558947971081e-01
1.896130953624224624e-01
1.892837020478074228e-01
1.888117174080403138e-01
1.884294870631814112e-01
1.880227185514410926e-01
1.876239723221985733e-01
1.872789229137263034e-01
1.868244892534254853e-01
1.864337201819336598e-01
1.860192315142352448e-01
1.856340331473051164e-01
1.851461552551599554e-01
1.847805690884776197e-01
1.843790859753667855e-01
1.839941803735190562e-01
1.837391735388789471e-01
1.833890395203033596e-01
1.828013819673060536e-01
1.826215874786384363e-01
1.821783853633171801e-01
1.818564549393173746e-01
1.815683759036387790e-01
1.813208726551857330e-01
1.810315858825538859e-01
1.806882770320033804e-01
1.803814963498688584e-01
1.800249912916634942e-01
1.797343947746470327e-01
1.793451505915435173e-01
1.790376079236701556e-01
1.787021423975945766e-01
1.784141160252852853e-01
1.780647250171662754e-01
1.776947474938650184e-01
1.773759241403322084e-01
1.770897527494895984e-01
1.768213152273223898e-01
1.766315282686670707e-01
1.762944988467233520e-01
1.760007206985559070e-01
1.756749556285547575e-01
1.753084233334386011e-01
1.750580171924472905e-01
1.746728155273825911e-01
1.742723970098644659e-01
1.740688339665566742e-01
1.736340409074236257e-01
1.734097622815515827e-01
1.730858146689323307e-01
1.728783367986098940e-01
1.726101544542552879e-01
1.722934463918957271e-01
1.720564443938481514e-01
1.717645342589328439e-01
1.714541461568550584e-01
1.711550699802030506e-01
1.708613576194537576e-01
1.706515993032035050e-01
1.702556086310175465e-01
1.700472290521740648e-01
1.697846403595126286e-01
1.695274533010417140e-01
1.693855735832803244e-01
1.691162302994355382e-01
1.688717138351335800e-01
1.685635414433804824e-01
1.683727546665277075e-01
1.681624511201944838e-01
1.678603158011413576e-01
1.677200004494366348e-01
1.675734872356312299e-01
1.673071432228117883e-01
1.670472775200829152e-01
1.668187147535786508e-01
1.666481167869073854e-01
1.663643691231982691e-01
1.661777607190811634e-01
1.659513263226121416e-01
1.657368350328274065e-01
1.655250964290408688e-01
1.652644517701756521e-01
1.651234034795153183e-01
1.649698280782611604e-01
1.647607803941909255e-01
1.646199874761855586e-01
1.644200312636422412e-01
1.641752157706806992e-01
1.639682914453311491e-01
1.638125398182356252e-01
1.636787578682448452e-01
1.635156057796796347e-01
1.633263604359432575e-01
1.632097911293451387e-01
1.630680173732405591e-01
1.628716939221995230e-01
1.626357428868809574e-01
1.625626154682348057e-01
1.623621835735346852e-01
1.622355334221243506e-01
1.620975754247814815e-01
1.619548021472818344e-01
1.618059853281368643e-01
1.616072309230372761e-01
1.615117680030853653e-01
1.613531362182804851e-01
1.612273158780676008e-01
1.610699026016988444e-01
1.608711856867736101e-01
1.606893692510092397e-01
1.605241723112702246e-01
