2.113361559203831952e+00
2.086397790933166796e+00
2.058474919653675794e+00
2.029308918965897490e+00
1.996129347035579871e+00
1.966587944213864958e+00
1.942523182553314909e+00
1.904197979754632675e+00
1.863178577249556156e+00
1.823182800024372163e+00
1.785333456958813736e+00
1.746367906739136888e+00
1.685779936984208582e+00
1.644737010593357862e+00
1.596707299439803940e+00
1.546383575150249490e+00
1.505789706847044052e+00
1.462632889095406119e+00
1.438787104920258519e+00
1.418533738929615318e+00
1.392143404659885508e+00
1.372087892499902706e+00
1.326626901141286119e+00
1.299227346579611364e+00
1.278363095742595545e+00
1.247774498839560264e+00
1.225879605983452691e+00
1.195227585572689266e+00
1.162784288281572653e+00
1.153003020382390886e+00
1.123552921641324476e+00
1.088149556263739770e+00
1.063040633794016809e+00
1.043002473245204564e+00
1.000059355366283764e+00
9.770234615863059302e-01
9.473871293480371492e-01
9.200679468162868968e-01
8.986767529292233325e-01
8.702468673169019286e-01
8.562307331389044096e-01
8.348492781352894188e-01
8.156872771950370860e-01
7.869082827357393173e-01
7.646238407913543700e-01
7.540435525946195261e-01
7.365968133286012742e-01
7.169596526088665156e-01
6.967594174681644992e-01
6.809023029543480598e-01
6.640418975605831831e-01
6.535607060792385514e-01
6.391357852653547500e-01
6.233259935118212747e-01
6.045191531569646948e-01
5.928661618963163571e-01
5.801980573841872824e-01
5.709082942698580077e-01
5.620609117782129349e-01
5.493312739727965743e-01
5.401163886056041807e-01
5.269773378877087300e-01
5.131518241177595030e-01
5.040251633962931077e-01
4.941330505273125451e-01
4.858089509599491373e-01
4.787573369095639575e-01
4.702499579352734660e-01
4.623235881884357190e-01
4.555366957704489739e-01
4.480764571104744465e-01
4.420460669072438509e-01
4.334088877516630856e-01
4.267031147386244339e-01
4.190801578625262813e-01
4.136188879149270137e-01
4.076378215742648137e-01
3.991977596420717700e-01
3.926296583909041904e-01
3.876348197152287289e-01
3.826626965314076645e-01
3.729167320777620476e-01
3.666744904490938928e-01
3.620349253560893876e-01
3.567000748231596852e-01
3.523226282287441613e-01
3.462074434545874824e-01
3.411304924094173407e-01
3.371917696676537957e-01
3.306779036155746976e-01
3.263460149692268275e-01
3.214952789018096779e-01
3.165817596528082145e-01
3.124491935979010204e-01
3.085507088545293430e-01
3.035808606195082304e-01
2.992752001486417290e-01
2.936527628507518140e-01
2.890042741645874602e-01
2.843739160935721544e-01
2.811194362573184446e-01
2.768478405340094595e-01
2.734500099598615175e-01
2.700873568753624498e-01
2.656321809860834882e-01
2.618682037884387803e-01
2.584246496737274690e-01
2.544664993731851621e-01
2.509082981582594352e-01
2.471658795963933009e-01
2.437177223606466492e-01
2.399233438242308059e-01
2.366916912139485074e-01
2.329444983360100252e-01
2.299682927064110038e-01
2.271258492386696026e-01
2.235767974764051036e-01
2.201075619040926690e-01
2.170948321027800221e-01
2.132272472498011329e-01
2.108245491374695635e-01
2.074734546239568878e-01
2.048566542865591367e-01
2.023033518529744890e-01
1.994726447517950474e-01
1.959418292638820114e-01
1.935234887663806469e-01
1.919331079423666486e-01
1.893451158777393339e-01
1.870883580766100063e-01
1.843612581412415463e-01
1.817130441003544927e-01
1.797516984857150113e-01
1.776160994365254819e-01
1.751720489978751127e-01
1.729203277270216499e-01
1.705535825805624406e-01
1.687788294732276706e-01
1.662662836621963125e-01
1.637616222373492192e-01
1.610835883742350871e-01
1.588118078866408989e-01
1.570778143580192632e-01
1.546685206773603383e-01
1.525501555482732252e-01
1.503380351498958545e-01
1.480647301207365096e-01
1.462348461439701153e-01
1.442353060232711981e-01
1.423188147818783278e-01
1.401683588280932258e-01
1.380307773544126593e-01
1.360981800085001026e-01
1.340985099653028145e-01
1.323216642763135054e-01
1.302966662446527757e-01
1.283537778049360922e-01
1.269671545694579795e-01
1.252609059100221467e-01
1.238437639615776881e-01
1.221632485386211220e-01
1.201399848555444183e-01
1.186726317268645414e-01
1.170406249371981344e-01
1.156974344552393202e-01
1.143000474192661930e-01
1.129456194877212216e-01
1.117658185840696428e-01
1.098628086863115139e-01
1.081204020383341874e-01
1.064726258494533284e-01
1.051666195282137534e-01
1.038045004801626953e-01
1.022397140684856431e-01
1.012879747145408044e-01
9.994656870657811498e-02
9.881577953092547661e-02
9.726187735456542915e-02
9.581215781916092855e-02
9.433358722570689414e-02
9.288639571059041644e-02
9.171750164864618526e-02
9.053260811489571847e-02
8.925737321270599267e-02
8.816494075269140640e-02
8.719115462960159990e-02
8.583690945351576951e-02
8.457932777623440590e-02
8.350360351684167626e-02
8.233436434971128093e-02
8.092634619926643291e-02
7.991607259637646676e-02
7.959890845972075746e-02
7.835292954072162197e-02
7.755616566434847536e-02
7.713164196724225929e-02
7.561588428494941949e-02
7.443619451343817806e-02
7.420400105509976363e-02
7.275968539983730665e-02
7.164481392794223857e-02
7.072627196436176433e-02
6.953323878063981389e-02
6.999889135475244328e-02
6.843963443634704102e-02
6.747481155155517218e-02
6.612962408273900805e-02
6.485860272854178377e-02
6.393158047104426089e-02
6.299706108609423594e-02
6.188039277652201270e-02
6.092335504071511032e-02
5.998597124954620219e-02
5.917494441082684492e-02
5.891928059777629123e-02
5.877040590126454689e-02
5.776235348337417641e-02
5.697193089257787668e-02
5.663013105593218272e-02
5.618239175591630691e-02
5.530577559229324369e-02
5.429054083738171083e-02
5.336314072142402803e-02
5.239780084084372930e-02
5.180090769957784724e-02
5.261740979231160908e-02
5.190203250332722090e-02
5.064757811195925996e-02
5.080841293485569010e-02
4.974556614502986807e-02
4.999554159852914043e-02
4.891880903303407607e-02
4.810028965043385701e-02
4.702700874119952745e-02
4.593958308475994817e-02
4.525958824859326046e-02
4.438161757483202741e-02
4.448105346075943017e-02
4.394721873245122090e-02
4.302354158464293671e-02
4.237454490973531496e-02
4.235965975473357514e-02
4.303104392094421471e-02
4.198967681261899648e-02
4.119343061305430487e-02
4.056649066547050875e-02
4.059969982759593227e-02
3.959724662911714987e-02
3.880674815585641313e-02
3.907029276778657689e-02
3.814039086548084989e-02
3.696416001180450467e-02
3.629500879830840909e-02
3.563593066717255647e-02
3.500268222403767754e-02
3.533911212434741322e-02
3.486876132894276697e-02
3.421122231857932905e-02
3.350178301266039382e-02
3.295017334174835111e-02
3.307242382388252133e-02
3.377001953903074200e-02
3.305428020616064250e-02
3.290609665850957599e-02
3.494889689132658211e-02
3.473207403945485772e-02
3.411978259356775872e-02
3.421547005504473049e-02
3.334857737360853724e-02
3.252763551236493439e-02
3.139507340959360460e-02
3.135094597723590837e-02
3.222680406353858190e-02
3.204310022224855087e-02
3.104955677286129478e-02
3.007267957082861154e-02
2.937519026175391956e-02
2.959223696051174052e-02
2.958777913792501671e-02
2.896486262896312905e-02
2.836420437668193961e-02
2.776967968257012392e-02
2.717357728620580989e-02
2.712807131566731186e-02
2.643250878295547862e-02
2.599013906874161894e-02
2.509991140478222416e-02
2.472558971735071276e-02
2.425799799716193278e-02
2.390214245782272193e-02
2.318495319755752015e-02
2.282623909806849941e-02
2.424783864278236972e-02
2.444328575163612696e-02
2.363653499099714270e-02
2.423704700321042266e-02
2.452861155197608167e-02
2.387381182850285832e-02
2.314573543882184059e-02
2.252816099481023265e-02
2.202075667019365648e-02
2.259795394294045884e-02
2.202647520972127529e-02
2.163445265065490342e-02
2.100889643325743253e-02
2.142973983524993839e-02
2.091984317806460172e-02
2.053951897529479251e-02
2.007797470207818569e-02
1.975829923385993836e-02
2.035626360291949849e-02
2.099988804424156308e-02
2.152361380450802664e-02
2.093236527288471968e-02
2.034178299875004370e-02
1.983292660182595091e-02
2.011941958878168957e-02
1.985501276729656830e-02
1.936766998391906136e-02
1.976359342155366641e-02
1.960515030910463599e-02
1.922739061614193307e-02
1.970791894633492497e-02
2.088772848681712951e-02
2.222031825305752564e-02
2.227623885542569238e-02
2.111685243040132415e-02
2.058140137701826994e-02
1.978341475910740110e-02
2.013773418155970218e-02
1.959279600543613331e-02
2.025717698404812250e-02
2.020292485681209407e-02
2.061991310422041021e-02
1.993442244430665422e-02
1.939588480298753623e-02
1.870627937062419033e-02
2.048662952379902424e-02
1.970486893885138244e-02
1.926571073673540718e-02
1.861416952857752535e-02
1.804006659663224058e-02
1.983455917413205066e-02
1.961188330967668370e-02
1.881072526132943415e-02
1.831216457806797426e-02
1.889890294252354400e-02
1.848166798098103622e-02
1.783593702563135430e-02
1.731836607486464397e-02
1.687815885593038634e-02
1.629321388002097706e-02
1.603407382192345576e-02
1.662684498323645579e-02
1.699177838894303308e-02
1.741793950109843392e-02
2.132457729815588621e-02
2.122303137226074637e-02
2.163258272199590840e-02
2.213008562451399680e-02
2.183072837149987316e-02
2.213200102465202185e-02
2.130302639486874455e-02
2.057993793450431375e-02
1.985316267457249220e-02
1.911683931030317904e-02
1.876208519472986891e-02
1.885536663333907403e-02
1.892880007977683007e-02
2.020693206813352003e-02
1.922587831336620284e-02
1.983289939748957356e-02
1.965572124142906871e-02
1.901595470689091891e-02
1.842981681713943415e-02
1.916972353849754132e-02
1.969014214139878927e-02
2.155618021877110657e-02
2.145901101594066204e-02
2.119099191828669598e-02
2.271674105999149998e-02
2.338516447986019667e-02
2.243081655731340995e-02
2.245007435535628301e-02
2.262171053299913415e-02
2.195319006034597564e-02
2.099616412397274298e-02
2.140702816358959482e-02
2.135474822221212349e-02
2.205311766926671552e-02
2.371683167668682882e-02
2.291851729993780312e-02
2.325826091660123524e-02
2.214047408203236728e-02
2.210502247616525154e-02
2.300141766293945303e-02
2.202037483360842415e-02
2.138604800277139895e-02
2.052682999442009826e-02
