2.109755741367972171e+00
2.095580459252938343e+00
2.081214936581658126e+00
2.065588774716111686e+00
2.048640566651112493e+00
2.031347319915097316e+00
2.015774498379978574e+00
1.997073735521892157e+00
1.980508843244307204e+00
1.958448630311302230e+00
1.942206819664410222e+00
1.924765300354037700e+00
1.905502675731611140e+00
1.889172732105222074e+00
1.874803212105558892e+00
1.861613415855621678e+00
1.851996539065260627e+00
1.843513812168705579e+00
1.836141226897107570e+00
1.831553003199064777e+00
1.836977775169690741e+00
1.834929980219115686e+00
1.840769475152765011e+00
1.850414129235442573e+00
1.852792988502956373e+00
1.864288427622609934e+00
1.882541799067687149e+00
1.895726636544586619e+00
1.902846542188034284e+00
1.910887423076427893e+00
1.916160164275839461e+00
1.915253975006978582e+00
1.921343269720829250e+00
1.921651198611662004e+00
1.928470010412929092e+00
1.922945236041972095e+00
1.924046467429243679e+00
1.912427886795685650e+00
1.915387330559461088e+00
1.907730013891664411e+00
1.906455975191670760e+00
1.901521831799384721e+00
1.890073465689958709e+00
1.886760751829152705e+00
1.877788749028722171e+00
1.870188809476998060e+00
1.863059898090555500e+00
1.857097855212655357e+00
1.846471349282980956e+00
1.839050389224244686e+00
1.831263965640024916e+00
1.819181824080229326e+00
1.807111773927640330e+00
1.802006638703241181e+00
1.788252871612793671e+00
1.779584293182962629e+00
1.770161680679676275e+00
1.762843271858090199e+00
1.750443743909866123e+00
1.742700324949636892e+00
1.734186429831815257e+00
1.729497743486499539e+00
1.719179798390281677e+00
1.708121693968066124e+00
1.698668581343027117e+00
1.688091879799314299e+00
1.679509605682163009e+00
1.674981843808536652e+00
1.664995805899853742e+00
1.656728450427243482e+00
1.647086091165842481e+00
1.639738997312841118e+00
1.629514934918760982e+00
1.620926639105019440e+00
1.614611262407570136e+00
1.602282987198774489e+00
1.594511582984804665e+00
1.584033254783467015e+00
1.580924705964440902e+00
1.571848667377604425e+00
1.565637431798088564e+00
1.559634587916679527e+00
1.554735631416909403e+00
1.540065202612980633e+00
1.533731234135959465e+00
1.526508448779495986e+00
1.518943141335693747e+00
1.509658420246760668e+00
1.502902598924426902e+00
1.495300175868053527e+00
1.489442869501377276e+00
1.480827028084771291e+00
1.473707892979420064e+00
1.465848005960938893e+00
1.456647390261461839e+00
1.452191041047901088e+00
1.441918510233360040e+00
1.437453940366351990e+00
1.429207760414679562e+00
1.423862436623758665e+00
1.414598113615678221e+00
1.408576411180794796e+00
1.400593966323621542e+00
1.396202037059939283e+00
1.387229883114439399e+00
1.380477252095646534e+00
1.374370998773696062e+00
1.366925958890467641e+00
1.360283777570094887e+00
1.354999180225843203e+00
1.348315181695591392e+00
1.342133063449110431e+00
1.336710668288197734e+00
1.330373619569210186e+00
1.324909315585993452e+00
1.319849457714746821e+00
1.314699213263232025e+00
1.307908035664400614e+00
1.301745207230008639e+00
1.296208133452740219e+00
1.292031588184711755e+00
1.286704949720493429e+00
1.280387622720317475e+00
1.273873690267114611e+00
1.267987224956341974e+00
1.262281297460274843e+00
1.257859155578097576e+00
1.252823532152029573e+00
1.246967580252733798e+00
1.241551366796292299e+00
1.235952027801108688e+00
1.230511112733300605e+00
1.224840966561966615e+00
1.222827389548629684e+00
1.217346849499032935e+00
1.211708926093741479e+00
1.207665399606869139e+00
1.203164084603915107e+00
1.197646559478924511e+00
1.191831628555279687e+00
1.186724549382596416e+00
1.182744325715948230e+00
1.178053977667411711e+00
1.173835428085716392e+00
1.169834070121363201e+00
1.165024965546068492e+00
1.161864206308172554e+00
1.157578885972800009e+00
1.153632855503800902e+00
1.148802603585040494e+00
1.143970934660593297e+00
1.139948036383712004e+00
1.136272766991951233e+00
1.131665146978824366e+00
1.125870753651854184e+00
1.121548410262865447e+00
1.118377722735744983e+00
1.115118763300087190e+00
1.110642099758252010e+00
1.106703167289816214e+00
1.103960437193860056e+00
1.101350925421782367e+00
1.097095822134495302e+00
1.093709015975827592e+00
1.089657683220809803e+00
1.085840290551207676e+00
1.082889664033702015e+00
1.078696798105200028e+00
1.074692135874723897e+00
1.071362858009074825e+00
1.067848788043680441e+00
1.063709078552913967e+00
1.059998980661111867e+00
1.056725303609454603e+00
1.053580934383985923e+00
1.050092763253662076e+00
1.047407075221129746e+00
1.045099094941923212e+00
1.041116442594300251e+00
1.038895130509118969e+00
1.036730621334006841e+00
1.032713259217262980e+00
1.031533507309494224e+00
1.027175743336328884e+00
1.024440269817197269e+00
1.022167274920965596e+00
1.018317263651066007e+00
1.015235174433782417e+00
1.013326337170632030e+00
1.009672055398996182e+00
1.007596096868938584e+00
1.004678555641737692e+00
1.001555933007585386e+00
9.987792189620672278e-01
9.976389016843340007e-01
9.949983653913272441e-01
9.920592940636410173e-01
9.889047568397901777e-01
9.851567985863687316e-01
9.830033030021853024e-01
9.797549505363750688e-01
9.784554222777946952e-01
9.751695194015872481e-01
9.724261330201472431e-01
9.700103143297124086e-01
9.675806362560843699e-01
9.644176183531205648e-01
9.626486465400060366e-01
9.601685444852731122e-01
9.586007322160091659e-01
9.557731356060451544e-01
9.538271185310018829e-01
9.517738731025658927e-01
9.491321041790122814e-01
9.473281662732039310e-01
9.444637473852973697e-01
9.429820308730022527e-01
9.405630903002455412e-01
9.381641949835363148e-01
9.364138179580184795e-01
9.337647445231194165e-01
9.313374427338071415e-01
9.295586380394923465e-01
9.270640041079343252e-01
9.250791539753580039e-01
9.234247678171295659e-01
9.212061951897730916e-01
9.179931855096254978e-01
9.160252177948607910e-01
9.139454366935981788e-01
9.121472385253009962e-01
9.097186938999020089e-01
9.080588945618319752e-01
9.047360279683264173e-01
9.031378826763568624e-01
9.004216187801875604e-01
8.991019091527162610e-01
8.979557987488453463e-01
8.966407941957131866e-01
8.955093854079240190e-01
8.943013482459563068e-01
8.914520671059964485e-01
8.895583537730958890e-01
8.878682324187436858e-01
8.851301592199298796e-01
8.834943567812550969e-01
8.820548581126995691e-01
8.798662021643104403e-01
8.785672534053232674e-01
8.767994187323761013e-01
8.750377892940389701e-01
8.735794321067186230e-01
8.720684767879436361e-01
8.700031078819339125e-01
8.686117548030478641e-01
8.670963811374816643e-01
8.651757153046599758e-01
8.636533298867298258e-01
8.618980295203283459e-01
8.604289253837342777e-01
8.592931746887617628e-01
8.570087811161331004e-01
8.554816886061251680e-01
8.538563625228653420e-01
8.530128241856363980e-01
8.511692213265339424e-01
8.500537080549922520e-01
8.483704365103659217e-01
8.465010635021869012e-01
8.451099796270064024e-01
8.433321125074882962e-01
8.420972792981926691e-01
8.403734786743978225e-01
8.393865882089467378e-01
8.382217620822006721e-01
8.367142710290879082e-01
8.351845847431974557e-01
8.339906619438866020e-01
8.329437600265470198e-01
8.310644294252147457e-01
8.293178469503558192e-01
8.286654179460004599e-01
8.270785950079493354e-01
8.259519204849147256e-01
8.245532336840492027e-01
8.228153222754178708e-01
8.216502537973677800e-01
8.203670008755905574e-01
8.190345357342845301e-01
8.183505249575199203e-01
8.166417742844799266e-01
8.153085040572448650e-01
8.140167252724940239e-01
8.128210782808502621e-01
8.113622747969151394e-01
8.103809143068448906e-01
8.088575741972668931e-01
8.077066821046677836e-01
8.066302186240195127e-01
8.055897836276059154e-01
8.040002697430920220e-01
8.027698946352080922e-01
8.014108539595704572e-01
8.005033521097034699e-01
7.994891365714492659e-01
7.987537159990734104e-01
7.976727449906034773e-01
7.961767582246132013e-01
7.956709400320046699e-01
7.944143344695289155e-01
7.934081624340989514e-01
7.924250318015944039e-01
7.910384749594497888e-01
7.902927918582235423e-01
7.893893363225832349e-01
7.883607881424996577e-01
7.871210343616883431e-01
7.861683565602135548e-01
7.853031659735599801e-01
7.836753335834715228e-01
7.828112624113856555e-01
7.816563619419438780e-01
7.805970496094027933e-01
7.795500099581207376e-01
7.787863967227305340e-01
7.778472759711214657e-01
7.767989336003576772e-01
7.761125404986517484e-01
7.752623488455304690e-01
7.742244463161447321e-01
7.733089532866057603e-01
7.725798944210815478e-01
7.716518283526818678e-01
7.707429160868477513e-01
7.698296072999459838e-01
7.689241177118711912e-01
7.680283933506644178e-01
7.670706359441071820e-01
7.660759532202795485e-01
7.654852153826997574e-01
7.644745196997935199e-01
7.638443982166145396e-01
7.632489956295868128e-01
7.621752330752874505e-01
7.615262551401473790e-01
7.608053021125539273e-01
7.598832172003566754e-01
7.592047638952549304e-01
7.585596282685532765e-01
7.579259549299665055e-01
7.574177620041426806e-01
7.566481073785652489e-01
7.559058334321925310e-01
7.551674042602803949e-01
7.542969746992955749e-01
7.536956319934543513e-01
7.525705286656695359e-01
7.516717906745675748e-01
7.511376206185051974e-01
7.505421015929449879e-01
7.498099523166211755e-01
7.491521041361784983e-01
7.483229596384142202e-01
7.477469115001387223e-01
7.474147651546849680e-01
7.468261044064937737e-01
7.462832874307815390e-01
7.452052315367447832e-01
7.445866667971620112e-01
7.436830392137574464e-01
7.432026451201964035e-01
7.428653576101704736e-01
7.421132417766065359e-01
7.414378821188440938e-01
7.408284109864823330e-01
7.402262325776400864e-01
7.398074707690244223e-01
7.390323446417058628e-01
7.383857048422494129e-01
7.375966627286920652e-01
7.370946041583582575e-01
7.363442582433923356e-01
7.358322361143315726e-01
7.353256538891855820e-01
7.346612661704658986e-01
7.342231667353443791e-01
7.336750081260084988e-01
7.331221438749854213e-01
7.326582019579819249e-01
7.320388910363806456e-01
7.312943712041486410e-01
7.307293809889833236e-01
7.301603761072369414e-01
7.296789066385696021e-01
7.289864809111203936e-01
7.286926220672460541e-01
7.281766414221471084e-01
7.276022255865914889e-01
7.267889755138472463e-01
