1.188003636997260859e+00
1.093543666329255926e+00
1.005317077057072961e+00
9.204830347431088855e-01
8.462384011919305005e-01
7.764902611245061426e-01
7.074823260081655185e-01
6.482946556026450979e-01
5.932386721914088001e-01
5.429016738197766090e-01
4.952840437822577102e-01
4.564232600685219077e-01
4.171510975876250304e-01
3.819290397472772658e-01
3.482628547038681965e-01
3.184951998439201626e-01
2.920483667532701721e-01
2.666180572874056742e-01
2.453298884646461786e-01
2.241130148476198070e-01
2.051214823132399834e-01
1.888879786153863372e-01
1.725293273587642506e-01
1.578208989069780632e-01
1.442559375932689347e-01
1.317111381758168109e-01
1.206174333497930795e-01
1.107509714160921227e-01
1.015078334631217410e-01
9.318271132052832750e-02
8.554657777242162531e-02
7.846045440848441188e-02
7.210706852588601168e-02
6.582728820595738772e-02
5.986683900736713970e-02
5.442646787041220680e-02
4.948807932870976506e-02
4.491028230955397549e-02
4.120905038326393155e-02
3.795517609848462343e-02
3.485474684580341237e-02
3.205160450456680243e-02
2.978967354593796760e-02
2.723368931670404336e-02
2.495687656197588880e-02
2.268517320094216513e-02
2.078323085692057245e-02
1.898124245382724201e-02
1.749286196581287603e-02
1.602355489745090067e-02
1.466242176278255427e-02
1.353012252070773247e-02
1.240373891931201289e-02
1.133456247667095559e-02
1.047017304574372407e-02
9.618950368711671681e-03
8.810595527086122203e-03
8.155662996389806754e-03
7.449966151391452900e-03
6.865507091777668658e-03
6.330427442603809955e-03
5.866885857102432933e-03
5.450415364955856455e-03
5.051755821576163659e-03
4.693481880292498833e-03
4.339635966495209059e-03
4.055254871933731270e-03
3.765120399663003919e-03
3.534673325146455661e-03
3.319861044201504342e-03
3.125632776357976754e-03
2.935457144843976914e-03
2.762552362510828797e-03
2.629218055035551643e-03
2.507726940192771346e-03
2.408421719929112418e-03
2.290803289233804552e-03
2.195851194904841798e-03
2.115945415742828770e-03
2.045697571593421867e-03
1.969260930934012190e-03
1.898043174686479557e-03
1.825535189160297760e-03
1.769633607076218562e-03
1.722816096189491546e-03
1.677917626177486505e-03
1.639208302217148297e-03
1.607375011407423046e-03
1.575091378690207048e-03
1.547919990972960406e-03
1.527723836174022746e-03
1.508038810546924241e-03
1.488141370435750333e-03
1.473122049617983653e-03
1.456120707687005768e-03
1.439448401521203728e-03
1.426946139800492914e-03
1.413804281735996787e-03
1.400491099199226109e-03
1.393813730279074015e-03
1.387224476652066611e-03
1.379574589966152268e-03
1.373682030868710133e-03
1.368622909189309671e-03
1.364769664896481023e-03
1.358828790904960089e-03
1.355216310042998669e-03
1.351494895880055213e-03
1.348190258450364170e-03
1.345508612863128770e-03
1.342607480461356032e-03
1.339625999119912775e-03
1.338236119953914449e-03
1.337095001153455753e-03
1.336592762259152011e-03
1.336211561038263499e-03
1.335217738481807260e-03
1.334740539673780115e-03
1.333707520666556259e-03
1.332804555606247792e-03
1.333009112890916684e-03
1.332479346467017314e-03
1.331882129711260557e-03
1.331396131683640436e-03
1.331359540397911373e-03
1.330889032842978801e-03
1.331213593050391275e-03
1.330930700238169449e-03
1.330818264642108463e-03
1.330208469029125259e-03
1.330191282884272096e-03
1.330067818271777041e-03
1.329519210942132828e-03
1.329251406900103715e-03
1.328710438922670219e-03
1.328670470908126407e-03
1.328529268884906913e-03
1.328558598295220524e-03
1.328703338229816639e-03
1.328705720017863160e-03
1.328646484663288619e-03
1.328565487598635381e-03
1.328609747767993052e-03
1.328445763330410529e-03
1.328319514703230888e-03
1.328212699779640973e-03
1.328168111420280351e-03
1.328175226664848581e-03
1.328179558840895079e-03
1.328157609755868142e-03
1.328113176832442042e-03
1.328124378754381779e-03
1.328102835357731614e-03
1.328109555727413366e-03
1.328117411545636298e-03
1.328108306623575858e-03
1.328118223196993099e-03
1.328126901163615087e-03
1.328131788100770814e-03
1.328132557723357829e-03
1.328106698327433544e-03
1.328082833620776101e-03
1.328086762749831418e-03
1.328093593487109092e-03
1.328103133731328061e-03
1.328105068464948552e-03
1.328111098168252265e-03
1.328103458115829742e-03
1.328101405480267136e-03
1.328096301502715553e-03
1.328092087458808759e-03
1.328093445394287015e-03
1.328095687755758217e-03
1.328096228669916083e-03
1.328096515486129224e-03
1.328093819500656596e-03
1.328094830954339774e-03
1.328096155173710434e-03
1.328095621431267179e-03
1.328097020755339809e-03
1.328095093382348135e-03
1.328096420497635590e-03
1.328098249854062132e-03
1.328096377325629256e-03
1.328096475370786969e-03
1.328098240781665869e-03
1.328098348991820681e-03
1.328098401895990658e-03
1.328098699215610103e-03
1.328097938021802465e-03
1.328096706160696505e-03
1.328096773159688580e-03
1.328096824506205462e-03
1.328096016425720557e-03
1.328096088931396716e-03
1.328095321662079191e-03
1.328095797216300410e-03
1.328095710840690186e-03
1.328095154086163373e-03
1.328094594296582798e-03
1.328094594857560928e-03
1.328094699127115507e-03
1.328095061697007369e-03
1.328094628936001085e-03
1.328095285068428338e-03
1.328094998894676325e-03
1.328094865958669938e-03
1.328094912377134279e-03
1.328094951502737644e-03
1.328094931490354184e-03
1.328094923891173351e-03
1.328095086832522132e-03
1.328095188368779616e-03
1.328095471648352158e-03
1.328095430357986934e-03
1.328095269438776468e-03
1.328095318282207504e-03
1.328095246444782390e-03
1.328095084445120224e-03
1.328095139278433461e-03
1.328095169391834600e-03
1.328095102782797738e-03
1.328095178677970696e-03
1.328095163718952731e-03
1.328095197302367643e-03
1.328095150864403709e-03
1.328095155594468573e-03
1.328095134527260265e-03
1.328095160846333271e-03
1.328095134226052855e-03
1.328095146048381995e-03
1.328095158617272802e-03
1.328095154939797594e-03
1.328095180293001288e-03
1.328095188300781708e-03
1.328095179532606069e-03
1.328095197872311692e-03
1.328095203550371060e-03
1.328095195941592001e-03
1.328095182339367403e-03
1.328095205731603034e-03
1.328095201683053344e-03
1.328095186774507809e-03
1.328095201801235718e-03
1.328095194030055317e-03
1.328095193443652212e-03
1.328095198863518374e-03
1.328095191919580111e-03
1.328095200973523470e-03
1.328095198630869405e-03
1.328095198043077870e-03
1.328095191986345064e-03
1.328095184086910486e-03
1.328095183549962612e-03
1.328095184883173064e-03
1.328095180486856203e-03
1.328095182897474566e-03
1.328095180959240488e-03
1.328095182019767588e-03
1.328095185971984614e-03
1.328095187785143178e-03
1.328095189074504374e-03
1.328095191597748140e-03
1.328095191952375926e-03
1.328095193740687829e-03
1.328095194110459967e-03
1.328095191910497099e-03
1.328095192931863684e-03
1.328095192686609780e-03
1.328095191842562075e-03
1.328095192809880531e-03
1.328095192594540633e-03
1.328095192507886208e-03
1.328095192149172064e-03
1.328095191577730516e-03
1.328095191552037960e-03
1.328095191293061526e-03
1.328095191110497710e-03
1.328095191425438708e-03
1.328095191554791400e-03
1.328095190945184634e-03
1.328095191064020781e-03
1.328095191120278514e-03
1.328095191023217483e-03
1.328095191139715657e-03
1.328095191466657689e-03
1.328095191879389170e-03
1.328095191829680236e-03
1.328095191672756066e-03
1.328095191724323974e-03
1.328095191859967206e-03
1.328095191630890032e-03
1.328095191474504711e-03
1.328095191455950109e-03
1.328095191387446312e-03
1.328095191360314370e-03
1.328095191427601258e-03
1.328095191455303491e-03
1.328095191638990324e-03
1.328095191772175453e-03
1.328095191635477726e-03
1.328095191543764847e-03
1.328095191515829294e-03
1.328095191455062798e-03
1.328095191488310074e-03
1.328095191501741171e-03
1.328095191463706057e-03
1.328095191397885661e-03
1.328095191315379611e-03
1.328095191368030854e-03
1.328095191297415031e-03
1.328095191322008857e-03
1.328095191312730254e-03
1.328095191315309355e-03
1.328095191309589104e-03
1.328095191279295194e-03
1.328095191241269188e-03
1.328095191242687325e-03
1.328095191241427048e-03
1.328095191238126303e-03
1.328095191223319137e-03
1.328095191208137705e-03
1.328095191214264314e-03
1.328095191206738000e-03
1.328095191211816619e-03
1.328095191225736908e-03
1.328095191245973541e-03
1.328095191249082166e-03
1.328095191243817931e-03
1.328095191236843692e-03
1.328095191233613203e-03
1.328095191239019252e-03
1.328095191243943698e-03
1.328095191244458911e-03
1.328095191243514354e-03
1.328095191243928953e-03
1.328095191243499392e-03
1.328095191248791383e-03
1.328095191251993682e-03
1.328095191255537289e-03
1.328095191256518925e-03
1.328095191257265073e-03
1.328095191256811877e-03
1.328095191259851329e-03
1.328095191260206731e-03
1.328095191259538862e-03
1.328095191256616937e-03
1.328095191256027999e-03
1.328095191253618468e-03
1.328095191254697032e-03
1.328095191253877158e-03
1.328095191254772709e-03
1.328095191257017658e-03
1.328095191258189030e-03
1.328095191259986421e-03
1.328095191259719924e-03
1.328095191259196688e-03
1.328095191259361053e-03
1.328095191259648800e-03
1.328095191258228929e-03
1.328095191257218236e-03
1.328095191256814479e-03
1.328095191256745524e-03
1.328095191254216731e-03
1.328095191251146053e-03
1.328095191252745251e-03
1.328095191255400462e-03
1.328095191256798650e-03
1.328095191257373494e-03
1.328095191256188027e-03
1.328095191256932223e-03
1.328095191254844917e-03
1.328095191252877524e-03
1.328095191253269788e-03
1.328095191252844347e-03
1.328095191252661334e-03
1.328095191251958771e-03
1.328095191251664302e-03
1.328095191250684617e-03
1.328095191250193039e-03
1.328095191251147354e-03
1.328095191251885262e-03
1.328095191249990944e-03
1.328095191249920254e-03
1.328095191248598178e-03
1.328095191247691568e-03
1.328095191248850580e-03
1.328095191247671185e-03
1.328095191247086583e-03
1.328095191246644663e-03
1.328095191246202308e-03
1.328095191244997543e-03
1.328095191244083127e-03
1.328095191245178821e-03
1.328095191246070469e-03
1.328095191248547437e-03
1.328095191248228899e-03
1.328095191249293152e-03
1.328095191248430127e-03
1.328095191248614875e-03
