1.823680216986010016e-01
1.523699473418278216e-01
1.363513926713946500e-01
1.222051851279469803e-01
1.097397005175863305e-01
9.829580314304064981e-02
8.630510308348257609e-02
7.572619516402848139e-02
6.682398717248211328e-02
5.886336494274672926e-02
5.253677674537347159e-02
4.558605474565998600e-02
4.019521380120031490e-02
3.509504044994991856e-02
3.069466751981338865e-02
2.686257728097669537e-02
2.323241463018310346e-02
1.990882829697470519e-02
1.743926380211232099e-02
1.494391073806524729e-02
1.269294330901349181e-02
1.082122903463869808e-02
9.216676863558334251e-03
7.647386746406571040e-03
6.552923778154078928e-03
5.555554138132376071e-03
4.772078802884808027e-03
4.219092196680686302e-03
3.839763444448139693e-03
3.463326259619954519e-03
3.164163101626319991e-03
2.967379389425049523e-03
2.766765915616767758e-03
2.666112215316773955e-03
2.549126396804660393e-03
2.460893434576247839e-03
2.363214917502811339e-03
2.300391269464231898e-03
2.244072201462933309e-03
2.198989475935786593e-03
2.144512088415017389e-03
2.112965963930445081e-03
2.085473597984886015e-03
2.037742647961497764e-03
2.020268738435429968e-03
1.992477804387564680e-03
1.977704172068861597e-03
1.955995636350223253e-03
1.944282968572905125e-03
1.931378116721456590e-03
1.909836647061324702e-03
1.897280168360939443e-03
1.894240346884564202e-03
1.882914973058895684e-03
1.870035978813607567e-03
1.861881139683810868e-03
1.848967046648941192e-03
1.847147434885752781e-03
1.841686451275207888e-03
1.834565683074777104e-03
1.831886183876747830e-03
1.825571484683213711e-03
1.819591554979946724e-03
1.820496811051215994e-03
1.816292063322613812e-03
1.812881793533629125e-03
1.810012341080396081e-03
1.808011782055382903e-03
1.804458342716943036e-03
1.802573676617047352e-03
1.803085507407613166e-03
1.802951196692412043e-03
1.802600923924352946e-03
1.804038439118389216e-03
1.803720188330218367e-03
1.804453992583790684e-03
1.805655036126983977e-03
1.803982011525799177e-03
1.803297951022166980e-03
1.804888410039048223e-03
1.803775717426814654e-03
1.804413937824031044e-03
1.805584649636134869e-03
1.805552368968520649e-03
1.807480694898806013e-03
1.808733884123124623e-03
1.808706449614791998e-03
1.809634190057735461e-03
1.809471693119874859e-03
1.809582738304223431e-03
1.809528545326208153e-03
1.810194572327439777e-03
1.810519622950455126e-03
1.811391662702594276e-03
1.810986809228917055e-03
1.810922787414986478e-03
1.811854541602914972e-03
1.811789320065671513e-03
1.812658800026866780e-03
1.812742735622939515e-03
1.812745477322028412e-03
1.812455555700494009e-03
1.812174664769554888e-03
1.812158138140591759e-03
1.812289226395539165e-03
1.812209817540440032e-03
1.812359584996717015e-03
1.812441780146925282e-03
1.812026228360568087e-03
1.812012576395464125e-03
1.812056842503691201e-03
1.812267307689525769e-03
1.812213709716459448e-03
1.812217286141941386e-03
1.812191312903624124e-03
1.812396472661457472e-03
1.812577786599500274e-03
1.812577627827750620e-03
1.812659971809829325e-03
1.812798953867711177e-03
1.812753769578656941e-03
1.812809125260441637e-03
1.812967759753618489e-03
1.812953813643354908e-03
1.813008473312857291e-03
1.813027574705909856e-03
1.813019391613132246e-03
1.812996714620098869e-03
1.813001305423510767e-03
1.813091775165520062e-03
1.813098194256852758e-03
1.813096739879939802e-03
1.813122435482313315e-03
1.813047224024470555e-03
1.813118075204665693e-03
1.813092988779079970e-03
1.813102224028020340e-03
1.813084932287162580e-03
1.813084505997375256e-03
1.813081154797395412e-03
1.813107885301041026e-03
1.813126910982029369e-03
1.813105083637749906e-03
1.813091920255192760e-03
1.813092887375075419e-03
1.813095605362190742e-03
1.813098160192229674e-03
1.813111610382439317e-03
1.813130112095425210e-03
1.813130425491581458e-03
1.813143525525235007e-03
1.813131019490162249e-03
1.813153893664056241e-03
1.813143036960049954e-03
1.813135824358695245e-03
1.813136576687561334e-03
1.813136902932594059e-03
1.813134593183868878e-03
1.813133775080901346e-03
1.813139102483410934e-03
1.813140562003266818e-03
1.813139502805779070e-03
1.813138515245519373e-03
1.813135725597136419e-03
1.813138588590847882e-03
1.813142475424982594e-03
1.813143486993679674e-03
1.813141875327582003e-03
1.813140781611050816e-03
1.813143732687476795e-03
1.813146448897880528e-03
1.813147167902246122e-03
1.813147794065816986e-03
1.813148380757533245e-03
1.813148111094168690e-03
1.813146421722531751e-03
1.813146958939259234e-03
1.813146431869730804e-03
1.813145624240923440e-03
1.813145564997236010e-03
1.813145878746773645e-03
1.813145649587818379e-03
1.813146743387607403e-03
1.813147180010951870e-03
1.813146908679869919e-03
1.813147306220422696e-03
1.813147074670537744e-03
1.813147336228298871e-03
1.813147358490378204e-03
1.813147307250588449e-03
1.813147641136944729e-03
1.813147466619322370e-03
1.813147434727592011e-03
1.813147202588972270e-03
1.813147608814348307e-03
1.813147718986688308e-03
1.813147832154315270e-03
1.813147866381929502e-03
1.813147556701315884e-03
1.813147572544993166e-03
1.813147750678994205e-03
1.813147927114669954e-03
1.813147906214195243e-03
1.813148052563755752e-03
1.813148170050184541e-03
1.813148076287115617e-03
1.813148080050122884e-03
1.813148237653339819e-03
1.813148207713452444e-03
1.813148196309271676e-03
1.813148223071472638e-03
1.813148168371007561e-03
1.813148090907394346e-03
1.813148134001174626e-03
1.813148110037202543e-03
1.813148078273450975e-03
1.813148072903015542e-03
1.813148075018286391e-03
1.813148141445284408e-03
1.813148164612211986e-03
1.813148166648472902e-03
1.813148179557470341e-03
1.813148118636992044e-03
1.813148089879565049e-03
1.813148097451703928e-03
1.813148081191733778e-03
1.813148054808075716e-03
1.813148039885583221e-03
1.813148037267689038e-03
1.813148019645652613e-03
1.813148017037506925e-03
1.813148007663922768e-03
1.813147999016824974e-03
1.813147971059170119e-03
1.813147968250663003e-03
1.813147948986681100e-03
1.813147968329260071e-03
1.813147975978419806e-03
1.813147994916684174e-03
1.813147986155770304e-03
1.813147992612625537e-03
1.813148002466838469e-03
1.813148004613667841e-03
1.813148002346371031e-03
1.813148008701735182e-03
1.813148009741781704e-03
1.813148009937968954e-03
1.813148012992882915e-03
1.813148015042501853e-03
1.813148017917308582e-03
1.813148013986551170e-03
1.813148013251130114e-03
1.813148016130239175e-03
1.813148014680007964e-03
1.813148014265141255e-03
1.813148014981183715e-03
1.813148014684828110e-03
1.813148014496256729e-03
1.813148016865777324e-03
1.813148016272344686e-03
1.813148017215865122e-03
1.813148019069503241e-03
1.813148019960517283e-03
1.813148020155378772e-03
1.813148021098879041e-03
1.813148019915243603e-03
1.813148018984186505e-03
1.813148019233084846e-03
1.813148020315294038e-03
1.813148020194006943e-03
1.813148019989607946e-03
1.813148019462789990e-03
1.813148018979530074e-03
1.813148019250836922e-03
1.813148019306241171e-03
1.813148019195458044e-03
1.813148019410972282e-03
1.813148019317907620e-03
1.813148019294717837e-03
1.813148018884893535e-03
1.813148018595801001e-03
1.813148018726556867e-03
1.813148018918731052e-03
1.813148019089364090e-03
1.813148018948510182e-03
1.813148019039575575e-03
1.813148019181821816e-03
1.813148019267724021e-03
1.813148019387826517e-03
1.813148019528768463e-03
1.813148019549008999e-03
1.813148019692131709e-03
1.813148019710210347e-03
1.813148019617818324e-03
1.813148019741952317e-03
1.813148019754941710e-03
1.813148019797200441e-03
1.813148019812041867e-03
1.813148019799042717e-03
1.813148019764410047e-03
1.813148019742136848e-03
1.813148019785835834e-03
1.813148019738811166e-03
1.813148019761305759e-03
1.813148019694468382e-03
1.813148019691873019e-03
1.813148019721165342e-03
1.813148019721925368e-03
1.813148019720633216e-03
1.813148019730370219e-03
1.813148019712304592e-03
1.813148019721626345e-03
1.813148019730295626e-03
1.813148019733812778e-03
1.813148019737110270e-03
1.813148019726273019e-03
1.813148019732916359e-03
1.813148019732083041e-03
1.813148019729601303e-03
1.813148019734987402e-03
1.813148019741698180e-03
1.813148019740986943e-03
1.813148019733480578e-03
1.813148019738890530e-03
1.813148019736216671e-03
1.813148019743220834e-03
1.813148019745131631e-03
1.813148019743993219e-03
1.813148019744750643e-03
1.813148019744543126e-03
1.813148019739433715e-03
1.813148019740655177e-03
1.813148019741508011e-03
1.813148019745649013e-03
1.813148019746560393e-03
1.813148019742964745e-03
1.813148019743451985e-03
1.813148019743492535e-03
1.813148019744806154e-03
1.813148019744240417e-03
1.813148019744304168e-03
1.813148019744122239e-03
1.813148019742379709e-03
1.813148019741297459e-03
1.813148019741367715e-03
1.813148019742909884e-03
1.813148019743025677e-03
1.813148019744993938e-03
1.813148019744253645e-03
1.813148019744423214e-03
1.813148019744641355e-03
1.813148019745637520e-03
1.813148019746348757e-03
1.813148019746978461e-03
1.813148019746170080e-03
1.813148019745367337e-03
1.813148019744840415e-03
1.813148019745262603e-03
1.813148019744725056e-03
1.813148019744497156e-03
1.813148019745219018e-03
1.813148019745119055e-03
1.813148019745014971e-03
1.813148019744844535e-03
1.813148019745029283e-03
1.813148019744651330e-03
1.813148019744631597e-03
1.813148019744464630e-03
1.813148019744811792e-03
1.813148019744790325e-03
1.813148019745339365e-03
1.813148019745109080e-03
1.813148019745213380e-03
1.813148019745215766e-03
1.813148019745160688e-03
1.813148019745154833e-03
1.813148019745488984e-03
1.813148019745587213e-03
1.813148019745686309e-03
1.813148019745805571e-03
1.813148019745860432e-03
1.813148019745734014e-03
1.813148019745680888e-03
1.813148019745724473e-03
1.813148019745750711e-03
1.813148019745489852e-03
1.813148019745122958e-03
1.813148019744860798e-03
1.813148019745235932e-03
1.813148019745505464e-03
1.813148019745224005e-03
1.813148019745595670e-03
1.813148019745576805e-03
1.813148019745617354e-03
1.813148019745729677e-03
1.813148019745752662e-03
1.813148019745906836e-03
1.813148019746519410e-03
1.813148019746440914e-03
