1.187603231475140131e+00
1.092726761195070839e+00
9.959774658804940728e-01
9.092640491543794168e-01
8.291131645929830096e-01
7.602662779017892447e-01
6.955926901650826277e-01
6.365944050503643536e-01
5.809968274116669162e-01
5.308658862604788142e-01
4.879103157031288163e-01
4.464089362064562194e-01
4.085033311868428441e-01
3.752159535313334127e-01
3.410611964023421705e-01
3.123899849467773326e-01
2.848831127502670646e-01
2.605040503296875420e-01
2.393358230764463801e-01
2.190541510565200967e-01
2.004157231061675648e-01
1.834104839056287239e-01
1.672821671104285091e-01
1.532984727145072501e-01
1.402458164548467667e-01
1.285431996129615950e-01
1.181948294480704154e-01
1.081309077087869580e-01
9.957804409979868765e-02
9.097516786898629526e-02
8.343438499788075058e-02
7.692934824435723740e-02
6.972509186059198949e-02
6.407084207959089228e-02
5.874824311897558493e-02
5.402180609708755188e-02
4.940442995055886050e-02
4.538930954577258259e-02
4.132326247992993556e-02
3.785415408198412879e-02
3.463924245950792541e-02
3.176145020939793312e-02
2.903498406649259941e-02
2.637884259878478521e-02
2.405248528500132307e-02
2.207521029166716053e-02
2.034313387850454971e-02
1.862908428754065163e-02
1.701065357891568680e-02
1.559178410398237048e-02
1.437516413003813755e-02
1.318263499873561888e-02
1.219415051141547156e-02
1.114175278064477581e-02
1.023556010674320574e-02
9.474612457953224265e-03
8.712168370102517378e-03
7.985591726984785088e-03
7.348772376217455569e-03
6.749181592823006760e-03
6.333103786726332167e-03
5.842436868166617919e-03
5.418643830146774136e-03
5.026070458301684467e-03
4.669184810775959225e-03
4.365984539749639785e-03
4.081935172119539185e-03
3.790416905511924135e-03
3.520450677148443275e-03
3.309152562720879542e-03
3.108896330428490441e-03
2.922557035933943427e-03
2.748118913659781861e-03
2.617395994025940777e-03
2.514076893717302492e-03
2.392952690180845908e-03
2.299026960811006298e-03
2.199064165398265103e-03
2.123745398747554306e-03
2.053484606675626788e-03
1.972154725077902501e-03
1.908901638846970941e-03
1.845340238666133082e-03
1.804908533918950751e-03
1.764769449401985260e-03
1.727570048286167920e-03
1.697183255838809668e-03
1.662571170076675023e-03
1.635452172648470086e-03
1.616018295378862093e-03
1.598213409470753549e-03
1.575887874796222865e-03
1.563159333657829610e-03
1.547098736691524413e-03
1.534927866539814462e-03
1.520200101046667975e-03
1.509906313273626536e-03
1.498869240919294393e-03
1.491886814164075127e-03
1.484923236342238937e-03
1.477636776210264303e-03
1.469917191384384741e-03
1.465159928159046315e-03
1.463241317682096448e-03
1.455143884356373610e-03
1.450824834880259625e-03
1.446530421050685545e-03
1.442548802305233628e-03
1.440335869750184036e-03
1.437549317591797684e-03
1.435819799361592181e-03
1.434126568715809015e-03
1.433074416994239162e-03
1.431432409843017440e-03
1.430878702895093920e-03
1.430010898887646396e-03
1.428698882011324384e-03
1.427087208935530612e-03
1.426662795835800671e-03
1.426585270794216440e-03
1.425358212973105347e-03
1.424950445747155897e-03
1.424435664318337690e-03
1.424235484066867794e-03
1.423821857648673462e-03
1.423820814077645259e-03
1.423310673547470949e-03
1.423062900655067782e-03
1.422830864107018289e-03
1.422686091144288560e-03
1.422359984308921906e-03
1.422336222660085638e-03
1.422273311402589202e-03
1.422228116682048779e-03
1.422155670484597781e-03
1.422130663406989031e-03
1.422115074628892530e-03
1.422057529005911133e-03
1.421945633729896231e-03
1.421892590240717100e-03
1.421818500287085887e-03
1.421745993291577978e-03
1.421736106287827114e-03
1.421770898199355756e-03
1.421781526671179541e-03
1.421791916656269059e-03
1.421742195677140651e-03
1.421727180130204389e-03
1.421689853602269666e-03
1.421659499474920221e-03
1.421562484158801721e-03
1.421562672562275750e-03
1.421552180802345073e-03
1.421547297181550203e-03
1.421524807458454664e-03
1.421512995962349911e-03
1.421482436458468279e-03
1.421471943817276392e-03
1.421479775804304060e-03
1.421458445700214809e-03
1.421455762554636260e-03
1.421458926637669600e-03
1.421455181265011752e-03
1.421463523637209962e-03
1.421459891025181072e-03
1.421466913849068169e-03
1.421466522160177428e-03
1.421457595395110487e-03
1.421457647687759647e-03
1.421469058208968753e-03
1.421467227117443602e-03
1.421469588489281035e-03
1.421467090970026260e-03
1.421469419864392894e-03
1.421465873184703374e-03
1.421467438675548403e-03
1.421468561466082995e-03
1.421474175870102380e-03
1.421473793114651132e-03
1.421472293349572945e-03
1.421473790370238145e-03
1.421475693127556604e-03
1.421474672134835464e-03
1.421477436908950842e-03
1.421477057789137608e-03
1.421475895560028648e-03
1.421475940910967798e-03
1.421475532105862579e-03
1.421476265628877477e-03
1.421476695701040472e-03
1.421476949174468266e-03
1.421477605806444272e-03
1.421477758030141461e-03
1.421477646841832901e-03
1.421477905871144573e-03
1.421477899773873664e-03
1.421477755633355567e-03
1.421478029575143440e-03
1.421478063728011474e-03
1.421477592737435507e-03
1.421477306706698217e-03
1.421477581648581713e-03
1.421477702889234864e-03
1.421478069887397409e-03
1.421478224584474823e-03
1.421478487771561097e-03
1.421478583617247736e-03
1.421478598680359518e-03
1.421478547711091866e-03
1.421478573889153971e-03
1.421478318393687608e-03
1.421478361195683496e-03
1.421478343568249479e-03
1.421478436881693256e-03
1.421478416561338699e-03
1.421478525992720407e-03
1.421478594985921967e-03
1.421478570313106093e-03
1.421478491296403841e-03
1.421478457201661404e-03
1.421478380805457587e-03
1.421478406112892121e-03
1.421478401477556603e-03
1.421478431411189215e-03
1.421478405577644927e-03
1.421478418956032734e-03
1.421478387708009251e-03
1.421478364699624991e-03
1.421478374674586820e-03
1.421478352571281523e-03
1.421478352630029885e-03
1.421478358399172210e-03
1.421478361734593125e-03
1.421478343646528659e-03
1.421478353644158770e-03
1.421478331574653692e-03
1.421478315762518888e-03
1.421478317441301868e-03
1.421478317185855813e-03
1.421478310111370935e-03
1.421478299321573061e-03
1.421478297281768320e-03
1.421478297314075594e-03
1.421478301356201169e-03
1.421478304107656916e-03
1.421478305002702022e-03
1.421478306002697681e-03
1.421478304597678351e-03
1.421478301513564657e-03
1.421478302603686140e-03
1.421478299327139571e-03
1.421478293941532897e-03
1.421478292363951082e-03
1.421478293897702290e-03
1.421478292975507460e-03
1.421478292943437844e-03
1.421478292148649998e-03
1.421478290952458631e-03
1.421478288973265997e-03
1.421478290812236162e-03
1.421478291668961010e-03
1.421478292542336817e-03
1.421478292754457286e-03
1.421478292596944394e-03
1.421478292214337904e-03
1.421478291979029170e-03
1.421478292484433265e-03
1.421478291544388348e-03
1.421478291970762345e-03
1.421478292125631952e-03
1.421478292608790387e-03
1.421478293351641697e-03
1.421478292785132835e-03
1.421478293143999200e-03
1.421478293584368079e-03
1.421478293411956081e-03
1.421478293045685265e-03
1.421478293322099356e-03
1.421478293960340552e-03
1.421478294666243770e-03
1.421478294346776227e-03
1.421478294245216841e-03
1.421478294559663878e-03
1.421478294777303369e-03
1.421478294940075725e-03
1.421478295098622729e-03
1.421478295188531495e-03
1.421478295303721037e-03
1.421478294970273792e-03
1.421478294863748543e-03
1.421478295006778445e-03
1.421478295397209622e-03
1.421478295211968477e-03
1.421478295307645415e-03
1.421478295215479991e-03
1.421478295191119920e-03
1.421478295180598605e-03
1.421478295151522037e-03
1.421478295184571772e-03
1.421478295183423602e-03
1.421478295071857030e-03
1.421478295058332042e-03
1.421478295049911911e-03
1.421478295051207315e-03
1.421478295051906192e-03
1.421478295005004040e-03
1.421478295061936580e-03
1.421478295090475600e-03
1.421478295086379918e-03
1.421478295050575442e-03
1.421478295034102508e-03
1.421478295021430787e-03
1.421478295051874750e-03
1.421478295017261379e-03
1.421478295024856649e-03
1.421478295024365505e-03
1.421478295035088048e-03
1.421478295045370405e-03
1.421478295028965992e-03
1.421478295031658283e-03
1.421478295022442131e-03
1.421478295005293956e-03
1.421478294997835295e-03
1.421478294994074415e-03
1.421478294995731076e-03
1.421478294997513504e-03
1.421478294991611541e-03
1.421478294985540009e-03
1.421478294990369045e-03
1.421478294989051957e-03
1.421478294991299724e-03
1.421478294995318645e-03
1.421478294999979847e-03
1.421478295001524618e-03
1.421478294999127014e-03
1.421478294997840933e-03
1.421478294997916610e-03
1.421478294997092183e-03
1.421478294997636019e-03
1.421478294998496225e-03
1.421478294998447869e-03
1.421478294999331711e-03
1.421478295000525201e-03
1.421478294997480544e-03
1.421478294998682274e-03
1.421478294998230162e-03
1.421478294998107647e-03
1.421478294997821851e-03
1.421478294997265222e-03
1.421478294996121605e-03
1.421478294997178702e-03
1.421478294998057340e-03
1.421478294998120874e-03
1.421478294999576307e-03
1.421478294999303305e-03
1.421478294999959247e-03
1.421478295000059644e-03
1.421478295000513275e-03
1.421478295000372762e-03
1.421478294999303088e-03
1.421478294998808041e-03
1.421478294997670063e-03
1.421478294997662256e-03
1.421478294998875262e-03
1.421478294998158171e-03
1.421478294999419315e-03
1.421478294996471802e-03
1.421478294999368791e-03
1.421478295001217355e-03
1.421478295000492675e-03
1.421478294998510753e-03
1.421478294999990689e-03
1.421478295002506905e-03
1.421478295003345861e-03
1.421478295004883260e-03
1.421478295002885509e-03
1.421478295001936615e-03
1.421478295001430293e-03
1.421478295001463252e-03
1.421478295000203626e-03
1.421478295001081396e-03
1.421478294998360700e-03
1.421478294997164174e-03
1.421478294996752394e-03
1.421478294997211879e-03
1.421478294999589968e-03
1.421478294998194166e-03
1.421478294997335478e-03
1.421478294997924200e-03
1.421478294998053437e-03
1.421478294998231896e-03
1.421478294996608195e-03
1.421478294992689672e-03
1.421478294989857736e-03
1.421478294991202363e-03
1.421478294989150185e-03
1.421478294992976985e-03
1.421478294992526174e-03
1.421478294992560435e-03
1.421478294991002003e-03
