3.314015422981332892e-01
2.153312585643770427e-01
1.352803881843761824e-01
1.132291427774539810e-01
8.732101553622635681e-02
6.550783948851642002e-02
4.991159726734588353e-02
3.802986495549637996e-02
3.258411977128138071e-02
3.005913486704512097e-02
2.653190624992179947e-02
2.240289422995632787e-02
1.867345851428683229e-02
1.530385300293729198e-02
1.314662856586335492e-02
1.130768482838000015e-02
9.137879332382329786e-03
7.649334123064264329e-03
6.334309962573926589e-03
5.417302722596644554e-03
4.538595827407633163e-03
4.089083762984209967e-03
3.697564618347447870e-03
3.301975415162165025e-03
2.517232037541730465e-03
2.236550615998382421e-03
1.899239010517004417e-03
1.752952900929672124e-03
1.660076478632694589e-03
1.535069955843434367e-03
1.506497027316578991e-03
1.405420834387504075e-03
1.353312874126406853e-03
1.251823228667647099e-03
1.152136710203890491e-03
1.082608638680262851e-03
1.039782147360297955e-03
9.993525264486130110e-04
8.949281977092723691e-04
9.029940904102795856e-04
8.624812951781110236e-04
8.222580404639550766e-04
8.144135729393383845e-04
7.880467344739413389e-04
7.660159677631350273e-04
7.390909182036967508e-04
7.171078253567373046e-04
6.947543069082534866e-04
6.787601109251365211e-04
6.645776483785394064e-04
6.435027499957535506e-04
6.187331185244648738e-04
6.061319209576532252e-04
5.875107735054306774e-04
5.706718091855118077e-04
5.533890502195123020e-04
5.447649075967722502e-04
5.438384398736013491e-04
5.347163753121234693e-04
5.296985908662634650e-04
5.202071859034859257e-04
5.081630199642770372e-04
4.982553109289140914e-04
4.866573393406745237e-04
4.754994039201774114e-04
4.633428229789133667e-04
4.528386731119103431e-04
4.397425181377148814e-04
4.362885806104085549e-04
4.275009925219988701e-04
4.196625392170410347e-04
4.136679906827245442e-04
4.042576343508287985e-04
3.979455119989931417e-04
3.932066507631135381e-04
3.884593944471885236e-04
3.814117380013935148e-04
3.780457578297763389e-04
3.712886673529949139e-04
3.668689432912396729e-04
3.627189646058696188e-04
3.591752524762398279e-04
3.567369094609132841e-04
3.507322712752864433e-04
3.440126644260002066e-04
3.402156569590074255e-04
3.378233907338065375e-04
3.349555090822612172e-04
3.321746750179183734e-04
3.298346806705283372e-04
3.267399275790506142e-04
3.233344517755614507e-04
3.203866134139926472e-04
3.184211881326320785e-04
3.160291406093246455e-04
3.107139331319521379e-04
3.081733930288077603e-04
3.056800888886685753e-04
3.042131325157716943e-04
3.009452102077308871e-04
2.968042094319974194e-04
2.943973591528800237e-04
2.919516008150640249e-04
2.891206787681131372e-04
2.861484356582960718e-04
2.822656891603276229e-04
2.771959785143231626e-04
2.744375685533677312e-04
2.720607069732108429e-04
2.708117032845218527e-04
2.680073591712519416e-04
2.650297630906273214e-04
2.622333687529960285e-04
2.613928795229344569e-04
2.588109766389173048e-04
2.571095739593366497e-04
2.546832377710773641e-04
2.523592681276243927e-04
2.501617456189911292e-04
2.486171003432783048e-04
2.471901364920405398e-04
2.442260854290323946e-04
2.434240546139956776e-04
2.422670543533163388e-04
2.390976485256370737e-04
2.381270660214371293e-04
2.365304467937261624e-04
2.340814972608571353e-04
2.324650117522798721e-04
2.297207818245295308e-04
2.285465980471927314e-04
2.268053636221287802e-04
2.242293984065879368e-04
2.220556452123697796e-04
2.202857178874822845e-04
2.180406922731569234e-04
2.167310160437000419e-04
2.165610701753830985e-04
2.153166857683699159e-04
2.127195224433208853e-04
2.115037231241571902e-04
2.097522227985806171e-04
2.083044228066029374e-04
2.060062350391329378e-04
2.052869696933946994e-04
2.040982784298321108e-04
2.025738552800217728e-04
2.021837972807811481e-04
1.994710509365772233e-04
1.977080666995138574e-04
1.955953892233424263e-04
1.932957075275799116e-04
1.915630022995998640e-04
1.907724386062094259e-04
1.879350825305834913e-04
1.851894107757272269e-04
1.841317528441301652e-04
1.817332670444795771e-04
1.796000592937062584e-04
1.751235099567133150e-04
1.713395028316276885e-04
1.703009186385965267e-04
1.692328304534120465e-04
1.642899548345304512e-04
1.603201587228251222e-04
1.593927228284998626e-04
1.584157850356828834e-04
1.570298344398012903e-04
1.549968182531380348e-04
1.525268530896852338e-04
1.499654169702558000e-04
1.466570390840587590e-04
1.444026252620008843e-04
1.419556343660810190e-04
1.409410889915133547e-04
1.364802416374810419e-04
1.342238598767134716e-04
1.340270622754006797e-04
1.297573600036987652e-04
1.263806394772771407e-04
1.238528050470162254e-04
1.202127763103769646e-04
1.185979209297695260e-04
1.157200497442521439e-04
1.138796255246555769e-04
1.117691203296551416e-04
1.091884448872532023e-04
1.078504645815985121e-04
1.062148070644487963e-04
1.038869485310296687e-04
1.004221521212933266e-04
9.807932834718611776e-05
9.459309155741543794e-05
9.249542839585652332e-05
9.105101750483709079e-05
8.890084837961188856e-05
8.714193042376984694e-05
8.422718955373585843e-05
8.201602845658533653e-05
8.160236305422554021e-05
7.996474822586670380e-05
7.830806907466623056e-05
7.620780376910433107e-05
7.483824671896259256e-05
7.333214723923741274e-05
7.174240825847671304e-05
6.988472094647637026e-05
6.878532795511864146e-05
6.692634139724279441e-05
6.556363855071418566e-05
6.324003198468872600e-05
6.191368753729032629e-05
6.108780937527901736e-05
5.996797997284643213e-05
5.851075420104723051e-05
5.688216462604377637e-05
5.487353760797709869e-05
5.339784119350322438e-05
5.132260524133696873e-05
5.027546122709439512e-05
4.934190632213910401e-05
4.830546868675175481e-05
4.743008387220013785e-05
4.633854808188130102e-05
4.537882825116434053e-05
4.424181267141665761e-05
4.339340944614705428e-05
4.225254385131496312e-05
4.066306315259116854e-05
4.002431862954483567e-05
3.857619654605156740e-05
3.766579850604455620e-05
3.667836721067633258e-05
3.563622625735858135e-05
3.529668634047790907e-05
3.457370047349806911e-05
3.400012880498358550e-05
3.304515322821160593e-05
3.191686075502170626e-05
3.140121031238585344e-05
3.095440236410528634e-05
3.062164878763027899e-05
2.999231670004236095e-05
2.929063984283235544e-05
2.859742663613206985e-05
2.822342109564841963e-05
2.772173114613492913e-05
2.741200339690518463e-05
2.702539303093876065e-05
2.650713566170560592e-05
2.591558407119067900e-05
2.567806348069932515e-05
2.534804889841826524e-05
2.491894939616535651e-05
2.464650197748963261e-05
2.415729671117530233e-05
2.368697382662563134e-05
2.308128550590169434e-05
2.243580542993474372e-05
2.197108079401684241e-05
2.163104321617098815e-05
2.117109505600564664e-05
2.073834868993228856e-05
2.038217279737386824e-05
2.016405690961272591e-05
2.000284495231513919e-05
1.961777023800990717e-05
1.923883967879766159e-05
1.891762347018547115e-05
1.856049871229190364e-05
1.821468980332091096e-05
1.799170384146693189e-05
1.779351408858090985e-05
1.732210228400568185e-05
1.710613104747509916e-05
1.679847251821555868e-05
1.654592566258508417e-05
1.600319575531096729e-05
1.578013873333320637e-05
1.558093340395474792e-05
1.535742461409219048e-05
1.514073728747480177e-05
1.477542702641811708e-05
1.443346608552141026e-05
1.428132144029927857e-05
1.415785438663744473e-05
1.392513201993270364e-05
1.366345631431105025e-05
1.348155133399476839e-05
1.314072726985694488e-05
1.299454411362810552e-05
1.288001025081451879e-05
1.264499318657172660e-05
1.246336485993265577e-05
1.234817676542717490e-05
1.211171944390872905e-05
1.191782610383274010e-05
1.173606785746391480e-05
1.160850992399061901e-05
1.139987054800093534e-05
1.123923788057392420e-05
1.103558562537385970e-05
1.082798315796278182e-05
1.066271886287156516e-05
1.049894888038509489e-05
1.025997909820893784e-05
1.007424259575735976e-05
9.889454315068546471e-06
9.745379785410782761e-06
9.572811101684090482e-06
9.408438976226410561e-06
9.250638624576240247e-06
9.147471449690969841e-06
8.969759879300394216e-06
8.825156369386131223e-06
8.629240350861107613e-06
8.494338546948994531e-06
8.324955683644360183e-06
8.158311493783680353e-06
8.026009005160906037e-06
7.932769572514474939e-06
7.788974948877198815e-06
7.438553467062841477e-06
7.366407762267508561e-06
7.262252828946154753e-06
7.218460206391946992e-06
7.064582115442803106e-06
6.756542272091240324e-06
6.623823768247447798e-06
6.554931653603357729e-06
6.475657128997529542e-06
6.359288400393627747e-06
6.311547802112950170e-06
6.190898799197271300e-06
6.113139358411633249e-06
6.044423015307499477e-06
5.941543775126836269e-06
5.833790539262430751e-06
5.714949413449725056e-06
5.555701467399157017e-06
5.496635503515668321e-06
5.389272464881488839e-06
5.231662067855659942e-06
5.105913515865636019e-06
4.988728162740284423e-06
4.878373579356443045e-06
4.531370735527610652e-06
4.438253051510909499e-06
4.333556322255887019e-06
4.137817295448800577e-06
4.048895977457384679e-06
3.918461344306110304e-06
3.804093826612787231e-06
3.653348430346014180e-06
3.394291299701336652e-06
3.233300862190782715e-06
3.084515147582967316e-06
2.999797907665588523e-06
2.971649971677657445e-06
2.900731371068259002e-06
2.672078773554585695e-06
2.516152626991809127e-06
2.229255014952720700e-06
2.161609648503878763e-06
2.058609011572807137e-06
1.823837898199468268e-06
1.813895350581837284e-06
1.779906757450772455e-06
1.757711435327666436e-06
1.595579285741124763e-06
1.574086288917083965e-06
1.531388778485869339e-06
1.506248134582089921e-06
1.499196494560309931e-06
1.473892888787079762e-06
1.429047990424191363e-06
1.403504196515755147e-06
1.367954047428477049e-06
1.335248935751795206e-06
1.313004513200742498e-06
1.154742589032650311e-06
1.100902262887947038e-06
1.083607579946051263e-06
1.059193865076022942e-06
1.039104701376279286e-06
1.015809336869111141e-06
9.813043605268118959e-07
9.757337967832058600e-07
9.604884733888236581e-07
9.463817002007759855e-07
9.285887320768520256e-07
9.305917473601146361e-07
9.073428361558876669e-07
8.886228302049170374e-07
8.847135282122174597e-07
8.747423924796620571e-07
8.751770402972809715e-07
8.718406293758152397e-07
8.544634084034257692e-07
