6.049802056272388029e+01
5.761308258189658460e+01
5.488199209494834463e+01
5.220806515156498051e+01
4.984382501549045941e+01
4.747928140043446632e+01
4.528907046905442968e+01
4.313329465902805282e+01
4.108233820963054228e+01
3.908943503484604065e+01
3.719761896222789233e+01
3.537532947854221987e+01
3.368325348601597113e+01
3.199567737544123247e+01
3.045754788079541697e+01
2.897729261637103093e+01
2.758535239192006117e+01
2.625624005253083837e+01
2.500456982221947300e+01
2.379106913789982158e+01
2.262730039558890027e+01
2.150944823674041828e+01
2.047514843741574708e+01
1.949336963778937104e+01
1.856274805063054245e+01
1.767238992558042909e+01
1.683288598348729082e+01
1.603290068600081142e+01
1.527844111385900305e+01
1.453818477672843024e+01
1.385521461968913925e+01
1.319828793518842680e+01
1.258193904790454098e+01
1.197185453454301829e+01
1.142189169612632682e+01
1.088243869107410688e+01
1.034605501199113142e+01
9.846584551177659961e+00
9.377180235355099924e+00
8.922822402253345331e+00
8.485502060605245589e+00
8.065996569623477441e+00
7.681369902949461093e+00
7.314713807480688779e+00
6.951801442369569095e+00
6.629047872448984080e+00
6.316140941487480731e+00
6.019296127689805154e+00
5.734699933772517078e+00
5.454256895332896704e+00
5.195685176417666362e+00
4.955834762953298167e+00
4.721256327118775076e+00
4.497253268146496730e+00
4.279903600207381587e+00
4.067662171850684238e+00
3.871905515773970574e+00
3.691540196118460404e+00
3.516163163842218164e+00
3.349686957548196897e+00
3.187535489725807913e+00
3.035787939283230763e+00
2.890307524485374202e+00
2.754596614481153338e+00
2.625816329156013929e+00
2.504161828406727963e+00
2.383428578878096893e+00
2.268603320396323397e+00
2.156286164994089649e+00
2.049561233594070497e+00
1.954157666961496842e+00
1.859391087989885394e+00
1.767569076472753631e+00
1.682752879486042685e+00
1.601291119997642287e+00
1.524328190431471164e+00
1.453465335385658364e+00
1.387491329641857396e+00
1.318480188086068594e+00
1.256000747004302198e+00
1.196263539118745944e+00
1.139693150279988076e+00
1.084937753650073722e+00
1.035681596593577947e+00
9.865024342540457125e-01
9.394426627192312695e-01
8.963277142541502540e-01
8.529290747279146823e-01
8.140295428634481967e-01
7.760005093225538220e-01
7.395447489577853251e-01
7.047565853330780561e-01
6.735435390256980792e-01
6.415153714765797766e-01
6.115432699628436941e-01
5.827424787152341024e-01
5.558544361526428501e-01
5.306166856564312750e-01
5.061312505019739394e-01
4.828379014996109220e-01
4.605790062762046833e-01
4.396316844649421074e-01
4.195725896770692298e-01
4.007981336585187404e-01
3.831624455940185192e-01
3.666163223256643233e-01
3.506831103654296511e-01
3.346261257955313595e-01
3.201177741118172437e-01
3.059860713967761936e-01
2.926780638299051884e-01
2.808972237750832490e-01
2.689832772076965473e-01
2.579485624116399367e-01
2.473199352286675201e-01
2.376511525772961042e-01
2.281866135072098400e-01
2.197104024879755479e-01
2.113072628318376223e-01
2.033636520712853446e-01
1.961277311467334583e-01
1.889263263650500513e-01
1.823234008891364555e-01
1.761823317439623338e-01
1.702951536772538133e-01
1.648174687494942947e-01
1.594074994028161496e-01
1.544695110322043541e-01
1.500083779545480778e-01
1.456522534742280550e-01
1.413864929716753538e-01
1.376852902249008637e-01
1.341147978988212475e-01
1.307248936140827378e-01
1.276862152593268296e-01
1.247808523929346824e-01
1.221785750907313645e-01
1.196374926633374108e-01
1.171995286382099960e-01
1.150105936095820874e-01
1.130065567031217078e-01
1.111069298255374926e-01
1.094041718868613150e-01
1.078359089917680369e-01
1.063865159108585007e-01
1.049180787836875295e-01
1.035450159916438961e-01
1.024011757856507221e-01
1.012294307259061499e-01
1.002393263279472563e-01
9.926814554914177580e-02
9.840557732427754334e-02
9.758898294025993014e-02
9.683115967460466378e-02
9.615083274502626842e-02
9.552105139501933240e-02
9.495119753154071529e-02
9.442545931481383104e-02
9.391759984965573904e-02
9.350412777556760258e-02
9.307602715440381480e-02
9.273170199335314945e-02
9.238967936954400884e-02
9.203693539509961996e-02
9.172169944222062499e-02
9.146191881656128009e-02
9.122491881727647078e-02
9.099250347150590612e-02
9.079329173086037041e-02
9.063073001766695780e-02
9.048008281865105307e-02
9.030512926024165943e-02
9.017746487150851697e-02
9.001229271710797786e-02
8.990941506673698347e-02
8.982041846660447637e-02
8.970509057428442679e-02
8.963767045384678223e-02
8.955586605731946648e-02
8.947106986162546571e-02
8.939968857744513830e-02
8.932836191375066737e-02
8.927690552018330283e-02
8.922618448805119673e-02
8.917937572167095039e-02
8.913306734124901154e-02
8.909073886919394170e-02
8.906810748576521330e-02
8.904790652231339698e-02
8.902763527775515995e-02
8.899443111899724146e-02
8.897543605015241497e-02
8.894234974202865074e-02
8.892451736461637335e-02
8.890339342385410182e-02
8.888113540056621908e-02
8.886482291251361632e-02
8.884988542621612140e-02
8.884185139690488342e-02
8.882887268915806711e-02
8.880949138886723437e-02
8.879612283608434575e-02
8.879005619232613333e-02
8.878122491150920725e-02
8.877086161238859074e-02
8.876573875059211305e-02
8.876060266637289531e-02
8.875640287199121348e-02
8.875241831023326922e-02
8.874697594469185824e-02
8.874091146239872219e-02
8.873379527365216068e-02
8.873098371352756975e-02
8.873065902560429985e-02
8.872440862126992900e-02
8.872128539127061009e-02
8.871705020250646168e-02
8.871463476205423970e-02
8.871174052635837082e-02
8.871032683602769753e-02
8.870937923815304382e-02
8.870646612445262646e-02
8.870316058786759106e-02
8.870209896242549352e-02
8.870211021842439036e-02
8.869938169233726466e-02
8.869855647401220233e-02
8.869843485510835179e-02
8.869939174359414702e-02
8.870031520706490868e-02
8.869926213747593435e-02
8.869798903334254192e-02
8.869895893562343425e-02
8.869809229475268675e-02
8.869755464574211046e-02
8.869729797591316411e-02
8.869679641374418610e-02
8.869669012833661381e-02
8.869652966953076034e-02
8.869700411930950268e-02
8.869637214131798064e-02
8.869646560871298491e-02
8.869623564069023525e-02
8.869540688684281193e-02
8.869561004223883161e-02
8.869536752189446926e-02
8.869487170177578483e-02
8.869463741963302950e-02
8.869393777347125973e-02
8.869377902405480019e-02
8.869404760492721751e-02
8.869383959414989249e-02
8.869366777211981634e-02
8.869315167598447458e-02
8.869331449968118064e-02
8.869331318820959653e-02
8.869356254293045416e-02
8.869320123112391097e-02
8.869263517756982573e-02
8.869304367377103815e-02
8.869307863111122736e-02
8.869310339574383584e-02
8.869334204464691951e-02
8.869311085307191034e-02
8.869352316369731593e-02
8.869388736090570713e-02
8.869380434645264544e-02
8.869372980117069816e-02
8.869381073118644265e-02
8.869372340729603232e-02
8.869344946205232061e-02
8.869371312949538011e-02
8.869367028568682365e-02
8.869369153540621054e-02
8.869376395256406420e-02
8.869364934741538753e-02
8.869357382256332079e-02
8.869360588880940977e-02
8.869342592822804239e-02
8.869345395992907222e-02
8.869363026495676039e-02
8.869367236662210885e-02
8.869359280166479176e-02
8.869353290539525037e-02
8.869353367721537207e-02
8.869347919744641207e-02
8.869338935921078360e-02
8.869330402494743359e-02
8.869326312877642837e-02
8.869334236748954714e-02
8.869333109953324301e-02
8.869329875465738200e-02
8.869335532074484885e-02
8.869346160159186088e-02
8.869350057791272612e-02
8.869353995397907808e-02
8.869357614988898630e-02
8.869360321106772860e-02
8.869361839024794691e-02
8.869360756035618576e-02
8.869362993518935256e-02
8.869358669668106487e-02
8.869357335530296538e-02
8.869360859999222968e-02
8.869359783160969679e-02
8.869358325478782223e-02
8.869358438967064884e-02
8.869359496538066490e-02
8.869359985335220631e-02
8.869360745612187014e-02
8.869363560270880631e-02
8.869362792688782748e-02
8.869362361886011514e-02
8.869366366955869219e-02
8.869364233207752135e-02
8.869366169496814556e-02
8.869367581183190685e-02
8.869367788682834541e-02
8.869366946258733231e-02
8.869366960211126638e-02
8.869367558875572433e-02
8.869368361329042771e-02
8.869367514301211564e-02
8.869367336264069590e-02
8.869368623169819610e-02
8.869370315118160764e-02
8.869370305781990038e-02
8.869370671939801054e-02
8.869370898200397424e-02
8.869372310027184847e-02
8.869373056175121339e-02
8.869373481116213376e-02
8.869372562584743047e-02
8.869371246727780767e-02
8.869371327472290456e-02
8.869371889570583367e-02
8.869371020867511390e-02
8.869371215107868522e-02
8.869370395049523681e-02
8.869370771099109596e-02
8.869370474740684296e-02
8.869370648906781118e-02
8.869371244617721417e-02
8.869371709780335400e-02
8.869372069679620774e-02
8.869372248493735678e-02
8.869372278714290903e-02
8.869372333530611829e-02
8.869372415914923702e-02
8.869372593159395579e-02
8.869372841446677980e-02
8.869373176428908823e-02
8.869373484846138078e-02
8.869373505485508846e-02
8.869373769853955425e-02
8.869373883833028827e-02
8.869374093892817834e-02
8.869374226414196427e-02
8.869374267735334605e-02
8.869374442810538939e-02
8.869374371543503610e-02
8.869374386563670665e-02
8.869374433908855382e-02
8.869374319969679232e-02
8.869374506362515120e-02
8.869374325553593119e-02
8.869374611410676956e-02
8.869374647535241407e-02
8.869374603554623648e-02
8.869374500762873537e-02
8.869374512401645427e-02
8.869374496704005018e-02
8.869374573242470861e-02
8.869374590460185614e-02
8.869374685579362039e-02
8.869374660256830467e-02
8.869374695663675978e-02
8.869374860991462162e-02
8.869374895955094151e-02
8.869374923961924340e-02
8.869374940815376307e-02
8.869374965946465184e-02
8.869375024172480859e-02
8.869375008474471300e-02
8.869375075547074327e-02
8.869375030101393775e-02
8.869375113272112698e-02
8.869375190633467521e-02
8.869375190325280711e-02
8.869375154551933926e-02
8.869375122683034740e-02
8.869375096410159198e-02
8.869375065206687447e-02
8.869374981094331478e-02
8.869374969320055480e-02
8.869374993186697476e-02
8.869374971220939097e-02
8.869374944421334894e-02
8.869374990151110416e-02
8.869374986339184641e-02
