2.959752511197124569e-01
3.042054755038490765e-01
2.991634821923394583e-01
2.828324553128023777e-01
2.235876972237625937e-01
2.127585793328218289e-01
1.765223927538477344e-01
1.332635801875262649e-01
1.188972652117783468e-01
1.146299098526887827e-01
1.232666777398091218e-01
1.049330911133968119e-01
1.124887827799040396e-01
1.047725369488341080e-01
1.000837410010671918e-01
9.384352688917495244e-02
8.908902021185591269e-02
8.742344490663715717e-02
8.347873645116361818e-02
8.164027611890144198e-02
7.978439934601282146e-02
7.471713197393090033e-02
7.104036054647697163e-02
6.939703854061302080e-02
6.653837417287573885e-02
6.206366692770384774e-02
5.895024187657772058e-02
5.735259620802893310e-02
5.351830003478542236e-02
5.043730535862000347e-02
4.902579423815200260e-02
4.794697408236772707e-02
4.345975711514307727e-02
4.058561429155733286e-02
3.860135619705444554e-02
3.832366670037236356e-02
3.486675765745102240e-02
3.224978192042808611e-02
3.021074479010026070e-02
2.866062654220561529e-02
2.613191007153781165e-02
2.563296971406977404e-02
2.474011070699424358e-02
2.304589307167814391e-02
2.092087788816784574e-02
1.911574688291853286e-02
1.655677915112386753e-02
1.607252483060795517e-02
1.447189462231786294e-02
1.326315759117466762e-02
1.223657131647240028e-02
1.150099235607555948e-02
1.006900216555577446e-02
9.238271609956194216e-03
8.344010547473090095e-03
7.595073121764822979e-03
6.703445782239489045e-03
6.829339140945633012e-03
5.854446066528593527e-03
4.851998701383905543e-03
4.908812004903891774e-03
4.058255706693846866e-03
3.966921746235776286e-03
3.503148700245206203e-03
3.169385697740440336e-03
2.915695418257637991e-03
2.814748627375530596e-03
2.637524482408873296e-03
2.437471997603754895e-03
2.324997102889395009e-03
2.177912016185586021e-03
2.085005432020852270e-03
1.971596358810565400e-03
1.906014445812428135e-03
1.786230951004907615e-03
1.708091304101487171e-03
1.683105102768916485e-03
1.672494156500722601e-03
1.638402811433357096e-03
1.629257856345751095e-03
1.589376627958193023e-03
1.606323539343040493e-03
1.593871777046319826e-03
1.587493909979072497e-03
1.576926994965758199e-03
1.594808708989527103e-03
1.596284044619648802e-03
1.602988338618330276e-03
1.588717737045423298e-03
1.593191092542308547e-03
1.592329058729065414e-03
1.592780454660384665e-03
1.585602399816509736e-03
1.587845555485156192e-03
1.583521216524572421e-03
1.585950897358709508e-03
1.590419975538098687e-03
1.592399148258444785e-03
1.597497773978746134e-03
1.596245270218978963e-03
1.591786184936264852e-03
1.588940415615611211e-03
1.594662081830857357e-03
1.598266710659939629e-03
1.601553731445666323e-03
1.600344828495341631e-03
1.605238025715888554e-03
1.608158795150789553e-03
1.611537840142540949e-03
1.613160134821235974e-03
1.615346326372090737e-03
1.620586823809221826e-03
1.622412496756032519e-03
1.623775806575246308e-03
1.626553276885253857e-03
1.635463189042709849e-03
1.641590037553284547e-03
1.644582601145441270e-03
1.651435303954270099e-03
1.657073229549682657e-03
1.660099109741106560e-03
1.665390262281774524e-03
1.669336793995337357e-03
1.676725287765304427e-03
1.682742684161988005e-03
1.688763594122551963e-03
1.690815826973055599e-03
1.694352754176100791e-03
1.698175893613446379e-03
1.702770469119253794e-03
1.703990994106938973e-03
1.708621973602751816e-03
1.712285841287433837e-03
1.714627679792439605e-03
1.718737573201256554e-03
1.721812436078883589e-03
1.726768101446499474e-03
1.730254745748616369e-03
1.733275415384263060e-03
1.734563473278545424e-03
1.737193492401569112e-03
1.740684468855054111e-03
1.742541482982185291e-03
1.745430205893285132e-03
1.749405711905168380e-03
1.749704459508977456e-03
1.750900217487508584e-03
1.753942970880549655e-03
1.754472445938028233e-03
1.756474576604064248e-03
1.757969087187994306e-03
1.758834990322437038e-03
1.759701744709202091e-03
1.760773135774643680e-03
1.761850357053808529e-03
1.762189495713578635e-03
1.763164557194795085e-03
1.764822325938916574e-03
1.764742243122333380e-03
1.765948015055573148e-03
1.765898847292496918e-03
1.767332146120748678e-03
1.767764643505129185e-03
1.768284063031514211e-03
1.767999500904235757e-03
1.768729537669031827e-03
1.769174757198228040e-03
1.769715311114532187e-03
1.769979392903031374e-03
1.770563273095265107e-03
1.771132852041418237e-03
1.771172323412678693e-03
1.771491716007372354e-03
1.770911756984892751e-03
1.771528775382621686e-03
1.771942365800104058e-03
1.771920840629328479e-03
1.772433564782566542e-03
1.772647873180199828e-03
1.772570965468409868e-03
1.772680525197635817e-03
1.772707588257641485e-03
1.772743278101066066e-03
1.772854637276807636e-03
1.772919821250766364e-03
1.773017209089569656e-03
1.773155055195053389e-03
1.773314496842951123e-03
1.773600406147110477e-03
1.773886970004683906e-03
1.773786110029660365e-03
1.773909823736324106e-03
1.773815754415767037e-03
1.773893777898607419e-03
1.773931539788858218e-03
1.773799575844467544e-03
1.773779375547251350e-03
1.773727207459254752e-03
1.773851682187766680e-03
1.773810745474416152e-03
1.773620601575481327e-03
1.773549564337279514e-03
1.773652882890394602e-03
1.773635773533777582e-03
1.773601778209167330e-03
1.773679389078118476e-03
1.773723627387729061e-03
1.773791379223799754e-03
1.773841867626358522e-03
1.773833806837162887e-03
1.773796996802763605e-03
1.773733129438372124e-03
1.773781355675605386e-03
1.773854362531615894e-03
1.773795286438270341e-03
1.773792762791993579e-03
1.773749017191966412e-03
1.773748817785743325e-03
1.773736618173890264e-03
1.773740105621507412e-03
1.773766958544410266e-03
1.773749279078805884e-03
1.773712662020063323e-03
1.773735806883571702e-03
1.773755229740697510e-03
1.773741306735084067e-03
1.773751507397082960e-03
1.773770428761266543e-03
1.773805531050718851e-03
1.773846977660948872e-03
1.773844468387901496e-03
1.773838617158051681e-03
1.773867738380805218e-03
1.773856540257842890e-03
1.773860459341639528e-03
1.773862578465929636e-03
1.773862610599112903e-03
1.773865419013533843e-03
1.773868776289617716e-03
1.773883988444760473e-03
1.773876274179828983e-03
1.773883844617521943e-03
1.773884237624487022e-03
1.773870449725833704e-03
1.773878179699853088e-03
1.773877538628463322e-03
1.773870646444227232e-03
1.773868441545029331e-03
1.773856658435516050e-03
1.773855216459963849e-03
1.773862776645243524e-03
1.773859917190249774e-03
1.773857876388750194e-03
1.773848995825394763e-03
1.773853685888352990e-03
1.773854906525934886e-03
1.773860762504620358e-03
1.773854539392755777e-03
1.773844137088269671e-03
1.773853107668103314e-03
1.773854619484738302e-03
1.773855566689203122e-03
1.773860788800632167e-03
1.773856764026626991e-03
1.773865553677948228e-03
1.773873246922202333e-03
1.773871838310664591e-03
1.773870621325069610e-03
1.773872598481733912e-03
1.773871160071868519e-03
1.773865969868000918e-03
1.773871419114830079e-03
1.773870902599571997e-03
1.773871597506153711e-03
1.773873292668660387e-03
1.773871214306624311e-03
1.773869848647376081e-03
1.773870671090330966e-03
1.773867216596615145e-03
1.773867897317276407e-03
1.773871539017554981e-03
1.773872499566752020e-03
1.773871000286212675e-03
1.773869870037295430e-03
1.773869963004581210e-03
1.773868926821555109e-03
1.773867191564528715e-03
1.773865539267441369e-03
1.773864763601480654e-03
1.773866400333891065e-03
1.773866218780752440e-03
1.773865616236166383e-03
1.773866780144026881e-03
1.773868932841497249e-03
1.773869744763444892e-03
1.773870557391100163e-03
1.773871304606022044e-03
1.773871860086686332e-03
1.773872181830885107e-03
1.773871981037288730e-03
1.773872438512227520e-03
1.773871587785161470e-03
1.773871332555600677e-03
1.773872051023704481e-03
1.773871848159745777e-03
1.773871565084610396e-03
1.773871594740199578e-03
1.773871815400223468e-03
1.773871920273296151e-03
1.773872077923055717e-03
1.773872648190968036e-03
1.773872499720964818e-03
1.773872419284991181e-03
1.773873225660404888e-03
1.773872802899580277e-03
1.773873194631171886e-03
1.773873481122254262e-03
1.773873526595970418e-03
1.773873360732771591e-03
1.773873366290746679e-03
1.773873488153317277e-03
1.773873650704452156e-03
1.773873482983585881e-03
1.773873449195722748e-03
1.773873708165463366e-03
1.773874048311062336e-03
1.773874047767022913e-03
1.773874122056931773e-03
1.773874168559910541e-03
1.773874451826782739e-03
1.773874602004161518e-03
1.773874687633434071e-03
1.773874504746596236e-03
1.773874242203639894e-03
1.773874259129411225e-03
1.773874372098053261e-03
1.773874198920678477e-03
1.773874238371522978e-03
1.773874074715847161e-03
1.773874150244767519e-03
1.773874091328846115e-03
1.773874126621057543e-03
1.773874246130885575e-03
1.773874339417935968e-03
1.773874411609509434e-03
1.773874447541526128e-03
1.773874453789407463e-03
1.773874464935133732e-03
1.773874481568941995e-03
1.773874517151901318e-03
1.773874566924467377e-03
1.773874634016637522e-03
1.773874695819176736e-03
1.773874700082792889e-03
1.773874753020896660e-03
1.773874775912019901e-03
1.773874818003746707e-03
1.773874844594942966e-03
1.773874852907881628e-03
1.773874887972970481e-03
1.773874873779801055e-03
1.773874876830159632e-03
1.773874886348220017e-03
1.773874863585822581e-03
1.773874900902246187e-03
1.773874864767036779e-03
1.773874921971820224e-03
1.773874929220705310e-03
1.773874920456195358e-03
1.773874899916041362e-03
1.773874902264778669e-03
1.773874899142998925e-03
1.773874914469877797e-03
1.773874917927703619e-03
1.773874936965265945e-03
1.773874931923281103e-03
1.773874939017079742e-03
1.773874972093082182e-03
1.773874979097016507e-03
1.773874984704511878e-03
1.773874988081948446e-03
1.773874993116676940e-03
1.773875004769154317e-03
1.773875001635504293e-03
1.773875015054352574e-03
1.773875005970593872e-03
1.773875022610680099e-03
1.773875038087663943e-03
1.773875038029692304e-03
1.773875030877616931e-03
1.773875024506695562e-03
1.773875019254827828e-03
1.773875013017020032e-03
1.773874996196603228e-03
1.773874993843953035e-03
1.773874998618814964e-03
1.773874994227500829e-03
1.773874988869129097e-03
1.773874998016595952e-03
