1.329044691589582161e+00
1.286299399753141559e+00
1.251331873240536741e+00
1.196139158419899484e+00
1.159691345158117892e+00
1.113019937313612706e+00
1.056259892070740447e+00
1.020878415368308589e+00
9.800173955172143403e-01
9.427524028777801712e-01
8.965023624037321559e-01
8.518409165122143856e-01
8.139492057323559626e-01
7.774233579458763588e-01
7.507958621882590000e-01
7.075789470486455457e-01
6.755497359478462860e-01
6.459291484901282798e-01
6.127090727918300672e-01
5.844934789411437848e-01
5.680367974786107998e-01
5.446358799700511399e-01
5.139588983669067801e-01
4.876250838889538697e-01
4.740615397864331726e-01
4.517744510172799211e-01
4.368752170647329791e-01
4.048288853737604387e-01
3.830389375541148889e-01
3.533338411209499541e-01
3.378216678958984587e-01
3.157028441349729042e-01
3.087965500061707891e-01
2.943655686982769581e-01
2.863515279852910655e-01
2.735260548032529271e-01
2.679063179569157738e-01
2.598261505570167440e-01
2.528845099312230782e-01
2.476157446350167879e-01
2.376917876531950136e-01
2.249073474408226636e-01
2.143829792352438812e-01
2.022466825374124033e-01
1.901462222928277379e-01
1.890793849910147317e-01
1.863084652068538460e-01
1.834971110033942476e-01
1.706882754636217803e-01
1.651215300014157727e-01
1.606755594776633767e-01
1.583042981753746692e-01
1.540182769859164968e-01
1.385012412073789723e-01
1.266867980016836981e-01
1.142448821398545367e-01
1.140624100516414996e-01
9.844734887200624895e-02
8.817222644983137292e-02
8.217035619426625581e-02
8.436483590609114569e-02
8.196762398601950550e-02
8.027555546363003558e-02
8.058371699543970257e-02
7.659342424395865212e-02
7.096321836513759529e-02
6.962990119594228422e-02
6.902126103604458440e-02
7.508942608207314073e-02
7.795622355447603957e-02
8.002550158573953909e-02
8.144064024371222565e-02
8.688609962018040145e-02
1.077879650827185537e-01
1.048363180548466805e-01
6.688286726395251125e-02
6.400925785178572525e-02
6.473703908943746754e-02
3.817746375086669697e-02
3.708991221408650119e-02
4.234365955666558046e-02
4.003324199576039494e-02
2.432007536450956145e-02
2.412525041391385891e-02
2.277623895006610985e-02
2.198543841627912179e-02
2.171733279906874411e-02
2.169722816212094063e-02
1.951721167997664402e-02
1.666123645814974671e-02
1.664297209190131188e-02
1.729808383173820838e-02
1.570024257384404834e-02
1.537632100749053085e-02
1.494536033412739544e-02
1.334583816423625877e-02
1.092131102857284847e-02
1.070039999790742442e-02
1.050158655889335893e-02
1.005726583348530954e-02
1.011025309506665380e-02
9.554102695739070603e-03
9.920689672629413869e-03
8.215649147946431363e-03
8.544694956638525588e-03
8.401683508387670571e-03
7.952625710632557632e-03
7.821711460458980261e-03
6.815911124081819490e-03
7.765097386712781907e-03
7.074599912711638898e-03
5.780076664052146047e-03
5.475285244327734134e-03
5.128158802667451450e-03
5.420003461446147412e-03
5.991252474518715850e-03
5.148014654480132651e-03
4.993488626725761485e-03
4.349327688719169423e-03
4.219341787417508517e-03
4.047806577417668514e-03
4.030615684942467740e-03
3.827604861248426818e-03
3.674433482808458964e-03
3.469606866253455765e-03
3.196856448427421588e-03
3.030048188970519817e-03
3.284092519529010264e-03
3.404840444228716435e-03
3.510041413577805452e-03
3.426042617656044169e-03
3.375771619202371301e-03
3.849527262725246229e-03
3.691165642417118357e-03
4.232212673210159447e-03
5.007873060363262491e-03
4.895597328874261821e-03
4.973237339358542279e-03
3.699037628510393975e-03
5.005624734824760252e-03
5.782142241765389490e-03
6.289403612067851097e-03
3.898709885390473813e-03
2.336871532339049491e-03
2.563331847546884961e-03
2.658263152766741216e-03
2.476390392478586278e-03
2.455616668841589193e-03
2.672499664062022873e-03
1.947656884839355515e-03
1.339511755471039936e-03
1.252656946831066237e-03
1.649277214574491196e-03
2.159132991530980823e-03
2.425092816486379595e-03
2.727283599764564453e-03
2.469508687800926056e-03
1.445766373885213176e-03
1.382800594490344974e-03
1.354816356827413327e-03
1.534909763812680955e-03
1.720721694848385786e-03
1.297886495731603168e-03
1.390351392259350609e-03
1.328715088493748198e-03
1.493563739368948930e-03
1.152560929805591635e-03
9.492246642923426276e-04
9.904049924383407765e-04
8.463565661300010996e-04
8.143447917846632737e-04
7.684025967191006248e-04
6.685193836855218450e-04
7.123567685620021614e-04
6.486540219734148686e-04
5.890619274798012837e-04
5.741316706212268133e-04
6.495392700771589634e-04
6.425119218025514061e-04
6.316532144281425919e-04
7.327007875095126535e-04
5.630480006452210934e-04
5.740864525607969077e-04
7.404415736438485626e-04
7.221916344441741287e-04
7.857353855800079971e-04
7.225283271866641058e-04
5.743179538028158867e-04
5.189050819729651518e-04
5.399669207326651460e-04
3.636137562294692259e-04
4.025366188585501764e-04
4.466749693331102927e-04
4.723648349785115365e-04
4.675845155676884774e-04
5.447228215206249445e-04
4.699381118021358941e-04
4.594709409957577315e-04
4.158101351211463867e-04
3.574237248364211324e-04
2.962566099695495376e-04
2.647106276581067817e-04
2.368313216186654119e-04
1.917640357359103812e-04
1.938209277266166226e-04
1.905915090902289490e-04
2.028889136606125800e-04
2.420500553386430664e-04
1.680861976528781306e-04
1.704407871223578808e-04
1.729502335392852979e-04
1.412558988492924026e-04
1.309217194234092350e-04
1.512718999907594847e-04
1.538636478808023250e-04
1.499014231591661820e-04
1.249140254459001650e-04
1.218570544378536346e-04
1.185795861829649515e-04
1.075135465180064673e-04
1.166059352743350016e-04
1.182319710653899911e-04
1.034958530789913155e-04
1.071082717669109147e-04
8.847203143523268835e-05
9.282507496099325691e-05
9.001176664425925467e-05
8.862234650695757342e-05
8.782122672281243811e-05
8.915202042821645373e-05
9.806188373497999264e-05
9.500317816420517547e-05
7.898576690921659601e-05
8.108139748128043883e-05
8.139791281845654407e-05
7.003421329795332933e-05
6.578329422889472411e-05
6.306135309027638912e-05
6.088096853502567891e-05
5.986479155023607729e-05
5.878635611143588808e-05
5.742608507046964594e-05
5.688895329327173597e-05
5.656200338011129999e-05
5.598370509234786637e-05
5.468503293269888808e-05
5.154524868877055383e-05
5.019623849845620547e-05
5.058898760773850018e-05
4.999712446502092042e-05
4.919434322820828942e-05
4.840305663327982969e-05
4.719233160411122677e-05
4.651612955988307867e-05
4.421364238671797551e-05
4.404105190947041581e-05
4.341031322560542536e-05
4.331317390798282598e-05
4.256438166064408239e-05
4.114269334667828215e-05
3.977265962249828981e-05
3.947845617158002638e-05
3.811016370068269482e-05
3.738224192557585416e-05
3.705716413140222322e-05
3.625911919527183671e-05
3.551677132562538331e-05
3.502045180389959063e-05
3.388957011704482142e-05
3.290673808158862430e-05
3.207334603154811061e-05
3.139119251580567687e-05
3.069525134730337297e-05
3.042696724713496253e-05
3.027195984814100733e-05
2.925890566190333483e-05
2.908856643496772037e-05
2.845448110309963205e-05
2.775551415497439192e-05
2.772765471680096382e-05
2.768618102927834502e-05
2.764029898688375331e-05
2.741831846716583031e-05
2.651680458033907497e-05
2.612282719743584872e-05
2.613372498665663771e-05
2.573556108498090608e-05
2.421919669782282084e-05
2.343276960990508658e-05
2.281164347055904151e-05
2.269432260637942224e-05
2.244192651392066653e-05
2.214673503876573167e-05
2.150947022355397282e-05
2.214890270761550793e-05
2.189660744370798965e-05
2.127090710677226966e-05
2.026507049673661190e-05
1.975933624004375436e-05
1.938165110474222104e-05
1.870306648307900805e-05
1.812904236682549050e-05
1.795926703978066423e-05
1.765122278898371755e-05
1.737502561987491341e-05
1.699086336981984555e-05
1.644083700238775682e-05
1.623841087790176970e-05
1.588217525255172652e-05
1.559616882860255453e-05
1.542170705650844874e-05
1.526705043485384171e-05
1.502494972371172280e-05
1.470705901709695146e-05
1.410926390474056608e-05
1.398190978639235121e-05
1.365639612722690261e-05
1.318815764230836793e-05
1.291426957841338483e-05
1.272464126303232487e-05
1.243503771525963685e-05
1.209961275142324240e-05
1.189495250720764613e-05
1.163337536179004643e-05
1.140335815905839647e-05
1.100162528255285402e-05
1.084830487550297829e-05
1.062296022209945744e-05
1.038897410147283152e-05
1.024573431194457944e-05
1.032072926804674945e-05
1.013933334694241320e-05
1.017219248271699585e-05
1.000249452520397982e-05
9.774626490512052312e-06
9.487569460139285443e-06
9.334289912553923521e-06
9.124814719062622839e-06
9.108607209965405505e-06
9.044484668328911623e-06
8.687983765587848440e-06
8.731063070689823008e-06
8.451374528205264056e-06
8.228986211188704081e-06
7.882594193323609925e-06
7.762111680584030693e-06
7.522287961528937999e-06
7.371408941796428220e-06
7.237955192076478682e-06
7.076379520224454367e-06
6.957702387712878786e-06
6.839459134854575461e-06
6.692661249177617549e-06
6.526264172847100434e-06
6.447746930101736171e-06
6.335910000904863739e-06
6.353241017484043365e-06
6.338347062556962053e-06
6.177457159042486180e-06
6.080231961040517011e-06
6.022275610489597923e-06
5.781147307973477378e-06
5.778224216998691413e-06
5.584353550306983918e-06
5.709775792788362589e-06
5.544853417980648111e-06
5.268758854827664152e-06
5.102221293576066355e-06
5.129971875450465412e-06
5.046758909470551818e-06
4.649608860197826110e-06
4.806961750093296703e-06
4.683680715738454516e-06
4.763893205531534406e-06
4.751210452939888660e-06
4.796888114802518457e-06
4.795361521764096920e-06
4.836659530659293331e-06
5.706933963230140552e-06
5.722529186234550672e-06
5.377192822039090951e-06
4.549352323174468425e-06
4.234846735223358678e-06
4.331592319104223955e-06
4.042259219190484805e-06
3.890967516164572575e-06
3.883318758279791303e-06
3.972170638733023435e-06
4.179253211431147128e-06
4.124214449150540249e-06
4.236578430566494065e-06
4.034164072203304386e-06
4.049920962027977908e-06
4.158001369229737391e-06
4.015064551728734367e-06
4.033471660769800177e-06
4.225405543653540673e-06
4.288973597990350686e-06
4.357843436953881529e-06
4.338216674178327067e-06
