6.619025198121611941e-01
5.819759414272526188e-01
5.796218945664387556e-01
5.760524823668272676e-01
5.366185460646448746e-01
5.360160575387236115e-01
5.283130296098216272e-01
4.965882732803895139e-01
4.575129976657981157e-01
4.453443099507156111e-01
4.311823810238768484e-01
4.171708101920207912e-01
4.073592545023878575e-01
3.960617152222474791e-01
3.590823607192015210e-01
3.613585187882349947e-01
3.601006875975895083e-01
3.176058943279642111e-01
3.180984835995313009e-01
3.103535533777457278e-01
2.906460410724425181e-01
2.533814113969820037e-01
2.529439507822007771e-01
2.454517464856139919e-01
2.355590431439296140e-01
2.313261446244447850e-01
2.257342576876105178e-01
2.119269153405484718e-01
2.017543878107966870e-01
1.967248012272944935e-01
1.850850827147645927e-01
1.780008497588429495e-01
1.733785328981475027e-01
1.692392565546199656e-01
1.638229139725396188e-01
1.536069625248880632e-01
1.481455031329644290e-01
1.390944088677797119e-01
1.459447202820401412e-01
1.413849228247999745e-01
1.407222278286947570e-01
1.403428112114738779e-01
1.305556015994615848e-01
1.280905701922056827e-01
1.214024742312861394e-01
1.186405981265062221e-01
1.180694230540811629e-01
1.131887230477935380e-01
1.135280698049982856e-01
1.047534064880923377e-01
1.074404295524192532e-01
1.014531646644198370e-01
9.835185280665509344e-02
9.576124097272176172e-02
8.626219256083159093e-02
8.443946496154541848e-02
7.649923132248610813e-02
7.726416978503777844e-02
7.519258001966046268e-02
7.619180730952508640e-02
7.419298492913778409e-02
7.357992996839417266e-02
7.133767023201997848e-02
7.106199991973521923e-02
7.078101380648665897e-02
6.922931246690745832e-02
6.751068525458243930e-02
6.631640690471594934e-02
6.468279794046268016e-02
6.430258574579626740e-02
6.163306549761252834e-02
6.136736513156491185e-02
6.084400419173873614e-02
6.095774677290796695e-02
5.928139157953868366e-02
5.911282725355329615e-02
5.824051353169691636e-02
5.810240031375344533e-02
5.636959449606601669e-02
5.512886477184658629e-02
5.163087845202373599e-02
5.083744063266913693e-02
4.920454130817252664e-02
4.759192642921073607e-02
4.659938984569952231e-02
4.653858905539350749e-02
4.770025337701430668e-02
4.716627155142627537e-02
4.702101211516138829e-02
4.559600623032741828e-02
4.490561665590935003e-02
4.400267669740576953e-02
4.302749875584852696e-02
4.342485589370160409e-02
4.225229566002733361e-02
4.326489427203111804e-02
4.149960149095760498e-02
4.253637024789466703e-02
4.226727455476041867e-02
4.256305060409979607e-02
4.219304992105043367e-02
4.084754608319104974e-02
3.985332790326037017e-02
3.875260336253511656e-02
3.821115515816043279e-02
3.809757993686566091e-02
3.741273161730693242e-02
3.767932061425061790e-02
3.675240139474494905e-02
3.688647252705835183e-02
3.638653704974131875e-02
3.686060849195832434e-02
3.654430229860627238e-02
3.639553706077652828e-02
3.708968528070140380e-02
3.715025599947707757e-02
3.583742225520364366e-02
3.534955811483625476e-02
3.421284803484683779e-02
3.454276070821224454e-02
3.381659345208803957e-02
3.334123476145569448e-02
3.321553990431468095e-02
3.319968488426949110e-02
3.273721315192917175e-02
3.257488377413075842e-02
3.298988833648801994e-02
3.298648464913912087e-02
3.243132582647446915e-02
3.260493084141345005e-02
3.261069819176157930e-02
3.233668389487796835e-02
3.238292327979520185e-02
3.219046432161844912e-02
3.221938157013710252e-02
3.186031514039142781e-02
3.122220702160986849e-02
3.108969308692181854e-02
3.038295891310809071e-02
3.045139619767985723e-02
3.031624144731015491e-02
2.995620065649902061e-02
2.982033232675864245e-02
2.996280462844138487e-02
2.987656417963524200e-02
2.984857103625334837e-02
3.005275590728480328e-02
2.997105731291719449e-02
2.988115106201448545e-02
2.982181696166441229e-02
2.982610381283085782e-02
2.934923934811907095e-02
2.935957171917921021e-02
2.921934753222047224e-02
2.923837874652777946e-02
2.919012449242083806e-02
2.906758016985387313e-02
2.919223423959517102e-02
2.913009422563141854e-02
2.914760175205105899e-02
2.911947207844910179e-02
2.911220267004177228e-02
2.907303331157268592e-02
2.908370581954484654e-02
2.907387327783078276e-02
2.900463060876829272e-02
2.901573638790762300e-02
2.901867661293892897e-02
2.895614947297179415e-02
2.895079414332082240e-02
2.893392790090604932e-02
2.892453733791673295e-02
2.891596251806986817e-02
2.888710992867026331e-02
2.886064639334880166e-02
2.883324964701627913e-02
2.885052851747552105e-02
2.885101207340189447e-02
2.885258330447504002e-02
2.881718311283504655e-02
2.880232679035828192e-02
2.871736794231229822e-02
2.871407654079866784e-02
2.866894443084756772e-02
2.869259761775700204e-02
2.866782903921199360e-02
2.860900459885759584e-02
2.861684818600475355e-02
2.859252005288706946e-02
2.857135675295785840e-02
2.858102382281934792e-02
2.856705728256187654e-02
2.854965476342701675e-02
2.854912586337949101e-02
2.851321658345123272e-02
2.851551348233887298e-02
2.848128249281886223e-02
2.846399757157734231e-02
2.846169791038883484e-02
2.846493861608302353e-02
2.847491687217437381e-02
2.847480897749321560e-02
2.847422192527301193e-02
2.845317776431623841e-02
2.843081759811537032e-02
2.843205923347460334e-02
2.843078839319284831e-02
2.843178488966722692e-02
2.841969680531293563e-02
2.840550325429895551e-02
2.840761356679128921e-02
2.840773219780037134e-02
2.842042674291700086e-02
2.837423523782844556e-02
2.837460569979507671e-02
2.840074321120421644e-02
2.839918757018357331e-02
2.839104892617987791e-02
2.839071569780276388e-02
2.837722408407327909e-02
2.837649146579493756e-02
2.836023225940233206e-02
2.834969765957441254e-02
2.835707203412529687e-02
2.836010392411562192e-02
2.834978208627793317e-02
2.835869005397662415e-02
2.835803966246532373e-02
2.835708845373209261e-02
2.834596863841689490e-02
2.834684986325934630e-02
2.834505888546548502e-02
2.834314602858186566e-02
2.832505320958073405e-02
2.832436607604755727e-02
2.832978993832194550e-02
2.833241621951260517e-02
2.833985215551548809e-02
2.830875157020065064e-02
2.830879728041675591e-02
2.830192916835539904e-02
2.830072479871259192e-02
2.829200608419901730e-02
2.828926835190722494e-02
2.829092630230815864e-02
2.829682729742401953e-02
2.829486949973683552e-02
2.829244516164967221e-02
2.826527704022070708e-02
2.825071256068322975e-02
2.823754587349116066e-02
2.823226956765643308e-02
2.823145573313931567e-02
2.823125053198556611e-02
2.823021580411561732e-02
2.823008832924273764e-02
2.822940685441677200e-02
2.822400070132583677e-02
2.822080605499330958e-02
2.822064708217654830e-02
2.821896636062231484e-02
2.821930887958362319e-02
2.823007141203208795e-02
2.822868394176492393e-02
2.823129598736812823e-02
2.822991526152702005e-02
2.822823059665718198e-02
2.822785084075439890e-02
2.822670339479271470e-02
2.822633476580198655e-02
2.822599727028716338e-02
2.822585812464287539e-02
2.822571320539113762e-02
2.822837638023527329e-02
2.821951103123871221e-02
2.821953530350166175e-02
2.821904973342431386e-02
2.821453974944229670e-02
2.821462383226059842e-02
2.821281344818881917e-02
2.821438091922785774e-02
2.821472265360780093e-02
2.821236790237434053e-02
2.821239019623711375e-02
2.821187855195259747e-02
2.820557670370840708e-02
2.820559629275778274e-02
2.821232247111932906e-02
2.821058888839198669e-02
2.820837541002537904e-02
2.820893038518422491e-02
2.820898800079433416e-02
2.820393826795885781e-02
2.820184794823308791e-02
2.820235930248525535e-02
2.820151186173576116e-02
2.820167187177297433e-02
2.820185540256683887e-02
2.820106472070589218e-02
2.820112123724760958e-02
2.820093401304371583e-02
2.820089692855526700e-02
2.820079833617713735e-02
2.820018866413341596e-02
2.819899895820319330e-02
2.819878293268469893e-02
2.819858125348776237e-02
2.819805957875054503e-02
2.819738179209403672e-02
2.819750844161788422e-02
2.819633083472590160e-02
2.819638908588256374e-02
2.819124879698160085e-02
2.819143143281396466e-02
2.819121078803710212e-02
2.818898958665178728e-02
2.818864054148357765e-02
2.818867736664669790e-02
2.818867755530642810e-02
2.818843923379522540e-02
2.818843740365569589e-02
2.818873412206769624e-02
2.818814333303791900e-02
2.818830533214211273e-02
2.818844142353589197e-02
2.818827511043019499e-02
2.818821421583029771e-02
2.818830543784819204e-02
2.818830795877501003e-02
2.818799772290558892e-02
2.818792318561435736e-02
2.818755363306887571e-02
2.818768166010176060e-02
2.818779290986082181e-02
2.818751790004507887e-02
2.818710571965450315e-02
2.818704317029763554e-02
2.818701385601890194e-02
2.818701840741704573e-02
2.818688410876636283e-02
2.818705390359042481e-02
2.818709450089669499e-02
2.818720001503704706e-02
2.818708985498148689e-02
2.818698979332472446e-02
2.818740086124095837e-02
2.818733036331253980e-02
2.818635370107420296e-02
2.818623882691155894e-02
2.818624677378937099e-02
2.818614253904650271e-02
2.818608778135764381e-02
2.818609352584626818e-02
2.818610563444381295e-02
2.818613727971064006e-02
2.818616122865138032e-02
2.818601870800236872e-02
2.818595420065724000e-02
2.818583245919690713e-02
2.818583043907581936e-02
2.818582706622726336e-02
2.818588030275168133e-02
2.818590790123259512e-02
2.818589658452569022e-02
2.818589339459199108e-02
2.818560155703345865e-02
2.818545571019613963e-02
2.818527530558773836e-02
2.818525677983321071e-02
2.818510294304306385e-02
2.818512082397079191e-02
2.818512239977733272e-02
2.818512870356986583e-02
2.818500714776512456e-02
2.818503117698591826e-02
2.818502423002062010e-02
2.818502460594385015e-02
2.818501068080347602e-02
2.818499172826002125e-02
2.818502423481789726e-02
2.818503483744320970e-02
2.818500374091233163e-02
2.818484195476950865e-02
2.818479631610034883e-02
2.818497820128805162e-02
2.818498274239970153e-02
2.818496002948957246e-02
2.818495092082298065e-02
2.818494090091492807e-02
2.818491990342928549e-02
2.818489919765048909e-02
2.818481588282018002e-02
2.818480396380832267e-02
2.818481232871495809e-02
2.818479348890452416e-02
2.818478466974869145e-02
2.818472245275043669e-02
2.818473352576388383e-02
2.818473438616242444e-02
