1.620477629336512848e+00
1.567650313176675692e+00
1.510710868899773240e+00
1.460337413084559888e+00
1.409891169279640755e+00
1.369229713825271810e+00
1.324740331086455170e+00
1.279494077735877422e+00
1.240990904074035672e+00
1.202968865104975249e+00
1.161631311671609268e+00
1.122128538906371542e+00
1.088602775258796562e+00
1.056392142824214453e+00
1.022127658112330861e+00
9.852864383212796007e-01
9.520281245275927784e-01
9.166945938232169411e-01
8.862947660602505939e-01
8.580015369872339148e-01
8.328514258441795937e-01
8.080696633459425460e-01
7.809774865873134742e-01
7.562131807816440121e-01
7.331192563458500677e-01
7.108897361725238229e-01
6.879471370183650736e-01
6.651804516753085927e-01
6.430166940406280007e-01
6.215632806226406570e-01
6.016427905075439897e-01
5.809722344199012012e-01
5.636892520255547545e-01
5.452570671226080190e-01
5.292995784427725336e-01
5.125803789532649146e-01
4.951856603738237772e-01
4.797576316978510724e-01
4.647558875823684654e-01
4.511193538864277097e-01
4.396487805175324226e-01
4.248452466054302712e-01
4.117024361744807681e-01
3.990644483511822660e-01
3.868190351263100513e-01
3.757691323863010524e-01
3.643896689944404188e-01
3.549418776258307928e-01
3.454189436770779276e-01
3.349547014492763597e-01
3.261120854632703625e-01
3.163551183191423699e-01
3.074674292147860366e-01
3.000566967483706549e-01
2.941775467908051001e-01
2.864181613479753752e-01
2.791893108331873763e-01
2.730150313705856924e-01
2.652629859104544963e-01
2.583792167454795341e-01
2.528293435480931106e-01
2.474472828602308216e-01
2.422340052481043171e-01
2.369832975637868044e-01
2.324764061711676599e-01
2.276235852996355835e-01
2.228817262347727590e-01
2.183965153530757486e-01
2.140458687688756023e-01
2.097841641678982461e-01
2.064117806180776893e-01
2.027939547575918766e-01
1.991169754136216385e-01
1.962894397229661136e-01
1.930680580703591498e-01
1.910456704879635870e-01
1.885764551622290675e-01
1.856787238677002905e-01
1.830936591300079408e-01
1.809538665421162595e-01
1.790390163691789049e-01
1.767766434119493191e-01
1.748902655509282922e-01
1.726948443180387482e-01
1.704480637581090863e-01
1.688200351646717556e-01
1.671399283583797080e-01
1.654872238400132700e-01
1.639594793171479936e-01
1.625283472987512634e-01
1.613913850986194165e-01
1.600789003591421011e-01
1.588763638759514707e-01
1.576836917966081275e-01
1.562575327864802188e-01
1.548291623937075312e-01
1.537619443975642153e-01
1.524668889460783494e-01
1.515885870888126763e-01
1.504491260976775491e-01
1.495177684400761653e-01
1.486592762939543955e-01
1.479322586069184431e-01
1.470242344695380787e-01
1.466091132723947033e-01
1.457873266059628858e-01
1.451149030287270103e-01
1.444546903450609210e-01
1.436668488694480272e-01
1.428834855250961378e-01
1.420608214304441286e-01
1.414774097800434449e-01
1.408319128169239765e-01
1.401429917016419613e-01
1.396015648961480005e-01
1.390028874825615657e-01
1.384231669142767240e-01
1.378074257080401377e-01
1.373135294016375740e-01
1.366440500263886026e-01
1.358851043763321387e-01
1.351334560420695274e-01
1.344471058678444741e-01
1.337776243169027102e-01
1.328618853015590129e-01
1.320145289605711980e-01
1.311625352161681635e-01
1.303707773742519560e-01
1.294449531414116339e-01
1.284644186921961029e-01
1.272623847035346811e-01
1.261016658858404027e-01
1.248418347044867871e-01
1.234318441218058698e-01
1.220209389545616474e-01
1.203596271748601509e-01
1.191004536132838215e-01
1.174456998873978780e-01
1.159073894714750391e-01
1.146076596854637558e-01
1.132588764874385839e-01
1.118610032752944822e-01
1.103394544271089628e-01
1.090479772700101435e-01
1.078437843430171406e-01
1.064760961838562697e-01
1.051318174902382413e-01
1.038229953212689433e-01
1.026637606879904074e-01
1.013574274718972157e-01
9.997806434089800964e-02
9.891891207438117950e-02
9.757278904029607902e-02
9.632279278229866071e-02
9.528104986515123498e-02
9.422759305282615849e-02
9.300111781130797339e-02
9.183891236396633795e-02
9.064464706584862697e-02
8.952562730671868862e-02
8.853738021532332747e-02
8.745633218144309440e-02
8.636890701899375966e-02
8.543686038703805774e-02
8.424156807908614319e-02
8.324381159452901024e-02
8.232067319442817888e-02
8.127555677408217216e-02
8.035772135471584698e-02
7.941592541749079026e-02
7.844230673045970992e-02
7.767785822991776779e-02
7.684349876089921483e-02
7.597904348325965063e-02
7.518235764973756063e-02
7.432612931510521048e-02
7.338936574078637476e-02
7.261924339072156620e-02
7.182200887435978565e-02
7.105367001765242052e-02
7.020449244868798289e-02
6.960067999720712106e-02
6.887234843880676860e-02
6.809335315896578034e-02
6.734006544293628937e-02
6.658568237828478564e-02
6.595499856014243323e-02
6.524428128785599024e-02
6.472313512626222398e-02
6.413447272042849256e-02
6.368809085064745801e-02
6.316887498239308341e-02
6.270039935709682821e-02
6.223019352438733526e-02
6.178753687406689232e-02
6.135987335143113647e-02
6.091615913258905529e-02
6.046397447707235751e-02
6.001501677824544467e-02
5.963304540751223487e-02
5.922209266541422074e-02
5.884314308505406849e-02
5.851666129761647767e-02
5.820022274937357298e-02
5.785621289975202003e-02
5.746831543136561582e-02
5.710619424190443993e-02
5.681993000937730215e-02
5.650244888609979449e-02
5.618288512937136964e-02
5.579592509191656086e-02
5.548488736553064404e-02
5.519501142073437311e-02
5.489999357667633972e-02
5.461939611322567251e-02
5.430705371526868552e-02
5.399861708854249154e-02
5.372128128831116234e-02
5.347912679997540719e-02
5.323321871216070422e-02
5.296208945125624457e-02
5.269605432790317595e-02
5.245406888428001679e-02
5.227670310932659020e-02
5.206065988846157733e-02
5.185830885964911457e-02
5.167491349804875095e-02
5.146652060721890187e-02
5.132292364877830831e-02
5.118190386958210158e-02
5.099443531877397712e-02
5.081166222656285231e-02
5.067814398682674720e-02
5.057580236756194919e-02
5.044775902646368021e-02
5.027779921845178940e-02
5.011860515034657904e-02
4.994969487288004883e-02
4.981839900491951550e-02
4.969274615700659120e-02
4.954016919562480303e-02
4.940024635485178173e-02
4.928279923387891837e-02
4.916924442706511328e-02
4.903787657485875889e-02
4.893385164471846654e-02
4.885207020303688336e-02
4.873169649625896938e-02
4.867970370297430155e-02
4.862509223763225585e-02
4.851450631282435560e-02
4.841608883905031829e-02
4.831653190097329881e-02
4.821774731236203732e-02
4.814849049481205456e-02
4.804860555463756622e-02
4.793403173714393811e-02
4.783829971166535938e-02
4.773921986946033647e-02
4.764332201933808852e-02
4.756613386612700695e-02
4.749727440731659617e-02
4.740435905683815926e-02
4.731466603626857670e-02
4.725055515012211577e-02
4.717970892769429020e-02
4.708672874327015506e-02
4.703969262897657322e-02
4.695962151462781953e-02
4.689393598661957541e-02
4.682812560680015695e-02
4.679716918247441709e-02
4.673086558901545090e-02
4.664364541641740497e-02
4.657189430617619808e-02
4.651973742697081138e-02
4.645241532597268325e-02
4.638872567190131108e-02
4.631278737495636566e-02
4.623428542368336613e-02
4.617037475888717546e-02
4.614017780446963424e-02
4.611048792947816666e-02
4.605448734180617176e-02
4.602577347749619435e-02
4.599023734388417439e-02
4.592735606395129816e-02
4.587484131058287146e-02
4.584280553428184829e-02
4.580340322289384869e-02
4.578718197180112193e-02
4.575308768482978100e-02
4.571243058887311528e-02
4.568730450923103731e-02
4.565663457906516537e-02
4.563865800912807191e-02
4.560621182231335002e-02
4.557428731420138518e-02
4.554727401689423472e-02
4.552584957332506121e-02
4.549545524362713644e-02
4.546378016188530602e-02
4.543575543661300398e-02
4.541700779785556169e-02
4.538692709330098551e-02
4.534872777977827507e-02
4.531553175032571740e-02
4.529317181483581700e-02
4.526760389728102379e-02
4.523856870244961914e-02
4.522524782454736408e-02
4.521541438670038937e-02
4.518401017514796919e-02
4.515728686017329158e-02
4.514376628876384800e-02
4.512629696477847563e-02
4.511006687459748893e-02
4.509429156967700164e-02
4.508314646890311528e-02
4.506175650206020039e-02
4.504013297296224905e-02
4.502461267624098540e-02
4.500978102744516984e-02
4.498380545520654777e-02
4.496334569903637224e-02
4.494700582198624117e-02
4.493857367645835016e-02
4.493453553842269993e-02
4.493200439664195994e-02
4.491981368282405712e-02
4.491282104697893324e-02
4.490639508265118623e-02
4.489012033066135804e-02
4.487670154476292722e-02
4.486145690873392239e-02
4.484388195777557623e-02
4.484095343100821113e-02
4.483671973861372978e-02
4.481781958616824074e-02
4.480610938715569314e-02
4.479497282551146708e-02
4.478970818817767929e-02
4.478040049059715116e-02
4.476660283486052355e-02
4.475628216836600309e-02
4.474812501134369652e-02
4.473898925799269649e-02
4.472160046960611118e-02
4.471194207999961562e-02
4.469800130527364773e-02
4.469006051496315912e-02
4.468444284636916702e-02
4.468020330128018996e-02
4.466924734956586457e-02
4.466739109447777356e-02
4.466389510767983240e-02
4.465876398376859846e-02
4.465257741680377090e-02
4.464146559313597606e-02
4.464028036809682132e-02
4.464104053243629633e-02
4.463431780598916404e-02
4.462039520215436983e-02
4.461004974027265452e-02
4.459777545349721123e-02
4.458832554556329403e-02
4.457875330850426948e-02
4.457026760723864500e-02
4.456404722047917905e-02
4.455726343598745420e-02
4.454835690982843904e-02
4.454335386531142749e-02
4.453750029379986014e-02
4.452955452613233112e-02
4.452397755040985589e-02
4.452896562097854311e-02
4.452793596553109717e-02
4.452433211051402134e-02
4.451838105118875732e-02
4.451391513001203698e-02
4.451047713356151569e-02
4.450676372605255615e-02
4.450672656260754034e-02
4.450158032788104068e-02
4.449580172955243385e-02
4.449411795338321929e-02
4.449683360143166788e-02
4.449634406322894309e-02
4.449278565879693365e-02
4.448632242506238288e-02
4.447459872076371667e-02
4.447039618071692985e-02
4.446332844132788731e-02
4.446317629612041994e-02
4.445811251451130958e-02
4.445359098647878870e-02
4.444704086124328518e-02
4.444098487496429134e-02
4.443776919713877949e-02
4.443349856495469596e-02
