1.343227430876713591e+00
1.301274818489049911e+00
1.251503461796356964e+00
1.208724844965733958e+00
1.162482658699329763e+00
1.107840170915053823e+00
1.059512344957952878e+00
1.011582546809494110e+00
9.635765294532784297e-01
9.248875534950077304e-01
8.918017856240481045e-01
8.509750536870278603e-01
7.984315551647168663e-01
7.579716343782875176e-01
7.252844292312944363e-01
7.036543302533152522e-01
6.838405284459985189e-01
6.599409870754319174e-01
6.411942265904785332e-01
6.175830146507884644e-01
6.011443526007992366e-01
5.713900340099015152e-01
5.473424004037106272e-01
5.116949171857483325e-01
4.910019830105425420e-01
4.696749964938723432e-01
4.430817509102598639e-01
4.278758523744404796e-01
4.097591323454473078e-01
3.821428888010300895e-01
3.641977959595740777e-01
3.461364774511133668e-01
3.436938758778197434e-01
3.209975776423002469e-01
3.075665633945056654e-01
3.057698640450907668e-01
2.974434449185257012e-01
2.878919165205364172e-01
2.756906094259085616e-01
2.461333496788135067e-01
2.315474757977327436e-01
2.267317902470526725e-01
2.207133510081587813e-01
2.222772621302885609e-01
2.149581102119495213e-01
2.113341906646033774e-01
2.114251091002312399e-01
2.088062334291372335e-01
1.850600701522885361e-01
1.865580879045712626e-01
1.848794958395057753e-01
2.063731324725836536e-01
2.070637660291133331e-01
2.182799717969672315e-01
2.022587068357339646e-01
2.131397709808363627e-01
1.801561534795897423e-01
1.888716984977386604e-01
1.861747688809655688e-01
1.582015533996153911e-01
1.534868777323315781e-01
1.299757589880965736e-01
1.116950194205438979e-01
1.123533469942491481e-01
1.082572727651257560e-01
1.076246034929734252e-01
8.924130938337369867e-02
8.056070207399894378e-02
7.380362800359564768e-02
7.102668032603449977e-02
6.572192758633621512e-02
5.907178652399390495e-02
6.184647841490056863e-02
5.648067409452015020e-02
4.896366985157855900e-02
4.535502505094545639e-02
4.454356642117952847e-02
4.239856633823281540e-02
4.376847147020321294e-02
4.323123575955498815e-02
4.344462173885584033e-02
4.004358001393829719e-02
3.711331714501246715e-02
3.907512621868319130e-02
3.490908242140410012e-02
3.393492000155700489e-02
3.126805065722350341e-02
3.192995190021057778e-02
2.741019762869151971e-02
2.778195034698002774e-02
2.405700087834962420e-02
2.349574164785488486e-02
2.360323279873838276e-02
2.309642241128811654e-02
2.295461707677591556e-02
2.402555901848210662e-02
2.155184265066592206e-02
2.190975069251307333e-02
2.059880613665780735e-02
1.943550954712026241e-02
1.746396286203325682e-02
1.726151504584811161e-02
1.681911340641486716e-02
1.861323946918298083e-02
1.502344828035016323e-02
1.501369537718442310e-02
1.250386806135029248e-02
1.127630453466301960e-02
1.070974356608696623e-02
1.093744043192201691e-02
1.078551900226884346e-02
1.060892190673963162e-02
1.077062084414987832e-02
9.870144473714804328e-03
9.794809772042141829e-03
9.184370176316727571e-03
9.396793645919944774e-03
8.524034349267751651e-03
7.002659027083393307e-03
6.482631765846057562e-03
6.286768546479205508e-03
5.897005528945893464e-03
5.324808668130483549e-03
5.307307197737292509e-03
5.578133281874345789e-03
6.339823411991979234e-03
7.004685425121070369e-03
7.797203715309034174e-03
6.641129126890439952e-03
5.865484837764043703e-03
5.181970808869745641e-03
3.867221919989003061e-03
3.246963573219785720e-03
2.522039584076851346e-03
2.648896938050369129e-03
2.488752226504197234e-03
2.328218950051590304e-03
2.361545723717997473e-03
1.995997015624683193e-03
1.876745520520942730e-03
1.927096317382498425e-03
1.894253079642040181e-03
2.058112569238966690e-03
1.761694357285666828e-03
1.746684685312329104e-03
1.717828443179631468e-03
1.568752694976443228e-03
1.468289175987127224e-03
1.302592674376459392e-03
1.271973494352007274e-03
1.276416539422980077e-03
1.204003213915728378e-03
1.238017212271720494e-03
9.464383480131284814e-04
9.145483416590885527e-04
8.241674558034611624e-04
8.890927488310826094e-04
9.374964529520692005e-04
9.373291096248602796e-04
8.928135923740504248e-04
8.051109361765186254e-04
7.374408058577887164e-04
7.182140623593065258e-04
6.197033717052642101e-04
6.273982020018912739e-04
6.068852393634966216e-04
5.823803283981335201e-04
5.929194305945012641e-04
5.225005011328705132e-04
5.022261180614002139e-04
4.465054085892720980e-04
4.787016817022251560e-04
5.345272225113298099e-04
3.775012686147762855e-04
3.229943903118142863e-04
3.169906126899727709e-04
2.996290004151765606e-04
2.995611025735677498e-04
3.034018221014579447e-04
3.020024016980269463e-04
2.994374182083786801e-04
2.834162591189778868e-04
2.768246997223565041e-04
2.625710713438523386e-04
2.670334588434396597e-04
2.760385044979605401e-04
2.843395358308804148e-04
2.491502318783360426e-04
2.423196491281278861e-04
2.368794182667973162e-04
2.392226999476603324e-04
2.000478188412903096e-04
1.932419190011740715e-04
1.830433774588140173e-04
1.773770471984433071e-04
1.775803464748563912e-04
1.795496383860390030e-04
1.645018498623966596e-04
1.614851352053565166e-04
1.585953804553012238e-04
1.556689003096071945e-04
1.541217868268578020e-04
1.434397407243208627e-04
1.401890920495747588e-04
1.362509249799728566e-04
1.338452038403342096e-04
1.321225583375492698e-04
1.314774281510316793e-04
1.291210348921294139e-04
1.272212809897702772e-04
1.254735538726396433e-04
1.184509643065413621e-04
1.140715638502533388e-04
1.100694975624577263e-04
1.065385545054594549e-04
1.042289440692177583e-04
1.009332885443298860e-04
1.002245395994136757e-04
9.994000221876382347e-05
9.855011361211447744e-05
9.641566020180792707e-05
9.429261738251029298e-05
9.152205517035200632e-05
8.934493601397996455e-05
8.721550805041504927e-05
8.521552831833565679e-05
8.427735750351273466e-05
8.530538362680958344e-05
8.212199695896091074e-05
8.261317453389069353e-05
7.743814585828375679e-05
7.415692556924181401e-05
7.201689902557271972e-05
6.889000300109145375e-05
6.805660678520736664e-05
6.561624962684839727e-05
6.477056294686236212e-05
6.312139312628594050e-05
6.326067245406373333e-05
6.238553151018076388e-05
5.982019575872495808e-05
5.737644557898407698e-05
5.652610648164940581e-05
5.480834086248900593e-05
5.314460325420858816e-05
5.179198541112524265e-05
5.101274321588020199e-05
4.967854444491033968e-05
4.819644561689036310e-05
4.687500129682392987e-05
4.634817797014418689e-05
4.486565426323154868e-05
4.292132695556799809e-05
4.248204970212043463e-05
4.170822423134687716e-05
4.114048227875317037e-05
4.044092099006953324e-05
3.941362423895719373e-05
3.844396465716115553e-05
3.779213652384238851e-05
3.705968687198398523e-05
3.639733161708379980e-05
3.587875505449850268e-05
3.484161490663362801e-05
3.349550521196928193e-05
3.275099993234939483e-05
3.228786675197663306e-05
3.169004576058432379e-05
3.133010376612291168e-05
3.021686879108793333e-05
2.952842987425225552e-05
2.932983383746127020e-05
2.934404226956694508e-05
2.807313568956950849e-05
2.610418618003855878e-05
2.580204442559369825e-05
2.551771090403597288e-05
2.539944112906881537e-05
2.443251534112034551e-05
2.387877928171745775e-05
2.247264922814841547e-05
2.170355119267326923e-05
2.127491382496388408e-05
2.091235379503806829e-05
2.059356990565711467e-05
2.025249647911665348e-05
1.982068131822208189e-05
1.996606107289998730e-05
1.874344625561676932e-05
1.848449846532353996e-05
1.780802756299456347e-05
1.749664768681486590e-05
1.728920428544079740e-05
1.666549579724252569e-05
1.637008235908231661e-05
1.623042467443845983e-05
1.556628030995067249e-05
1.526390612848727252e-05
1.469904380436574997e-05
1.441267439984049732e-05
1.411094592176784373e-05
1.361454332952120796e-05
1.361693583153311245e-05
1.397249183485667162e-05
1.362557335713288703e-05
1.297757447649695106e-05
1.279566136423688820e-05
1.217398060209754725e-05
1.186529962097670483e-05
1.143240141865578548e-05
1.111651438584420828e-05
1.072336350702841327e-05
1.009438678515036793e-05
9.856784898193499882e-06
9.604200226166929931e-06
9.488651116326716291e-06
9.407170790186897432e-06
9.337617004870659690e-06
9.159456790562369200e-06
8.975771579079048530e-06
8.882422791200723149e-06
8.577601157959655832e-06
8.520810768495971571e-06
8.501021690637798148e-06
8.462672688872335851e-06
8.470800488764963434e-06
8.440852682361401884e-06
8.332913342046844088e-06
8.231074273057096812e-06
8.073385321980400058e-06
8.026924842681993106e-06
7.745216492788808835e-06
7.632159103547389901e-06
7.464388719742933767e-06
7.277779498616891524e-06
7.007971212846060383e-06
6.778819809913206943e-06
6.508561617046973726e-06
6.386578912905093378e-06
6.163313909533404900e-06
5.964606868528681926e-06
5.797094952260426475e-06
5.711240668701716168e-06
5.695742048058628667e-06
5.538112511864700924e-06
5.376319439865746856e-06
5.202196673150507628e-06
5.213765687545118745e-06
4.977018786142732798e-06
4.958313788462725699e-06
4.847683248934606398e-06
4.744846879918786155e-06
4.663690840340837313e-06
4.447382885043785291e-06
4.335346901920545674e-06
4.228796418831711383e-06
4.058281465019208763e-06
3.977275599600945438e-06
3.901060369025003071e-06
3.741820460638074583e-06
3.576800178013673028e-06
3.497562673323696812e-06
3.421757003096939523e-06
3.305994197494264269e-06
3.286961208661168436e-06
3.182502662949570671e-06
3.202551623647395333e-06
3.171534879105162570e-06
3.216937161517335620e-06
3.205205186730651255e-06
3.345070543119833496e-06
2.703457781625993863e-06
2.663411075232076261e-06
2.684618760463710691e-06
2.532095238312861525e-06
2.564240162311654917e-06
2.565918887929733303e-06
2.524804579455296028e-06
2.563284827458203533e-06
2.455056575073170232e-06
2.481130855523344032e-06
2.449577929370693487e-06
2.433078770773272377e-06
2.436345941397465520e-06
2.458664247828046566e-06
2.424038496189096178e-06
2.425121489818118420e-06
2.699640891642401806e-06
2.827911976993902415e-06
2.945924122057879113e-06
3.038185047771404395e-06
3.183542096112500286e-06
3.219622203837870828e-06
3.363570423221552308e-06
3.494775885955598073e-06
3.498366148300694428e-06
3.599250932827219455e-06
3.674230168592293367e-06
3.703852986785321669e-06
3.754837207234330822e-06
