3.041386000289857949e-01
2.168562810949341002e-01
1.587010157574748614e-01
1.217452343842008455e-01
9.547539162014226366e-02
7.503637356580190876e-02
5.736824332170076257e-02
5.082194747425401032e-02
3.821643615952536460e-02
3.169913425716777006e-02
2.583801031129424886e-02
2.219703746909490460e-02
1.904619111789811192e-02
1.629076899172625034e-02
1.438025230200964608e-02
1.241149668083462061e-02
1.104201862112453268e-02
8.762352969776348796e-03
7.349080442239377085e-03
6.398337114134292763e-03
5.643742698175500255e-03
4.965713291413146289e-03
4.275304783840259797e-03
3.541144724853820605e-03
3.296395968462886416e-03
2.992966817154581530e-03
2.593170837921355242e-03
2.233904611634434170e-03
1.981020938812134806e-03
1.766940136539149392e-03
1.577038537966900852e-03
1.548705043399293971e-03
1.385304639525149380e-03
1.332492686235320096e-03
1.264698725939521250e-03
1.148507339430802042e-03
1.110982638443629936e-03
1.052486979616954442e-03
1.031435462301126017e-03
9.644656083920184753e-04
9.373335496780195106e-04
8.766345571320907290e-04
8.308892515788260423e-04
8.175515137091700574e-04
7.989259861118162527e-04
7.824957904800054764e-04
7.530993215220356876e-04
7.217895231408855616e-04
6.922862714966720055e-04
6.807274501635502111e-04
6.513395027165260875e-04
6.331526195963201042e-04
6.299801036231580508e-04
6.224730530050901324e-04
6.105585313254575670e-04
5.980216791797402388e-04
5.879791236252249415e-04
5.683825252054171143e-04
5.595757362614234461e-04
5.503481918705197809e-04
5.406109774868212651e-04
5.290370173171406653e-04
5.139413276813704998e-04
5.017550723121955072e-04
4.926442812740784456e-04
4.839830174869984530e-04
4.724190853884458982e-04
4.639304964283044817e-04
4.562516095198526330e-04
4.486901162044165474e-04
4.441359798148450519e-04
4.423361548191290216e-04
4.359684540615477036e-04
4.299138455146566361e-04
4.207827071148761717e-04
4.162930766528811794e-04
4.096314763840599484e-04
4.014673987984068108e-04
3.944454825094076411e-04
3.905412388458478308e-04
3.827041169479495752e-04
3.825825556274035336e-04
3.773216186077176372e-04
3.732055010713290571e-04
3.704542665995095999e-04
3.679530431355141143e-04
3.619796416677993102e-04
3.600009977248009121e-04
3.533353396459777153e-04
3.464714607809040435e-04
3.438288848573116245e-04
3.420435449846252361e-04
3.404649706738545659e-04
3.345794667378691072e-04
3.325938792002946587e-04
3.301408880429569669e-04
3.295059755138854472e-04
3.242808256798613751e-04
3.211703066241615705e-04
3.196050367595249355e-04
3.148614927155788876e-04
3.105245895615961677e-04
3.064943398957146385e-04
3.020449767269369162e-04
2.976084547480695912e-04
2.950714989895544772e-04
2.943198406339319565e-04
2.917316437201493851e-04
2.896108560999321427e-04
2.872875717897764992e-04
2.839903204853482985e-04
2.815761707394225078e-04
2.800477315614081420e-04
2.776564481705318132e-04
2.760735970238195397e-04
2.743934695135805753e-04
2.728042941613272672e-04
2.703930684269343233e-04
2.682570627074438822e-04
2.653756500543456246e-04
2.630161629604839510e-04
2.607746279028716994e-04
2.585391470117784146e-04
2.560809550933752115e-04
2.548966475006606263e-04
2.521870962825231493e-04
2.500109113733754219e-04
2.477332726495265806e-04
2.468672014574608544e-04
2.441260304453465478e-04
2.415983118012047690e-04
2.394299168174052932e-04
2.368976291734031748e-04
2.354391616184433938e-04
2.324874566801645760e-04
2.303014668569193101e-04
2.280347038081067710e-04
2.287878662381782641e-04
2.256866172119535371e-04
2.239403106762203461e-04
2.230663251864497436e-04
2.213635767820444633e-04
2.181999495248134336e-04
2.162543719098922125e-04
2.114687642119128562e-04
2.084888004193708388e-04
2.071213321782847951e-04
2.046665052054632064e-04
2.038316207020617640e-04
2.007337263870991018e-04
1.994807621984706603e-04
1.961690671650254657e-04
1.960435094436652518e-04
1.912280572478658100e-04
1.911048375127848641e-04
1.891967490332396309e-04
1.853496338183764625e-04
1.822439101586340439e-04
1.811678213788577333e-04
1.781790950513785141e-04
1.767265751058165815e-04
1.737762619083212275e-04
1.722161170514073232e-04
1.694209666731098460e-04
1.684727595432383316e-04
1.666073027073029756e-04
1.649589358583135215e-04
1.615171850373824894e-04
1.588451179539559436e-04
1.570285097629263980e-04
1.540324384609862601e-04
1.505555170455621244e-04
1.483176661110660415e-04
1.445450453015003365e-04
1.387086023882067270e-04
1.349897946584101922e-04
1.305608665479066966e-04
1.311923807812043110e-04
1.287702254282331843e-04
1.257207600724141153e-04
1.238000537226903051e-04
1.226136503037348929e-04
1.211525583838795749e-04
1.179132281275734799e-04
1.158795836491097479e-04
1.132153584023432507e-04
1.105133852727478721e-04
1.075119065500479285e-04
1.050949087253378510e-04
9.979431821242276148e-05
9.677226782158004578e-05
9.423186516865820442e-05
9.314700602225449389e-05
9.227771605627968412e-05
9.120604671270078569e-05
9.001772438343972238e-05
8.813367205022846042e-05
8.487454490901268815e-05
8.341138520890991367e-05
8.166475192711356013e-05
8.040550447947495869e-05
7.864870485369405734e-05
7.765791799875983181e-05
7.617535196111149549e-05
7.458764832402237956e-05
7.260233346580602810e-05
7.031068620736712917e-05
6.894817009029694064e-05
6.768464370251309724e-05
6.598740960542611887e-05
6.539938932092065067e-05
6.349311907214383809e-05
6.224494047342511217e-05
6.123962115458741573e-05
5.999087883260137102e-05
5.865609804238158174e-05
5.815451632305520570e-05
5.711182859061773843e-05
5.646450871691317206e-05
5.549733664792285700e-05
5.412998302610516778e-05
5.273938723187210109e-05
5.163222792969709887e-05
5.006542773746278178e-05
4.929027079352331044e-05
4.816337544873978526e-05
4.759246197104462407e-05
4.570514406043271510e-05
4.499672032064115467e-05
4.320725537517348345e-05
4.125263081010281300e-05
4.032969231229900045e-05
3.955062226457055195e-05
3.854477532125632951e-05
3.765121883837732646e-05
3.621758575073408585e-05
3.508762063924839340e-05
3.420579560286829716e-05
3.324606383653759122e-05
3.242301987329876444e-05
3.208455679563440598e-05
3.148439567341011167e-05
3.027423800416266164e-05
3.000334895100653207e-05
2.950197111114195817e-05
2.921599039392291659e-05
2.858270472248288240e-05
2.806301522951318566e-05
2.735844039535967705e-05
2.702202013743183211e-05
2.655606939137989786e-05
2.627813178075213445e-05
2.587928126192522618e-05
2.506255903847883729e-05
2.457686754235914483e-05
2.412752224206213053e-05
2.349663911960170741e-05
2.286309432374788981e-05
2.232688567907125060e-05
2.184416628964696208e-05
2.135682668082190447e-05
2.105338207088729101e-05
2.077740087832204819e-05
2.017597044826030083e-05
1.954850188214130792e-05
1.920591732401496617e-05
1.876913872881309095e-05
1.841890368587996440e-05
1.781619808316034135e-05
1.751754059222147822e-05
1.723300232084701850e-05
1.677160427712511251e-05
1.640595569025779291e-05
1.600003424718735389e-05
1.570274045362448744e-05
1.544259155382876448e-05
1.507851315393604117e-05
1.492801112613811546e-05
1.462577590324800293e-05
1.414197465868711954e-05
1.380513252069776159e-05
1.349017431387892831e-05
1.320430852371308871e-05
1.291500003076215719e-05
1.253573698382054973e-05
1.244279221563775814e-05
1.203031492510238899e-05
1.184046383358166087e-05
1.160055388107595709e-05
1.143541024206524982e-05
1.124158878208358546e-05
1.098698508964338296e-05
1.072007116602443423e-05
1.052281133908234433e-05
1.021960892677565257e-05
1.003193978132810820e-05
9.807205485332484344e-06
9.689388261830873692e-06
9.565849935682270156e-06
9.432431601249377791e-06
9.261409028307055472e-06
9.078080930742661147e-06
8.846371684731667805e-06
8.728753507759812465e-06
8.579990456992671067e-06
8.448694419922366655e-06
8.218690273782472468e-06
7.990707055607405070e-06
7.955844379937881749e-06
7.872970657275713899e-06
7.712605062941224290e-06
7.625357665150065370e-06
7.535072499800013672e-06
7.451910864064517851e-06
7.319903046166646359e-06
7.190344520963783874e-06
7.142039827723523819e-06
7.061114693170351746e-06
6.973121889463859261e-06
6.864929948024116636e-06
6.784003731661078570e-06
6.701883827272300805e-06
6.625158471723293636e-06
6.529699888590868951e-06
6.477156494993060104e-06
6.385942042774725942e-06
6.297093219605450990e-06
6.221708015895843258e-06
6.121866309453513580e-06
6.083654514054176910e-06
5.966962300216963931e-06
5.857051662996173844e-06
5.809105872216832934e-06
5.703551131337075685e-06
5.594423935869366947e-06
5.496160903789809250e-06
5.411543271394079257e-06
5.305290143381145534e-06
5.152382877280405636e-06
5.083655773292082054e-06
5.026278987253603952e-06
4.923910376783645168e-06
4.805723312100066215e-06
4.751094820015125021e-06
4.634829564632703289e-06
4.489019418243621557e-06
4.367516543442596403e-06
4.224013151780945404e-06
4.091512196939519952e-06
3.940511722760988553e-06
3.643556985774430225e-06
3.544945965799254271e-06
3.447341009574428534e-06
3.237894905151812441e-06
2.995050489054540235e-06
2.842041629285569730e-06
2.770591910805514650e-06
2.728679115603497812e-06
2.636487973901489091e-06
2.383431494566328368e-06
1.942790138055134505e-06
1.907999781416130067e-06
1.853276866185810490e-06
1.730614361663162953e-06
1.694093497332861956e-06
1.668509373981768577e-06
1.630811897824830072e-06
1.559481939474728170e-06
1.505828498226778549e-06
1.455866230835044687e-06
1.418227195559055831e-06
1.375503463384796868e-06
1.344947066591435125e-06
1.333134092219028739e-06
1.315103470740459266e-06
1.282128480328405843e-06
1.249614707436708118e-06
1.235075779154750544e-06
1.214187936922699485e-06
1.199918134645849144e-06
1.185872883276692358e-06
1.154581968523147822e-06
1.145093580228680957e-06
1.135426214743220564e-06
1.113866696212824373e-06
1.110854504268656991e-06
1.077667739066597163e-06
1.057829022314311152e-06
1.055398442181406665e-06
1.031444514445868078e-06
1.009164872033972225e-06
1.023156297264242276e-06
1.002329539131542335e-06
9.859226759750733517e-07
9.832457386292487770e-07
9.563200379369679459e-07
9.522767107982304869e-07
9.456198421252042569e-07
9.323440822386250435e-07
