1.323718254512838310e+00
1.285749636732464785e+00
1.251744212301500792e+00
1.198212713777029315e+00
1.157736006727272615e+00
1.119119981671745201e+00
1.080206043124786408e+00
1.047282568184471963e+00
1.019722566212171388e+00
9.843293900239216132e-01
9.451816498500742458e-01
9.173171194202502932e-01
8.860617277412282666e-01
8.526786565773978310e-01
8.276064373066547297e-01
7.791225251159299425e-01
7.537397088383313015e-01
7.195841186365673492e-01
6.941381591081664526e-01
6.720375786695969023e-01
6.396784947050233594e-01
6.015919842317697386e-01
5.738170800941216898e-01
5.560972749753043676e-01
5.280118181998856297e-01
5.082469876284619881e-01
4.758528186696039386e-01
4.588031037259930334e-01
4.267740012037622432e-01
4.061852639453047975e-01
3.764513488168266808e-01
3.485442437099393054e-01
3.237606330288061440e-01
3.078706290804877344e-01
3.012466071877598628e-01
2.926777289140567451e-01
2.807761630132324937e-01
2.688448443637856955e-01
2.545915090588866669e-01
2.320871820365826288e-01
2.330349964884767255e-01
2.214595219979570984e-01
2.221540645243413603e-01
1.968279565646042506e-01
1.972921563928984046e-01
1.979757947363030290e-01
1.846330281880885216e-01
1.803980550627146406e-01
1.855737715010124800e-01
1.826266043746862244e-01
1.593558015020770102e-01
1.524505264286589723e-01
1.447664302225261934e-01
1.364374754127632983e-01
1.265757709776160200e-01
1.177351600488494576e-01
1.124106741531444575e-01
1.083772276982930133e-01
9.869403573488622072e-02
9.406048582767972954e-02
9.077048933933591635e-02
9.255504382080008419e-02
8.797312347238710195e-02
8.665194900129208344e-02
7.495681045196429804e-02
7.281099402359238193e-02
7.247847319585884462e-02
6.342621807337645023e-02
5.833506778909199747e-02
5.593992591230207562e-02
5.494367083848319261e-02
5.418616895453361865e-02
5.619509244138183590e-02
4.892219142916436753e-02
4.721396186287104418e-02
3.795692761394028891e-02
3.915548778247043143e-02
3.755202582897218533e-02
2.924872820994869546e-02
2.895371838767822614e-02
2.712424199268806402e-02
2.574820236873087004e-02
2.457626676144810188e-02
2.344581122502186962e-02
2.273379253982651949e-02
2.225442471184353038e-02
2.199739167052012015e-02
2.093301189310276325e-02
2.048399418106932462e-02
2.106632478437436146e-02
1.928052131550822904e-02
1.630846130929863858e-02
1.641724268171869741e-02
1.552693476614837829e-02
1.620071616864814101e-02
1.455783781485554297e-02
1.300653221880058302e-02
1.225842999770931745e-02
1.065873829296546879e-02
1.146604676127137117e-02
1.124517356249510672e-02
9.488506935521015540e-03
8.672059709938170075e-03
9.495851760563538829e-03
9.293519441861582131e-03
8.611075118408218279e-03
7.775327740673895760e-03
8.919177938489042043e-03
8.421582261059679456e-03
8.508096902761302927e-03
7.543258318957214541e-03
6.466282608762556269e-03
6.878136807651844681e-03
6.594141612442741898e-03
7.547029265257194051e-03
7.348087363533644702e-03
6.150491104866086418e-03
5.402540990475627677e-03
4.972297115971829884e-03
5.153811919471541769e-03
5.297373540873404410e-03
5.432203150924540258e-03
6.031931151834811142e-03
4.468572617334020357e-03
4.650287801491871480e-03
4.640065192572302363e-03
4.322551349252330179e-03
4.034624819298311162e-03
3.455202850635010446e-03
2.816717733040734282e-03
2.607519521709149822e-03
2.826243345531601579e-03
3.041610752700850580e-03
3.125872458711426941e-03
3.225344897105605294e-03
3.530062880578058865e-03
2.811505068236279208e-03
2.659628623600516530e-03
2.685653428546644871e-03
2.653568380292179070e-03
2.718787640488068685e-03
2.605125319116096197e-03
2.516742105481113625e-03
2.771364097156003414e-03
2.988642829249261394e-03
2.660836451137920614e-03
2.562777295511052284e-03
2.623402515307115927e-03
2.019059322920173805e-03
1.965455791520383591e-03
1.968641846752063138e-03
1.914594864861854156e-03
1.929881519731650123e-03
2.026275909424502843e-03
1.745160580812517379e-03
1.496794192847861020e-03
1.523727427225216036e-03
1.428113564140920345e-03
1.310506440080631569e-03
1.064398186453352360e-03
9.027226183408147567e-04
8.488213500641036101e-04
7.868043736543170116e-04
7.630665868225510167e-04
6.824103153264673505e-04
6.620007438573612775e-04
6.836052052391379660e-04
6.498098748022015968e-04
5.887488002516994825e-04
5.680401012346405869e-04
5.190825182038768647e-04
4.748206379492628986e-04
4.733421902400372335e-04
4.493373063600705156e-04
4.879314260176846043e-04
4.304029902177482691e-04
4.327721817945134127e-04
3.753310762100770014e-04
3.433583996873945513e-04
3.302172562156590946e-04
3.300175125652005646e-04
3.080097073740173646e-04
3.184193558936026895e-04
3.096154963928351034e-04
2.869404114169515733e-04
2.433748139541622678e-04
2.281710933897376694e-04
2.352603600210198260e-04
2.175820360786859828e-04
2.186927863848710251e-04
2.267567985627818141e-04
2.166271769743213988e-04
1.992386684379080441e-04
1.792282690632673522e-04
1.736633074022606092e-04
1.713608075828010194e-04
1.681555021913327540e-04
1.686810761152056977e-04
1.598872501336638587e-04
1.553079832332790922e-04
1.509485621035076797e-04
1.536980375199627680e-04
1.525041135995406109e-04
1.500138729320296682e-04
1.510969923104658170e-04
1.432211349314874952e-04
1.511672630752097671e-04
1.516735004076803360e-04
1.497284269645120453e-04
1.461065050956856680e-04
1.460688577108066330e-04
1.241040247613724938e-04
1.186944294673649900e-04
1.068801504291031678e-04
1.007798790527176532e-04
9.849543507390669565e-05
9.627548655749830725e-05
9.520348027880776176e-05
9.379017060449276733e-05
9.211432893822201721e-05
9.215822322014876656e-05
8.848369548246947974e-05
8.684078537282275388e-05
8.542191961186177936e-05
8.458658761037091719e-05
8.226357209953446181e-05
8.153311488599825042e-05
8.055177276075516080e-05
7.652158377474038893e-05
7.728095419265008329e-05
7.804264145494845277e-05
7.187519856135466735e-05
6.854779993152383167e-05
6.764153029214766202e-05
6.691455796299869700e-05
6.471828795598528192e-05
6.339663899784365282e-05
6.218287585124326563e-05
5.984388058970810891e-05
6.069270528229792381e-05
5.987337839853817153e-05
6.005461406843176902e-05
5.998562888555081544e-05
5.909395160942117068e-05
5.846669948807989753e-05
6.107523535073672283e-05
5.653101848112954787e-05
5.444867225452338809e-05
5.504351681827005248e-05
5.491966482406181036e-05
5.431270206706356735e-05
5.340118646897518145e-05
4.683968443790217055e-05
4.417188475119052479e-05
4.105532539754327368e-05
3.922479493810601225e-05
3.797972402644917697e-05
3.772487075050257201e-05
3.740679658002245798e-05
3.615645483396681963e-05
3.442140749909908151e-05
3.247078268785893421e-05
3.168813072080597763e-05
3.109596934502441420e-05
3.045943674731261923e-05
2.964890521880296276e-05
2.917562941086432383e-05
2.832837878427907260e-05
2.791344859838945533e-05
2.760051832917492348e-05
2.678912425252005385e-05
2.624167469423974562e-05
2.564545335618639905e-05
2.510618600058197125e-05
2.416999908024532095e-05
2.290393413497400461e-05
2.267102708213341453e-05
2.228144265911646669e-05
2.171823945123001426e-05
2.107392845292302983e-05
2.060850666509464159e-05
1.992290648110806148e-05
1.946543349132587438e-05
1.900264097985239177e-05
1.884068248955899705e-05
1.860574373861516409e-05
1.815974381845869660e-05
1.777213171578891931e-05
1.741951890713069117e-05
1.720348060002222662e-05
1.693840264074600367e-05
1.671806712335616754e-05
1.626987940086857860e-05
1.606211436569713208e-05
1.583532167255034153e-05
1.557406848082915177e-05
1.530658270612915290e-05
1.495731303312110632e-05
1.462325843075078502e-05
1.433955206486747319e-05
1.417505016792448076e-05
1.391937715274852747e-05
1.379556896233199664e-05
1.360652993105786540e-05
1.344237665257583062e-05
1.317021903109248395e-05
1.307002777549396491e-05
1.285441458056599257e-05
1.277810024985047111e-05
1.253977343263751846e-05
1.234474552634561816e-05
1.210299142137053383e-05
1.191299452917078394e-05
1.176909584416342173e-05
1.164120057514325667e-05
1.140739061310322449e-05
1.120064194489831366e-05
1.103488209987990331e-05
1.086398293667219817e-05
1.078565646848263766e-05
1.061679671379487856e-05
1.053053529217830036e-05
1.041078164946084029e-05
1.025168947984593528e-05
1.006071727551772874e-05
9.952981812205916170e-06
9.752255740895026425e-06
9.654614962929164359e-06
9.531546166081267832e-06
9.391035248113686562e-06
9.310600417478970432e-06
9.163895256490084149e-06
9.055018513823451809e-06
8.921963438936219605e-06
8.748339769073163643e-06
8.560087294489581941e-06
8.464822479645912336e-06
8.267934561461232708e-06
8.100987086023246799e-06
7.966568996471282214e-06
7.830658620871621122e-06
7.564516892433534363e-06
7.355894468465984166e-06
7.220483381614946247e-06
7.051167306915731683e-06
6.949888774083295828e-06
6.803664558252994495e-06
6.602595844615010997e-06
6.388259670047692955e-06
6.247772764931439372e-06
5.993378095146470554e-06
5.885742355886643431e-06
5.700026508632197942e-06
5.528951774794139654e-06
5.344204390137273177e-06
5.139425908813286986e-06
5.082385143709368740e-06
4.822525880406567194e-06
4.617776452502303867e-06
4.537790332755179071e-06
4.410514061625823126e-06
4.231439632811485971e-06
4.136949675768513028e-06
4.085991247423991281e-06
3.825301298021470464e-06
3.812032682287298604e-06
3.767483886729327262e-06
3.619294010863148483e-06
3.672521409621179277e-06
3.713455712214119729e-06
3.450692723119535217e-06
3.382682470341748114e-06
3.345204112993588128e-06
3.432823555815862964e-06
3.345174321227879061e-06
3.225658469686194836e-06
3.164370096134142156e-06
3.195219261414326814e-06
3.230366721835373014e-06
3.259161707711689967e-06
3.069583212137771067e-06
3.102996322955895929e-06
2.981360308166142087e-06
2.957460739299862840e-06
2.878329543408480530e-06
2.882318094621009523e-06
2.792421923965995920e-06
2.988047506992842659e-06
3.120473272628116912e-06
3.261998321994798279e-06
3.372620494451662240e-06
3.364884516178963572e-06
3.513224615344181377e-06
3.635842892286124910e-06
3.717010918990224454e-06
3.754320651265999523e-06
3.764976920926286941e-06
3.884441020928080198e-06
3.916108509830479306e-06
3.851649789886579835e-06
