8.789627383254533521e-01
6.963330978654214132e-01
6.538650569438797522e-01
6.470768976141866302e-01
6.266162387024886149e-01
6.041289610557919465e-01
5.903696614270291798e-01
5.816396694755558983e-01
5.755802147306924299e-01
5.726389291111795288e-01
5.716021628729133219e-01
5.717000675486604289e-01
5.723763802730009731e-01
5.731468878290379987e-01
5.739360044991353993e-01
5.746381293751227082e-01
5.752475844456075293e-01
5.757438640495432525e-01
5.761319522701209284e-01
5.764340071034618207e-01
5.766686400868842322e-01
5.768535995898791402e-01
5.769933212772446751e-01
5.770977357245926642e-01
5.771744730723906702e-01
5.772288792072793884e-01
5.772671738254832041e-01
5.772937733433156637e-01
5.773120069206640892e-01
5.773244653504170376e-01
5.773329343014969028e-01
5.773386634900471437e-01
5.773424814668853822e-01
5.773450601800641513e-01
5.773467889593990598e-01
5.773479502376001049e-01
5.773487210444437912e-01
5.773492389167043104e-01
5.773495786464675206e-01
5.773498085436231664e-01
5.773499628677891682e-01
5.773500637516710832e-01
5.773501314517829330e-01
5.773501773748530574e-01
5.773502079828558564e-01
5.773502284126037498e-01
5.773502419703999688e-01
5.773502510978629765e-01
5.773502570829412983e-01
5.773502611123108030e-01
5.773502638041028145e-01
5.773502656193830740e-01
5.773502668305540153e-01
5.773502676071464723e-01
5.773502681288784633e-01
5.773502684825034814e-01
5.773502687214617790e-01
5.773502688823796136e-01
5.773502689860080528e-01
5.773502690538729887e-01
5.773502690994940512e-01
5.773502691291308997e-01
5.773502691492558014e-01
5.773502691624379235e-01
5.773502691716403401e-01
5.773502691774968776e-01
5.773502691815565191e-01
5.773502691842764545e-01
5.773502691860279423e-01
5.773502691872219872e-01
5.773502691880311177e-01
5.773502691885656901e-01
5.773502691889085270e-01
5.773502691891393424e-01
5.773502691892958838e-01
5.773502691894014660e-01
5.773502691894761840e-01
5.773502691895250338e-01
5.773502691895598948e-01
5.773502691895819883e-01
5.773502691895960881e-01
5.773502691896063022e-01
5.773502691896128525e-01
5.773502691896168493e-01
5.773502691896196248e-01
5.773502691896216232e-01
5.773502691896230665e-01
5.773502691896239547e-01
5.773502691896246208e-01
5.773502691896250649e-01
5.773502691896252870e-01
5.773502691896255090e-01
5.773502691896256200e-01
5.773502691896256200e-01
5.773502691896256200e-01
5.773502691896257311e-01
5.773502691896257311e-01
5.773502691896257311e-01
5.773502691896257311e-01
5.773502691896257311e-01
5.773502691896257311e-01
5.773502691896257311e-01
5.773502691896257311e-01
5.773502691896257311e-01
5.773502691896257311e-01
5.773502691896257311e-01
5.773502691896257311e-01
5.773502691896257311e-01
5.773502691896257311e-01
5.773502691896257311e-01
5.773502691896257311e-01
5.773502691896257311e-01
5.773502691896257311e-01
5.773502691896257311e-01
5.773502691896257311e-01
5.773502691896257311e-01
5.773502691896257311e-01
5.773502691896257311e-01
5.773502691896257311e-01
5.773502691896257311e-01
5.773502691896257311e-01
5.773502691896257311e-01
5.773502691896257311e-01
5.773502691896257311e-01
5.773502691896257311e-01
5.773502691896257311e-01
5.773502691896257311e-01
5.773502691896257311e-01
5.773502691896257311e-01
5.773502691896257311e-01
5.773502691896257311e-01
5.773502691896257311e-01
5.773502691896257311e-01
5.773502691896257311e-01
5.773502691896257311e-01
5.773502691896257311e-01
5.773502691896257311e-01
5.773502691896257311e-01
5.773502691896257311e-01
5.773502691896257311e-01
5.773502691896257311e-01
5.773502691896257311e-01
5.773502691896257311e-01
5.773502691896257311e-01
5.773502691896257311e-01
5.773502691896257311e-01
5.773502691896257311e-01
5.773502691896257311e-01
5.773502691896257311e-01
5.773502691896257311e-01
5.773502691896257311e-01
5.773502691896257311e-01
5.773502691896257311e-01
5.773502691896257311e-01
5.773502691896257311e-01
5.773502691896257311e-01
5.773502691896257311e-01
5.773502691896257311e-01
5.773502691896257311e-01
5.773502691896257311e-01
5.773502691896257311e-01
5.773502691896257311e-01
5.773502691896257311e-01
5.773502691896257311e-01
5.773502691896257311e-01
5.773502691896257311e-01
5.773502691896257311e-01
5.773502691896257311e-01
5.773502691896257311e-01
5.773502691896257311e-01
5.773502691896257311e-01
5.773502691896257311e-01
5.773502691896257311e-01
5.773502691896257311e-01
5.773502691896257311e-01
5.773502691896257311e-01
5.773502691896257311e-01
5.773502691896257311e-01
5.773502691896257311e-01
5.773502691896257311e-01
5.773502691896257311e-01
5.773502691896257311e-01
5.773502691896257311e-01
5.773502691896257311e-01
5.773502691896257311e-01
5.773502691896257311e-01
5.773502691896257311e-01
5.773502691896257311e-01
5.773502691896257311e-01
5.773502691896257311e-01
5.773502691896257311e-01
5.773502691896257311e-01
5.773502691896257311e-01
5.773502691896257311e-01
5.773502691896257311e-01
5.773502691896257311e-01
5.773502691896257311e-01
5.773502691896257311e-01
5.773502691896257311e-01
5.773502691896257311e-01
5.773502691896257311e-01
5.773502691896257311e-01
5.773502691896257311e-01
5.773502691896257311e-01
5.773502691896257311e-01
5.773502691896257311e-01
5.773502691896257311e-01
5.773502691896257311e-01
5.773502691896257311e-01
5.773502691896257311e-01
5.773502691896257311e-01
5.773502691896257311e-01
5.773502691896257311e-01
5.773502691896257311e-01
5.773502691896257311e-01
5.773502691896257311e-01
5.773502691896257311e-01
5.773502691896257311e-01
5.773502691896257311e-01
5.773502691896257311e-01
5.773502691896257311e-01
5.773502691896257311e-01
5.773502691896257311e-01
5.773502691896257311e-01
5.773502691896257311e-01
5.773502691896257311e-01
5.773502691896257311e-01
5.773502691896257311e-01
5.773502691896257311e-01
5.773502691896257311e-01
5.773502691896257311e-01
5.773502691896257311e-01
5.773502691896257311e-01
5.773502691896257311e-01
5.773502691896257311e-01
5.773502691896257311e-01
5.773502691896257311e-01
5.773502691896257311e-01
5.773502691896257311e-01
5.773502691896257311e-01
5.773502691896257311e-01
5.773502691896257311e-01
5.773502691896257311e-01
5.773502691896257311e-01
5.773502691896257311e-01
5.773502691896257311e-01
5.773502691896257311e-01
5.773502691896257311e-01
5.773502691896257311e-01
5.773502691896257311e-01
5.773502691896257311e-01
5.773502691896257311e-01
5.773502691896257311e-01
5.773502691896257311e-01
5.773502691896257311e-01
5.773502691896257311e-01
5.773502691896257311e-01
5.773502691896257311e-01
5.773502691896257311e-01
5.773502691896257311e-01
5.773502691896257311e-01
5.773502691896257311e-01
5.773502691896257311e-01
5.773502691896257311e-01
5.773502691896257311e-01
5.773502691896257311e-01
5.773502691896257311e-01
5.773502691896257311e-01
5.773502691896257311e-01
5.773502691896257311e-01
5.773502691896257311e-01
5.773502691896257311e-01
5.773502691896257311e-01
5.773502691896257311e-01
5.773502691896257311e-01
5.773502691896257311e-01
5.773502691896257311e-01
5.773502691896257311e-01
5.773502691896257311e-01
5.773502691896257311e-01
5.773502691896257311e-01
5.773502691896257311e-01
5.773502691896257311e-01
5.773502691896257311e-01
5.773502691896257311e-01
5.773502691896257311e-01
5.773502691896257311e-01
5.773502691896257311e-01
5.773502691896257311e-01
5.773502691896257311e-01
5.773502691896257311e-01
5.773502691896257311e-01
5.773502691896257311e-01
5.773502691896257311e-01
5.773502691896257311e-01
5.773502691896257311e-01
5.773502691896257311e-01
5.773502691896257311e-01
5.773502691896257311e-01
5.773502691896257311e-01
5.773502691896257311e-01
5.773502691896257311e-01
5.773502691896257311e-01
5.773502691896257311e-01
5.773502691896257311e-01
5.773502691896257311e-01
5.773502691896257311e-01
5.773502691896257311e-01
5.773502691896257311e-01
5.773502691896257311e-01
5.773502691896257311e-01
5.773502691896257311e-01
5.773502691896257311e-01
5.773502691896257311e-01
5.773502691896257311e-01
5.773502691896257311e-01
5.773502691896257311e-01
5.773502691896257311e-01
5.773502691896257311e-01
5.773502691896257311e-01
5.773502691896257311e-01
5.773502691896257311e-01
5.773502691896257311e-01
5.773502691896257311e-01
5.773502691896257311e-01
5.773502691896257311e-01
5.773502691896257311e-01
5.773502691896257311e-01
5.773502691896257311e-01
5.773502691896257311e-01
5.773502691896257311e-01
5.773502691896257311e-01
5.773502691896257311e-01
5.773502691896257311e-01
5.773502691896257311e-01
5.773502691896257311e-01
5.773502691896257311e-01
5.773502691896257311e-01
5.773502691896257311e-01
5.773502691896257311e-01
5.773502691896257311e-01
5.773502691896257311e-01
5.773502691896257311e-01
5.773502691896257311e-01
5.773502691896257311e-01
5.773502691896257311e-01
5.773502691896257311e-01
5.773502691896257311e-01
5.773502691896257311e-01
5.773502691896257311e-01
5.773502691896257311e-01
5.773502691896257311e-01
5.773502691896257311e-01
5.773502691896257311e-01
5.773502691896257311e-01
5.773502691896257311e-01
5.773502691896257311e-01
5.773502691896257311e-01
5.773502691896257311e-01
5.773502691896257311e-01
5.773502691896257311e-01
5.773502691896257311e-01
5.773502691896257311e-01
5.773502691896257311e-01
5.773502691896257311e-01
5.773502691896257311e-01
5.773502691896257311e-01
5.773502691896257311e-01
5.773502691896257311e-01
5.773502691896257311e-01
5.773502691896257311e-01
5.773502691896257311e-01
5.773502691896257311e-01
5.773502691896257311e-01
5.773502691896257311e-01
5.773502691896257311e-01
5.773502691896257311e-01
5.773502691896257311e-01
5.773502691896257311e-01
5.773502691896257311e-01
5.773502691896257311e-01
5.773502691896257311e-01
5.773502691896257311e-01
5.773502691896257311e-01
5.773502691896257311e-01
5.773502691896257311e-01
5.773502691896257311e-01
5.773502691896257311e-01
5.773502691896257311e-01
5.773502691896257311e-01
5.773502691896257311e-01
5.773502691896257311e-01
5.773502691896257311e-01
5.773502691896257311e-01
5.773502691896257311e-01
5.773502691896257311e-01
5.773502691896257311e-01
5.773502691896257311e-01
5.773502691896257311e-01
5.773502691896257311e-01
