2.460973203895614192e-01
1.208341724185560406e-01
1.400456445338465472e-01
4.526676955718884621e-01
6.988530235461873907e-01
7.288805689974124924e-01
7.275498900224606214e-01
7.137195105596313427e-01
6.808752955982254607e-01
6.475594837151945615e-01
6.241473647274728975e-01
6.085445210414627271e-01
5.981415846864976960e-01
5.912047439864936971e-01
5.865782308248316257e-01
5.834896534148461544e-01
5.814231193891205018e-01
5.800317970928879907e-01
5.790835071978571724e-01
5.784207949917579139e-01
5.779510576392316024e-01
5.776281994254459651e-01
5.774344024868992564e-01
5.773370121341672156e-01
5.773003538572595295e-01
5.772946006872454738e-01
5.773011008451789383e-01
5.773113632795850991e-01
5.773210565802620042e-01
5.773290591162352214e-01
5.773352608495736504e-01
5.773398380061032231e-01
5.773430704366484534e-01
5.773453560918827554e-01
5.773469366369107236e-01
5.773480233374168602e-01
5.773487573631295167e-01
5.773492571444128751e-01
5.773495877893560779e-01
5.773498130793903726e-01
5.773499651280296074e-01
5.773500648683651537e-01
5.773501320119747149e-01
5.773501776543940034e-01
5.773502081222530169e-01
5.773502284823613939e-01
5.773502420056206841e-01
5.773502511151381578e-01
5.773502570915665100e-01
5.773502611165736154e-01
5.773502638062637526e-01
5.773502656204636541e-01
5.773502668310871444e-01
5.773502676074176998e-01
5.773502681290139105e-01
5.773502684825704279e-01
5.773502687214953077e-01
5.773502688823960449e-01
5.773502689860161574e-01
5.773502690538770965e-01
5.773502690994960496e-01
5.773502691291318989e-01
5.773502691492563565e-01
5.773502691624381455e-01
5.773502691716404511e-01
5.773502691774968776e-01
5.773502691815565191e-01
5.773502691842764545e-01
5.773502691860279423e-01
5.773502691872219872e-01
5.773502691880311177e-01
5.773502691885658011e-01
5.773502691889085270e-01
5.773502691891394534e-01
5.773502691892959948e-01
5.773502691894014660e-01
5.773502691894762950e-01
5.773502691895249228e-01
5.773502691895600059e-01
5.773502691895819883e-01
5.773502691895961991e-01
5.773502691896063022e-01
5.773502691896127414e-01
5.773502691896168493e-01
5.773502691896196248e-01
5.773502691896215122e-01
5.773502691896230665e-01
5.773502691896239547e-01
5.773502691896245098e-01
5.773502691896248429e-01
5.773502691896251759e-01
5.773502691896252870e-01
5.773502691896252870e-01
5.773502691896255090e-01
5.773502691896255090e-01
5.773502691896256200e-01
5.773502691896256200e-01
5.773502691896256200e-01
5.773502691896256200e-01
5.773502691896257311e-01
5.773502691896257311e-01
5.773502691896257311e-01
5.773502691896257311e-01
5.773502691896257311e-01
5.773502691896257311e-01
5.773502691896257311e-01
5.773502691896257311e-01
5.773502691896257311e-01
5.773502691896257311e-01
5.773502691896257311e-01
5.773502691896257311e-01
5.773502691896257311e-01
5.773502691896257311e-01
5.773502691896257311e-01
5.773502691896257311e-01
5.773502691896257311e-01
5.773502691896257311e-01
5.773502691896257311e-01
5.773502691896257311e-01
5.773502691896257311e-01
5.773502691896257311e-01
5.773502691896257311e-01
5.773502691896257311e-01
5.773502691896257311e-01
5.773502691896257311e-01
5.773502691896257311e-01
5.773502691896257311e-01
5.773502691896257311e-01
5.773502691896257311e-01
5.773502691896257311e-01
5.773502691896257311e-01
5.773502691896257311e-01
5.773502691896257311e-01
5.773502691896257311e-01
5.773502691896257311e-01
5.773502691896257311e-01
5.773502691896257311e-01
5.773502691896257311e-01
5.773502691896257311e-01
5.773502691896257311e-01
5.773502691896257311e-01
5.773502691896257311e-01
5.773502691896257311e-01
5.773502691896257311e-01
5.773502691896257311e-01
5.773502691896257311e-01
5.773502691896257311e-01
5.773502691896257311e-01
5.773502691896257311e-01
5.773502691896257311e-01
5.773502691896257311e-01
5.773502691896257311e-01
5.773502691896257311e-01
5.773502691896257311e-01
5.773502691896257311e-01
5.773502691896257311e-01
5.773502691896257311e-01
5.773502691896257311e-01
5.773502691896257311e-01
5.773502691896257311e-01
5.773502691896257311e-01
5.773502691896257311e-01
5.773502691896257311e-01
5.773502691896257311e-01
5.773502691896257311e-01
5.773502691896257311e-01
5.773502691896257311e-01
5.773502691896257311e-01
5.773502691896257311e-01
5.773502691896257311e-01
5.773502691896257311e-01
5.773502691896257311e-01
5.773502691896257311e-01
5.773502691896257311e-01
5.773502691896257311e-01
5.773502691896257311e-01
5.773502691896257311e-01
5.773502691896257311e-01
5.773502691896257311e-01
5.773502691896257311e-01
5.773502691896257311e-01
5.773502691896257311e-01
5.773502691896257311e-01
5.773502691896257311e-01
5.773502691896257311e-01
5.773502691896257311e-01
5.773502691896257311e-01
5.773502691896257311e-01
5.773502691896257311e-01
5.773502691896257311e-01
5.773502691896257311e-01
5.773502691896257311e-01
5.773502691896257311e-01
5.773502691896257311e-01
5.773502691896257311e-01
5.773502691896257311e-01
5.773502691896257311e-01
5.773502691896257311e-01
5.773502691896257311e-01
5.773502691896257311e-01
5.773502691896257311e-01
5.773502691896257311e-01
5.773502691896257311e-01
5.773502691896257311e-01
5.773502691896257311e-01
5.773502691896257311e-01
5.773502691896257311e-01
5.773502691896257311e-01
5.773502691896257311e-01
5.773502691896257311e-01
5.773502691896257311e-01
5.773502691896257311e-01
5.773502691896257311e-01
5.773502691896257311e-01
5.773502691896257311e-01
5.773502691896257311e-01
5.773502691896257311e-01
5.773502691896257311e-01
5.773502691896257311e-01
5.773502691896257311e-01
5.773502691896257311e-01
5.773502691896257311e-01
5.773502691896257311e-01
5.773502691896257311e-01
5.773502691896257311e-01
5.773502691896257311e-01
5.773502691896257311e-01
5.773502691896257311e-01
5.773502691896257311e-01
5.773502691896257311e-01
5.773502691896257311e-01
5.773502691896257311e-01
5.773502691896257311e-01
5.773502691896257311e-01
5.773502691896257311e-01
5.773502691896257311e-01
5.773502691896257311e-01
5.773502691896257311e-01
5.773502691896257311e-01
5.773502691896257311e-01
5.773502691896257311e-01
5.773502691896257311e-01
5.773502691896257311e-01
5.773502691896257311e-01
5.773502691896257311e-01
5.773502691896257311e-01
5.773502691896257311e-01
5.773502691896257311e-01
5.773502691896257311e-01
5.773502691896257311e-01
5.773502691896257311e-01
5.773502691896257311e-01
5.773502691896257311e-01
5.773502691896257311e-01
5.773502691896257311e-01
5.773502691896257311e-01
5.773502691896257311e-01
5.773502691896257311e-01
5.773502691896257311e-01
5.773502691896257311e-01
5.773502691896257311e-01
5.773502691896257311e-01
5.773502691896257311e-01
5.773502691896257311e-01
5.773502691896257311e-01
5.773502691896257311e-01
5.773502691896257311e-01
5.773502691896257311e-01
5.773502691896257311e-01
5.773502691896257311e-01
5.773502691896257311e-01
5.773502691896257311e-01
5.773502691896257311e-01
5.773502691896257311e-01
5.773502691896257311e-01
5.773502691896257311e-01
5.773502691896257311e-01
5.773502691896257311e-01
5.773502691896257311e-01
5.773502691896257311e-01
5.773502691896257311e-01
5.773502691896257311e-01
5.773502691896257311e-01
5.773502691896257311e-01
5.773502691896257311e-01
5.773502691896257311e-01
5.773502691896257311e-01
5.773502691896257311e-01
5.773502691896257311e-01
5.773502691896257311e-01
5.773502691896257311e-01
5.773502691896257311e-01
5.773502691896257311e-01
5.773502691896257311e-01
5.773502691896257311e-01
5.773502691896257311e-01
5.773502691896257311e-01
5.773502691896257311e-01
5.773502691896257311e-01
5.773502691896257311e-01
5.773502691896257311e-01
5.773502691896257311e-01
5.773502691896257311e-01
5.773502691896257311e-01
5.773502691896257311e-01
5.773502691896257311e-01
5.773502691896257311e-01
5.773502691896257311e-01
5.773502691896257311e-01
5.773502691896257311e-01
5.773502691896257311e-01
5.773502691896257311e-01
5.773502691896257311e-01
5.773502691896257311e-01
5.773502691896257311e-01
5.773502691896257311e-01
5.773502691896257311e-01
5.773502691896257311e-01
5.773502691896257311e-01
5.773502691896257311e-01
5.773502691896257311e-01
5.773502691896257311e-01
5.773502691896257311e-01
5.773502691896257311e-01
5.773502691896257311e-01
5.773502691896257311e-01
5.773502691896257311e-01
5.773502691896257311e-01
5.773502691896257311e-01
5.773502691896257311e-01
5.773502691896257311e-01
5.773502691896257311e-01
5.773502691896257311e-01
5.773502691896257311e-01
5.773502691896257311e-01
5.773502691896257311e-01
5.773502691896257311e-01
5.773502691896257311e-01
5.773502691896257311e-01
5.773502691896257311e-01
5.773502691896257311e-01
5.773502691896257311e-01
5.773502691896257311e-01
5.773502691896257311e-01
5.773502691896257311e-01
5.773502691896257311e-01
5.773502691896257311e-01
5.773502691896257311e-01
5.773502691896257311e-01
5.773502691896257311e-01
5.773502691896257311e-01
5.773502691896257311e-01
5.773502691896257311e-01
5.773502691896257311e-01
5.773502691896257311e-01
5.773502691896257311e-01
5.773502691896257311e-01
5.773502691896257311e-01
5.773502691896257311e-01
5.773502691896257311e-01
5.773502691896257311e-01
5.773502691896257311e-01
5.773502691896257311e-01
5.773502691896257311e-01
5.773502691896257311e-01
5.773502691896257311e-01
5.773502691896257311e-01
5.773502691896257311e-01
5.773502691896257311e-01
5.773502691896257311e-01
5.773502691896257311e-01
5.773502691896257311e-01
5.773502691896257311e-01
5.773502691896257311e-01
5.773502691896257311e-01
5.773502691896257311e-01
5.773502691896257311e-01
5.773502691896257311e-01
5.773502691896257311e-01
5.773502691896257311e-01
5.773502691896257311e-01
5.773502691896257311e-01
5.773502691896257311e-01
5.773502691896257311e-01
5.773502691896257311e-01
5.773502691896257311e-01
5.773502691896257311e-01
5.773502691896257311e-01
5.773502691896257311e-01
5.773502691896257311e-01
5.773502691896257311e-01
5.773502691896257311e-01
5.773502691896257311e-01
5.773502691896257311e-01
5.773502691896257311e-01
5.773502691896257311e-01
5.773502691896257311e-01
5.773502691896257311e-01
5.773502691896257311e-01
