1.254759319782485560e+00
1.256249311821018289e+00
1.258100200627764620e+00
1.259977490195564709e+00
1.260691221425542574e+00
1.260704588534985904e+00
1.264621218108622935e+00
1.265779251395602767e+00
1.267609753296909503e+00
1.268229474060660333e+00
1.271032078317521963e+00
1.271245396767216818e+00
1.272994040333757848e+00
1.274772793510944746e+00
1.276549619498292154e+00
1.278336384105256407e+00
1.278621179627280391e+00
1.280146456825368650e+00
1.282872028927386499e+00
1.284212382920060236e+00
1.285027510816774132e+00
1.287641951291374820e+00
1.291547065895792823e+00
1.294732703040677002e+00
1.296668105743373989e+00
1.297563218156285281e+00
1.299668629984610080e+00
1.301196002359629622e+00
1.303495394537413476e+00
1.305937612634008316e+00
1.307691311379287846e+00
1.308661965631221946e+00
1.309080734479963981e+00
1.311316633227863404e+00
1.313405985683325783e+00
1.315435754063523976e+00
1.316982513065869442e+00
1.319351700611905764e+00
1.322371861863886888e+00
1.325123009394198803e+00
1.325628020726571377e+00
1.325737741470912168e+00
1.328565061392732671e+00
1.329307262422586788e+00
1.331561468484473432e+00
1.333211054000179585e+00
1.334060419076358528e+00
1.336062080132690788e+00
1.339092792635781404e+00
1.341562447179786455e+00
1.341911298599924418e+00
1.343794176606268875e+00
1.348198868013521512e+00
1.349957182793548816e+00
1.352222914981948909e+00
1.352758541237181644e+00
1.354606059394664497e+00
1.357637284519652265e+00
1.359054801766814924e+00
1.361365725311525665e+00
1.365529414681468490e+00
1.371193613905745901e+00
1.370924623656938346e+00
1.372745863367456742e+00
1.375453792068276559e+00
1.378202669936571034e+00
1.378011143253192961e+00
1.379145473632510832e+00
1.380747199170292872e+00
1.382271084108231740e+00
1.383581593664800380e+00
1.384640116263070819e+00
1.386351586162572813e+00
1.387920346828908746e+00
1.388108520137887991e+00
1.389918871719291849e+00
1.391234930740062659e+00
1.393441930199001089e+00
1.393458767691730493e+00
1.395626840419412984e+00
1.395304289146885424e+00
1.398408271805696046e+00
1.401986162933729130e+00
1.403901793065386983e+00
1.405829984409353584e+00
1.408156365914334129e+00
1.410649169557407712e+00
1.416261327136543624e+00
1.419140421957759024e+00
1.421088002285694207e+00
1.423567129086525274e+00
1.427245215947002377e+00
1.430851104250403738e+00
1.434257208849328835e+00
1.436110658940053630e+00
1.437390970622656416e+00
1.437520764902433523e+00
1.439489772826634040e+00
1.441653221258905493e+00
1.445943788471819147e+00
1.448404915317488051e+00
1.449954586844241389e+00
1.450483039982486622e+00
1.453063095252612236e+00
1.454184101093889625e+00
1.453509451871458413e+00
1.459301922383123395e+00
1.460772847241535555e+00
1.460235944241439876e+00
1.462736336159275341e+00
1.465436490215433540e+00
1.467164144119488256e+00
1.468191337996101353e+00
1.471892656811480737e+00
1.473246597178655248e+00
1.475703436249317102e+00
1.477837802610798779e+00
1.481934494076366571e+00
1.485862192835572193e+00
1.487453274480422749e+00
1.489631689343238419e+00
1.493257346632872906e+00
1.496251764885157209e+00
1.495705390851652883e+00
1.497667707535274673e+00
1.499609824547020187e+00
1.503362303704467440e+00
1.505280526831519472e+00
1.508740586119762250e+00
1.509920538657595124e+00
1.514670158320332138e+00
1.515807235844726986e+00
1.517001493065255557e+00
1.521739631380105040e+00
1.523302459977450729e+00
1.524125448716832087e+00
1.525440393089720903e+00
1.529802924626886718e+00
1.532675665162687162e+00
1.535428558063100857e+00
1.536312666089687307e+00
1.539548104937318973e+00
1.539517865796816931e+00
1.538747099819100850e+00
1.539701205417342011e+00
1.543040130625727757e+00
1.545628451932414160e+00
1.546381990691094721e+00
1.549027170425652411e+00
1.551726978738284357e+00
1.553068237808283847e+00
1.555965045045796691e+00
1.556988494867318273e+00
1.562398615975700622e+00
1.566318583955719657e+00
1.569110997539645114e+00
1.568761833375803327e+00
1.571799499723501636e+00
1.574255123919803268e+00
1.574347646153708036e+00
1.578638366910269264e+00
1.580566141753224629e+00
1.582022431942988305e+00
1.584739782187928769e+00
1.587108717395365964e+00
1.589902974086102372e+00
1.593759726691944989e+00
1.594205268143298548e+00
1.596976088951298056e+00
1.597691468720981112e+00
1.602361364871424110e+00
1.603903173288860673e+00
1.605298524615985212e+00
1.610699633831334410e+00
1.611794239508280491e+00
1.613146125859924451e+00
1.613011839974636041e+00
1.612617764892452454e+00
1.612356554598195268e+00
1.616139165658902810e+00
1.615706476197825481e+00
1.621781761993084992e+00
1.619571759467486549e+00
1.621430739567333079e+00
1.625900013914927777e+00
1.628983965382105215e+00
1.632322571581590775e+00
1.633404541330051085e+00
1.634558496216325763e+00
1.635329955116068490e+00
1.637146543963682754e+00
1.637191808070765475e+00
1.636623206516429452e+00
1.638072814175352665e+00
1.640664746856046907e+00
1.646769810074732554e+00
1.645126621900319108e+00
1.648251512614284042e+00
1.651399415904390544e+00
1.651254525841112208e+00
1.655617336308745857e+00
1.659213889593747826e+00
1.662594682430406090e+00
1.665312854472286164e+00
1.668355642551891949e+00
1.668846417389561632e+00
1.670665522339331854e+00
1.671925920458710912e+00
1.675410494591537347e+00
1.677335811317143044e+00
1.682294632512172372e+00
1.680880766119614345e+00
1.684752838903061933e+00
1.687100035250876040e+00
1.688596633332813512e+00
1.694660030008103391e+00
1.697684292146252938e+00
1.697611454858538149e+00
1.700999591219894524e+00
1.702237803518073189e+00
1.702168294031376039e+00
1.704480847965631707e+00
1.707016811541802515e+00
1.712225043232740829e+00
1.715163865570227042e+00
1.717544694051061471e+00
1.721437518748580198e+00
1.723097848122216336e+00
1.725801844774919269e+00
1.727157778749391692e+00
1.726882701496700312e+00
1.733099619870993147e+00
1.734445926125693260e+00
1.736145759004009914e+00
1.740059512215484494e+00
1.740831638686324734e+00
1.746166790203058872e+00
1.750736699739734448e+00
1.751072598606892905e+00
1.752377135917466244e+00
1.755017088957987248e+00
1.760809644472913327e+00
1.764304005548629428e+00
1.763606514819797244e+00
1.767813513887159571e+00
1.765929142341834179e+00
1.765410012001128015e+00
1.764949501076203520e+00
1.766245916625072354e+00
1.769201065073739754e+00
1.773036170413796908e+00
1.779509797507906388e+00
1.782708438212162516e+00
1.784551808362989656e+00
1.789929086758144328e+00
1.795522398453088586e+00
1.793801694024354187e+00
1.796877451931105707e+00
1.798917858644905943e+00
1.803747300715664803e+00
1.806927498477174598e+00
1.809340812717854741e+00
1.811117157599255734e+00
1.816183031462733188e+00
1.818658659825188817e+00
1.821668710485039533e+00
1.823927823230636625e+00
1.826419679921464478e+00
1.830838549961214090e+00
1.831313804603308393e+00
1.834898345809222064e+00
1.836266074288606553e+00
1.836396218176212347e+00
1.838938051446593391e+00
1.845819246751815745e+00
1.849554478985796502e+00
1.853686878975530528e+00
1.852082851501140270e+00
1.851198819996916045e+00
1.853925947715079348e+00
1.861675155349007849e+00
1.864250766506560408e+00
1.864936906988452048e+00
1.869468417345252265e+00
1.871416338937130774e+00
1.872971097854850830e+00
1.875015963250769024e+00
1.878514956990660734e+00
1.881086667060699602e+00
1.880420092161285028e+00
1.878528114838548202e+00
1.884398190778440840e+00
1.888831426026548410e+00
1.891777651616163736e+00
1.897161492383685255e+00
1.900161059078622872e+00
1.904555098178632111e+00
1.910088265457489998e+00
1.914053703770630444e+00
1.915530729984540104e+00
1.916898725227465183e+00
1.920225604365360716e+00
1.922778851974989101e+00
1.925868157847635986e+00
1.922866426148405194e+00
1.927096305350976868e+00
1.934988407324130799e+00
1.932261106157892927e+00
1.934259065242476927e+00
1.939189518570263671e+00
1.941155315765938472e+00
1.947763635709679475e+00
1.947189708667168562e+00
1.949929962586172794e+00
1.954825957473565357e+00
1.960436900845601960e+00
1.965112478083591796e+00
1.966755495388467168e+00
1.972360177103066992e+00
1.977188989953956533e+00
1.982335916606860593e+00
1.986647367460538272e+00
1.989473271017931921e+00
1.993557360881079488e+00
1.996604317240799453e+00
1.998506326427628599e+00
1.998377277778681016e+00
2.003811719083686160e+00
2.008386997612455094e+00
2.011748551724504175e+00
2.014873145380699615e+00
2.017283444736148734e+00
2.022409879013143286e+00
2.024584524973730648e+00
2.025948093752405921e+00
2.034018976116132915e+00
2.042482841568301399e+00
2.042965619156214441e+00
2.048746858044605546e+00
2.047468181890572225e+00
2.048919109945518180e+00
2.053262859035558385e+00
2.054910408113809428e+00
2.055830489647525461e+00
2.058508309600274533e+00
2.056516703540502977e+00
2.060475644824885322e+00
2.058654233784010135e+00
2.059976517389401796e+00
2.067471199052579145e+00
2.073794521282233294e+00
2.075211493320114009e+00
2.078475117500201641e+00
2.086650911773652695e+00
2.087238074092542028e+00
2.088152317795767932e+00
2.090528859477754242e+00
2.095181461466058881e+00
2.096303884347071822e+00
2.098495222104555413e+00
2.099596197302536549e+00
2.101229603332640750e+00
2.104807580711316017e+00
2.106850599190313922e+00
2.107409029828795521e+00
2.110854310521876442e+00
2.113585726029481915e+00
2.118430219495729183e+00
2.125381855793872177e+00
2.128731110583066410e+00
2.133424617183599992e+00
2.130157895687141423e+00
2.136998960201930586e+00
2.142920187057898662e+00
2.146965962717887866e+00
2.151380879848400429e+00
2.154817097805470372e+00
2.159854243620892067e+00
2.164095856318255962e+00
2.164099175955689347e+00
2.164635882118397525e+00
2.166904373346112855e+00
2.168166340565796268e+00
2.167895961711929775e+00
2.179058009395782314e+00
2.178798747497170396e+00
2.178642533421220495e+00
2.185956273311621789e+00
2.185018973875475279e+00
2.191040240160721631e+00
2.196566460646807606e+00
2.200742917042122659e+00
2.204389850040799459e+00
2.209041563606362057e+00
2.212743913402558604e+00
2.209633654961137506e+00
2.218871958004499767e+00
2.220580522475554819e+00
2.223361609840537323e+00
2.228057494407558181e+00
