8.131029165013820004e-01
8.131029165013820004e-01
8.131029165013820004e-01
8.131029165013820004e-01
8.131029165013820004e-01
8.131029165013820004e-01
8.131029165013820004e-01
8.131029165013820004e-01
8.131029165013820004e-01
8.131029165013820004e-01
8.131029165013820004e-01
8.131029165013820004e-01
8.131029165013820004e-01
8.131029165013820004e-01
8.131029165013820004e-01
8.131029165013820004e-01
8.131029165013820004e-01
8.131029165013820004e-01
8.131029165013820004e-01
8.131029165013820004e-01
8.131029165013820004e-01
8.131029165013820004e-01
8.131029165013820004e-01
8.131029165013820004e-01
8.131029165013820004e-01
8.131029165013820004e-01
8.131029165013820004e-01
8.131029165013820004e-01
8.131029165013820004e-01
8.131029165013820004e-01
8.131029165013820004e-01
8.131029165013820004e-01
8.131029165013820004e-01
8.131029165013820004e-01
8.131029165013820004e-01
8.131029165013815563e-01
8.131029165013875515e-01
8.131006332609477250e-01
7.959379571711486800e-01
7.959379571711262535e-01
7.959379571711395762e-01
7.893958285131232877e-01
7.893958285131232877e-01
7.893957924431590500e-01
7.627958467327446979e-01
7.627958467327446979e-01
7.627958467327446979e-01
7.627958680109999667e-01
7.627958680084472309e-01
7.627958507499960072e-01
7.627962271445425380e-01
7.627962271430351882e-01
7.627962271422715768e-01
7.627962271422715768e-01
7.627962271422680240e-01
7.627962271422680240e-01
7.627448425430677359e-01
7.627631508559956641e-01
7.627629981452337393e-01
7.627629981348056365e-01
7.627630998734801215e-01
7.627630997841409188e-01
7.453288045606782930e-01
7.453288045606782930e-01
7.010052848216226096e-01
7.010054699452318294e-01
7.011485966584046770e-01
7.011485968208066577e-01
7.011485346990533607e-01
7.011472701468328683e-01
7.011472701468328683e-01
7.011473002000252475e-01
7.011473097156111223e-01
7.010880058727541053e-01
7.010880058727541053e-01
7.296834220947014948e-01
7.296834063340865706e-01
7.296834063605966980e-01
7.296834063605966980e-01
7.297078742990978917e-01
7.296430980514325704e-01
7.296430980513037845e-01
7.296430980531037891e-01
7.296430980531080079e-01
7.296430980531080079e-01
7.296430980530876909e-01
7.296430980530874688e-01
7.296430731357637089e-01
7.296430731357718136e-01
7.296430731357718136e-01
7.530151253998923488e-01
7.530151253998923488e-01
7.530151556234490062e-01
7.530151556234490062e-01
7.530162132269296871e-01
7.528118794908702505e-01
7.528422251777624474e-01
7.528422251777624474e-01
7.528422251777624474e-01
7.482350852606363123e-01
7.482350852608518066e-01
7.483033483091952043e-01
7.599677926061626509e-01
7.599677926782638648e-01
7.599677926782638648e-01
7.596881509814084055e-01
7.596881506372387127e-01
7.596881506372387127e-01
7.596881507135019307e-01
7.596881507107987597e-01
7.596881507107987597e-01
7.596881507107987597e-01
7.596881507131573175e-01
7.596881507108943499e-01
7.587590492291224065e-01
7.587590492291679256e-01
7.546863275874656773e-01
7.546888786556747997e-01
7.546888784698235764e-01
7.546888784698235764e-01
7.546464673287311964e-01
7.546002547806771599e-01
7.545864826998069930e-01
7.545864826998069930e-01
7.546712521148982722e-01
7.546712521056281320e-01
7.546712521056281320e-01
7.546712519755489623e-01
7.546712520107301536e-01
7.546712519455036627e-01
7.546741277273107951e-01
7.546741277273107951e-01
7.546741277280604177e-01
7.546741277280604177e-01
7.546741277280604177e-01
7.546741277280604177e-01
7.881651894962853344e-01
7.688033160042978542e-01
7.688044148655337473e-01
7.688044148655337473e-01
7.688044148655399646e-01
7.688044096572691499e-01
7.598788817820718577e-01
7.598617342528946050e-01
7.500902245379853506e-01
7.516464374947902094e-01
7.516464374452320740e-01
7.516146183880588749e-01
7.516146183880588749e-01
7.516141053625774449e-01
7.516137666627166203e-01
7.516137730997557442e-01
7.516137730997557442e-01
7.516631919795730976e-01
7.516631969763486465e-01
7.516631969763484244e-01
7.516608319691302498e-01
7.514430962284025517e-01
7.514648123780638400e-01
7.514355760821060937e-01
7.514355761016787705e-01
7.514355764390320269e-01
7.511824417313697211e-01
7.511826374912334847e-01
7.511826500227607450e-01
7.511826500227607450e-01
7.409952105789637811e-01
7.249745215316018010e-01
7.378147890932091890e-01
7.378147890932091890e-01
7.336690031000655532e-01
7.267398389096539901e-01
7.267398389096539901e-01
7.267401165835726262e-01
7.272990761604467558e-01
7.271414720714421964e-01
7.271414712263287727e-01
7.271414712263287727e-01
7.271414712263123414e-01
7.256141838144035683e-01
7.256141838142639022e-01
7.256141836790637178e-01
7.256141834937375190e-01
7.256141913552434097e-01
7.255821443348097199e-01
7.255821443348097199e-01
7.255821443348097199e-01
7.255821443348097199e-01
7.124567783025602674e-01
7.124567783025602674e-01
7.124567783025602674e-01
7.124567710580165247e-01
7.124567710580161917e-01
7.124555543552240078e-01
7.124555496796050047e-01
7.124555496796050047e-01
7.124684203529761950e-01
7.203411812658606639e-01
7.136969081010380300e-01
