8.127516045132407996e-01
8.127516045132407996e-01
8.127516045132407996e-01
8.127516045132407996e-01
8.127516045132407996e-01
8.127516045132407996e-01
8.127516045132407996e-01
8.127516045132407996e-01
8.127516045132407996e-01
8.127516045132407996e-01
8.127516045132407996e-01
8.127516045132407996e-01
8.127516045132407996e-01
8.127516045132407996e-01
8.127516045132407996e-01
8.127516045132407996e-01
8.127516045132407996e-01
8.127516045132407996e-01
8.127516045132407996e-01
8.127516045132407996e-01
8.127516045132407996e-01
8.127516045132407996e-01
8.127516045132407996e-01
8.127516045132407996e-01
8.127516045132407996e-01
8.127516045132407996e-01
8.134313708705198653e-01
8.134313708705198653e-01
8.134313708705198653e-01
8.134313708705198653e-01
8.134313708705198653e-01
8.134313708705198653e-01
8.134313701471636016e-01
8.134313701471630464e-01
8.134313701471630464e-01
8.134313712107390515e-01
8.134313712109561001e-01
8.134313712109561001e-01
8.134313712258475215e-01
8.134313712105395444e-01
8.134313596774966904e-01
8.134313596774966904e-01
8.134313596789981560e-01
8.251795726764298289e-01
8.251802397436861503e-01
8.251802399831430490e-01
8.251799367641582394e-01
8.251798942512088564e-01
8.253225309142624422e-01
8.253224281683664287e-01
8.253224287786363744e-01
8.253221287741416834e-01
8.253221287742258383e-01
8.660166804763532733e-01
8.660166834713838302e-01
8.660166834713838302e-01
8.660166844615038162e-01
8.660166810542549998e-01
8.660166810542549998e-01
8.660166842114388475e-01
8.616930509292393126e-01
8.616930509292393126e-01
8.416064562549765427e-01
8.437385763354025014e-01
8.438778213551784146e-01
8.440182003387234344e-01
8.440181990734515471e-01
8.440181964469364306e-01
8.439438384974542462e-01
8.439437899573433155e-01
8.439437899573667412e-01
8.439437915534871992e-01
8.539632084244188626e-01
8.452947128986875169e-01
8.452947128986625369e-01
8.452947128986625369e-01
8.452948093166314791e-01
8.452947436810809290e-01
8.452948732701976997e-01
8.017562627647509821e-01
8.016250873586368009e-01
8.016251031350333234e-01
8.016467903398764028e-01
7.927602633975083801e-01
7.777204197701027555e-01
7.777202108547903725e-01
7.777202108547903725e-01
7.777207995597228418e-01
7.777207995597228418e-01
7.777207995583733657e-01
7.777207995583733657e-01
7.777207995583733657e-01
7.777211826302962150e-01
7.777022526520201984e-01
7.594207218710978813e-01
7.593866284124577426e-01
7.496314422178582682e-01
7.496314422178582682e-01
7.496314468010331078e-01
7.496314468010331078e-01
7.496314468009822596e-01
7.496314468009839249e-01
7.743892040286297629e-01
7.746365935495671540e-01
7.745294481971619627e-01
7.745294481971619627e-01
7.745294481956801480e-01
7.745294481956801480e-01
7.745294481956800370e-01
7.745294481956800370e-01
7.745294536060319812e-01
7.745294477868119865e-01
7.745294520264914828e-01
7.966665645378274707e-01
7.966665645378274707e-01
7.966665645378274707e-01
7.966911563795648910e-01
7.966911563795648910e-01
7.966911563796944540e-01
7.966912089914175432e-01
7.966912736530622485e-01
7.966913584296472228e-01
7.966913584296472228e-01
7.966913584262426129e-01
7.966473953262014351e-01
7.966471381375005434e-01
7.966471381375005434e-01
7.966468066648272339e-01
7.966546570847268249e-01
7.966546570847268249e-01
7.966546572820029093e-01
7.965874689782147522e-01
7.965874689782147522e-01
7.965874689782147522e-01
7.881457140043137688e-01
7.881457139926147937e-01
7.881457139926147937e-01
7.881457139926155708e-01
7.881457139926155708e-01
7.881457139926155708e-01
7.881457140039839215e-01
7.902641903483933472e-01
7.902641903483937913e-01
7.902641903408603730e-01
7.903377503575061969e-01
7.903377503560347073e-01
7.903377554877493161e-01
7.903377554877194511e-01
7.795376211116343823e-01
8.014416705934820362e-01
8.015155597881314931e-01
8.015155597881100658e-01
7.997945407812850904e-01
8.188539799092845461e-01
8.188539799092845461e-01
8.187714538801509345e-01
8.187714538803011477e-01
8.187714538803011477e-01
8.187714538803011477e-01
8.186635721262577325e-01
8.186635721262577325e-01
8.186635721262577325e-01
8.186635721262577325e-01
8.144805158222184760e-01
8.108753932279916254e-01
7.932848739000896154e-01
7.741180806088430177e-01
7.980238632614977679e-01
7.980238632614977679e-01
7.980238632614975458e-01
7.980238632994955950e-01
7.980238632994955950e-01
7.980238632994955950e-01
7.980238642948397354e-01
7.980242607382668218e-01
7.980242626844664677e-01
7.979937217731111199e-01
7.979937217731111199e-01
7.979937217731111199e-01
7.980037167991546054e-01
7.980037167991546054e-01
7.980037167991546054e-01
7.980315803013968701e-01
7.980719235820026292e-01
7.980719218036651519e-01
7.980338530049848611e-01
7.980385882960391308e-01
7.980385882960391308e-01
7.980528831374598120e-01
7.980842479308651871e-01
7.980842479308651871e-01
7.980842510013579361e-01
7.980703625202871798e-01
7.980703598092927509e-01
7.980703597900274948e-01
7.977956566651823733e-01
7.977956014488882808e-01
7.707045591148515840e-01
7.707895875156682841e-01
