8.125743388777105780e-01
8.125743388777105780e-01
8.125743388777105780e-01
8.125743388777105780e-01
8.125743388777105780e-01
8.125743388777105780e-01
8.125743388777105780e-01
8.125743388777105780e-01
8.125743388777105780e-01
8.125743388777105780e-01
8.125743388777105780e-01
8.125743388777105780e-01
8.125743388777105780e-01
8.125743388777105780e-01
8.125743388777105780e-01
8.125743388777105780e-01
8.125743388777105780e-01
8.125743388777105780e-01
8.125743388777105780e-01
8.125743388777105780e-01
8.125743388777105780e-01
8.125743388777105780e-01
8.125743388777105780e-01
8.125743388777105780e-01
8.125743388777105780e-01
8.125743388777105780e-01
8.125743388777105780e-01
8.125743388777105780e-01
8.125743388777105780e-01
8.125743388777105780e-01
8.125743420846248677e-01
8.128640217560396675e-01
8.128640414498917721e-01
8.127557126180574576e-01
8.127557126180575686e-01
8.490186600176731213e-01
8.490186600176731213e-01
8.490186600176731213e-01
8.490186600197612288e-01
8.490186600176630183e-01
8.490186600182726417e-01
8.490186600182726417e-01
8.490186600182634269e-01
8.490188766028087253e-01
8.490188766028087253e-01
8.490188766028088363e-01
8.490188766028088363e-01
8.490804346853485507e-01
8.490804346853485507e-01
8.486299889081189152e-01
8.486285936265030028e-01
8.236449698710079925e-01
8.170391855932271907e-01
8.170391855932250813e-01
9.134486329457935927e-01
9.134493097753503266e-01
9.134493097753503266e-01
9.134493097753503266e-01
9.135293900690264479e-01
9.135293900690264479e-01
9.138882088007495019e-01
9.138885037618401652e-01
9.138885037618401652e-01
9.138885061405255250e-01
9.138885061405255250e-01
9.138885061407294730e-01
9.138885061407294730e-01
9.138885061386436970e-01
9.138885061371577745e-01
9.138885061371604390e-01
9.138885061371641028e-01
9.273231659608730526e-01
9.273231659608730526e-01
9.273230011336545120e-01
9.273231502225496303e-01
9.274940843999487372e-01
9.274847193940343182e-01
9.274847193940343182e-01
9.380371217884728718e-01
9.380371217884728718e-01
9.380371217884906354e-01
9.380371217884906354e-01
9.296968106504414076e-01
9.296968106504414076e-01
9.296968106504414076e-01
9.296968110259791196e-01
9.296968110259731244e-01
9.791427945758869322e-01
9.791427945780020181e-01
9.791427945780116771e-01
9.791430569966235176e-01
9.791430570051181670e-01
9.790940718803335940e-01
9.791234442233691659e-01
9.791234449936639939e-01
9.791234449936639939e-01
9.791234449936639939e-01
9.234018067807759911e-01
9.234014787772844013e-01
9.234014787772844013e-01
9.234014787772844013e-01
9.234014787789783796e-01
9.234014787789783796e-01
9.233276623596490262e-01
9.233276623596490262e-01
9.469783499292663276e-01
9.863124047384891346e-01
9.863124047384891346e-01
9.863124047384891346e-01
9.863101441020870608e-01
9.863101441020870608e-01
9.863099919323582432e-01
9.859924871830062498e-01
9.859924898451957187e-01
9.859924898531704507e-01
9.859924898486462919e-01
1.034704536075750525e+00
1.034704536075736536e+00
1.034704536075736536e+00
1.031164525772515717e+00
1.031164525772515717e+00
1.031164525772515717e+00
1.031164525772515717e+00
1.031164525772515717e+00
1.031164976845552195e+00
1.031164974844768434e+00
1.031164977670242955e+00
1.031164977673792782e+00
1.031164977673793892e+00
1.031296366572994838e+00
1.031296366572994838e+00
1.031296868857662696e+00
1.031380719798851153e+00
1.031380719798851153e+00
1.056733096467576294e+00
1.056733096467576294e+00
1.056733096467576294e+00
1.056803390991353897e+00
1.056803336543228777e+00
1.056803336548128414e+00
1.056803334956968099e+00
1.056803334956966767e+00
1.056803334956966767e+00
1.056803334956966767e+00
1.056803883335270200e+00
1.056803883335270200e+00
1.047445611123740683e+00
1.037866166055242845e+00
1.037866166055242845e+00
1.037866166396401946e+00
1.044021535517933197e+00
1.044021535517932753e+00
1.044021535517932753e+00
1.130019624326682681e+00
1.130047811802794344e+00
1.130071544952203855e+00
1.130071544952203855e+00
1.130071544952203855e+00
1.130071545724221194e+00
1.130071545728065896e+00
1.130071545728065896e+00
1.130071545728065896e+00
1.130071545728065896e+00
1.130071545728065896e+00
1.130071545728065896e+00
1.088932478788815050e+00
1.088932570298488445e+00
1.088932633724297050e+00
1.088932633724297050e+00
1.102089687446003552e+00
1.102089232642666561e+00
1.102089232642659455e+00
1.102132875876371987e+00
1.101949673141821462e+00
1.101949874349841041e+00
1.101949874349841041e+00
1.101949874349841041e+00
1.101949874349833047e+00
1.101949874346016545e+00
1.101949874346016545e+00
1.101996384093516745e+00
1.101996384093516745e+00
1.101996384093516745e+00
1.101996384217073244e+00
1.101996384217073244e+00
1.101730528911442741e+00
1.101730528911442741e+00
1.101730363161864679e+00
1.101845542650118581e+00
1.101845548541971365e+00
1.101845743487684048e+00
1.101845743487684048e+00
1.101845743696742597e+00
1.101845742555761953e+00
1.101845743278407674e+00
1.101845749035691879e+00
1.119124969766291944e+00
1.119097559508053674e+00
1.119097559508058559e+00
