9.679638101495694480e-01
9.679638164340010897e-01
9.679638164340010897e-01
9.679638164340010897e-01
9.679638164340010897e-01
9.679638164340010897e-01
9.679638164340010897e-01
9.679638164340010897e-01
9.679638164340010897e-01
9.679638164340010897e-01
9.679638164340010897e-01
9.679638164340010897e-01
9.679638164340010897e-01
9.679638164340010897e-01
9.679638164340010897e-01
9.679638164340010897e-01
9.679638164340010897e-01
9.679638164340010897e-01
9.679638164340010897e-01
9.679638164340010897e-01
9.679638164340010897e-01
9.679193643972462402e-01
9.679193643972462402e-01
9.679193643972462402e-01
9.679204723738054073e-01
9.679204723738054073e-01
9.679204723738054073e-01
9.679204723738199512e-01
9.679204723738199512e-01
9.679204723738199512e-01
9.679204723738199512e-01
9.679204723738199512e-01
9.679204723738199512e-01
9.679204723738199512e-01
9.679204723738199512e-01
9.679206374202707908e-01
9.679206378248851328e-01
9.679206375963766984e-01
9.679206375963766984e-01
1.138301728960629644e+00
1.138301728960629644e+00
1.138415634389750686e+00
1.138415634488304296e+00
1.138832465877348099e+00
1.138832465877348099e+00
1.138832465877348099e+00
1.138832465877348099e+00
1.138832466122817966e+00
1.138832466122817966e+00
1.138832466122633447e+00
1.138832466122633447e+00
1.138832466122633447e+00
1.138832466122633447e+00
1.138832466122633447e+00
1.138832961826639512e+00
1.138832961826639512e+00
1.138832962277201100e+00
1.138832962277201100e+00
1.138832962277201100e+00
1.138706224545710688e+00
1.134983782309971101e+00
1.134983782309971101e+00
1.134983782309971101e+00
1.134983782309971101e+00
1.134983846928058204e+00
1.128932502449350839e+00
1.128932502449350839e+00
1.128932502449613740e+00
1.128932502450358699e+00
1.128932502450358699e+00
1.115646153632606108e+00
1.133468257423211112e+00
1.133468769087829564e+00
1.133468384055970501e+00
1.122919743977172313e+00
1.134532001641145982e+00
1.134532002141669604e+00
1.136863150514774823e+00
1.206446941336771328e+00
1.206438722644775030e+00
1.206438722644776140e+00
1.206438722644776140e+00
1.206438722644776140e+00
1.206438722644776140e+00
1.249367110601395270e+00
1.249395963958304767e+00
1.249365751344774456e+00
1.249493015072653090e+00
1.396543641925960033e+00
1.396543641925960033e+00
1.396543641925960033e+00
1.396543641925960033e+00
1.396543641925960033e+00
1.396543643727731876e+00
1.396499524880478793e+00
1.396478325353154970e+00
1.396478199414703969e+00
1.396478199414707078e+00
1.396478225593266398e+00
1.396478225593267286e+00
1.396478473140493559e+00
1.396478473140493559e+00
1.396478473140493559e+00
1.396478473140493559e+00
1.396478473140493559e+00
1.396477937146775927e+00
1.396477937146775927e+00
1.396477937145972126e+00
1.396466350220272323e+00
1.527907921739437347e+00
1.527907921740906616e+00
1.527907921740906616e+00
1.527907921743536734e+00
1.527907921728898444e+00
1.527907922121603645e+00
1.527907922121608753e+00
1.527907921988537421e+00
1.527907886902156065e+00
1.527836795934586656e+00
1.527887401468147166e+00
1.527887401468147166e+00
1.523028000801204707e+00
1.523036257298758134e+00
1.523149774736765716e+00
1.523149774736765716e+00
1.523149774736765716e+00
1.523149774736764606e+00
1.523149774736041850e+00
1.514617642488833793e+00
1.496929641058378113e+00
1.496930412261233911e+00
1.496930153651022666e+00
1.496930153653161621e+00
1.496951891987166938e+00
1.496958014316287722e+00
1.496958014316287278e+00
1.496958014184729624e+00
1.496958014184730734e+00
1.496990160435126116e+00
1.496990160435124784e+00
1.496990160435124784e+00
1.496990160435124784e+00
1.496990160435124784e+00
1.551024235123991568e+00
1.551024235126376327e+00
1.551024235126376327e+00
1.551024235639098858e+00
1.551024235639098858e+00
1.551024235639098858e+00
1.551024235315125788e+00
1.551024235315527466e+00
1.551024235315527466e+00
1.551024235315527466e+00
1.551012004706246117e+00
1.548032304319582497e+00
1.548032304319582497e+00
1.548032499230850290e+00
1.548107995572792994e+00
1.548107995572790330e+00
1.548108388763302701e+00
1.548108388763302701e+00
1.548160092290658651e+00
1.548149494494768685e+00
1.548149494640920887e+00
1.548299687251120549e+00
1.548299687251120549e+00
1.593109325892034134e+00
1.593109325892034134e+00
1.593109325891882699e+00
1.593109325891882699e+00
1.547975325400697155e+00
1.547975325400697155e+00
1.547975325400697155e+00
1.547975555483145138e+00
1.547975555483145138e+00
1.547975738912070964e+00
1.547975738915016830e+00
1.547975738915017052e+00
1.535529044032091672e+00
1.535929505181891530e+00
1.535929745776798194e+00
1.535929745776799749e+00
1.535929745776799749e+00
1.535929745776799749e+00
1.535929745776807076e+00
1.535929745776807076e+00
1.535929745776807076e+00
1.535929745776807076e+00
1.535929745776807076e+00
1.535882715419725431e+00
1.535882247714885462e+00
1.521616059686787814e+00
1.521616059686786482e+00
1.521616059686786482e+00
1.521616328933659279e+00
1.557903378688753060e+00
1.498824975756275268e+00
1.517265800892660277e+00
1.517265801262834390e+00
