9.678540216606500435e-01
9.678540268321764728e-01
9.678540268321764728e-01
9.678540268321764728e-01
9.678540268321764728e-01
9.678540268321764728e-01
9.678540268321764728e-01
9.678540268321764728e-01
9.678540268321764728e-01
9.678540268321764728e-01
9.678540268321764728e-01
9.678540268321764728e-01
9.678540268321764728e-01
9.678540268321764728e-01
9.678540268321764728e-01
9.678540268321764728e-01
9.678540268321764728e-01
9.678540268321764728e-01
9.678540268321764728e-01
9.678540268321764728e-01
9.678540268321764728e-01
9.678540268321764728e-01
9.678540268321764728e-01
9.678540268321764728e-01
9.678540268321764728e-01
9.678540268321764728e-01
9.678540268321764728e-01
9.678555744252714810e-01
9.678555744252714810e-01
9.678555744252714810e-01
9.678555744252714810e-01
9.678555744268731997e-01
9.678555744265494587e-01
1.013061669514106811e+00
1.013061669514106811e+00
1.013061669514106811e+00
1.013061669514106811e+00
1.013061669514107699e+00
1.013061669514107699e+00
1.022602932443190227e+00
1.022602681377955625e+00
1.022602681377955847e+00
1.022602681377955847e+00
1.022759561705112619e+00
1.022759561705112619e+00
1.022759588953957355e+00
1.140981571381978643e+00
1.140981571381939341e+00
1.140981571381941784e+00
1.140981571381941784e+00
1.140981571381941784e+00
1.140981571381941784e+00
1.140981571381944892e+00
1.140981571381944892e+00
1.140981571381944892e+00
1.140981907872754109e+00
1.140981907801508433e+00
1.140981908228194452e+00
1.203679537420165868e+00
1.203679537420165868e+00
1.203862743718398409e+00
1.203862743718654871e+00
1.203978572212925036e+00
1.203978572212925036e+00
1.203978572212925036e+00
1.198332430065798038e+00
1.198332430065798038e+00
1.198497191860904199e+00
1.198322780252893072e+00
1.198322780252893960e+00
1.198322780253138653e+00
1.198322780253138653e+00
1.198322780253138653e+00
1.198322780253138653e+00
1.198322780253138653e+00
1.198322780336781745e+00
1.198322780336781745e+00
1.198322780336781745e+00
1.157481934332592832e+00
1.157481934332592832e+00
1.157481934332592832e+00
1.157481934332592832e+00
1.157482181357892825e+00
1.155956309374372992e+00
1.155956309374372992e+00
1.155956309374372992e+00
1.155956075836306107e+00
1.155956075836306107e+00
1.155955708853008135e+00
1.155955708853008135e+00
1.155955708853008135e+00
1.171572056939216511e+00
1.171604213150085005e+00
1.171604213150085005e+00
1.223844237732173879e+00
1.223844237711499749e+00
1.223844237711499749e+00
1.209229727318994030e+00
1.209229727319486747e+00
1.209229727318370085e+00
1.191701248331336727e+00
1.191701248331336727e+00
1.191701248331336727e+00
1.228951015032860861e+00
1.228951014901885852e+00
1.228951014901885852e+00
1.228951014901885852e+00
1.228951014519633844e+00
1.228951240020094371e+00
1.229110989577540503e+00
1.229017709541907255e+00
1.277031645977782848e+00
1.277031645977782848e+00
1.277031645978021324e+00
1.277183855760138931e+00
1.277183855760138931e+00
1.277183855760138931e+00
1.270578430050731678e+00
1.270578430050731678e+00
1.271000445048616756e+00
1.271000483072298293e+00
1.271000483072298293e+00
1.271000482663281694e+00
1.271000482663281916e+00
1.271000482663281916e+00
1.271000482663281916e+00
1.271000482664111031e+00
1.268902801112424816e+00
1.268632448033655047e+00
1.268632448033655047e+00
1.268850317544998996e+00
1.268850317544998996e+00
1.268850317544998996e+00
1.255103355168041945e+00
1.255103355168040835e+00
1.255103355168040835e+00
1.255103355168040835e+00
1.255103355167910939e+00
1.255103355775796903e+00
1.255103355775821772e+00
1.255103196505538810e+00
1.255103196505648055e+00
1.255103196505648055e+00
1.255103196441437197e+00
1.255103196419845579e+00
1.369332213347617788e+00
1.369332213347617788e+00
1.369332213347617788e+00
1.369332213347617788e+00
1.369332213347617788e+00
1.369332213347617788e+00
1.369332213349940819e+00
1.369332213351745375e+00
1.369378116179786664e+00
1.369448058288289305e+00
1.369438480697196869e+00
1.369439037746842613e+00
1.369439037746842613e+00
1.369439229412447778e+00
1.369439229412447778e+00
1.369439229412447778e+00
1.369439229412447778e+00
1.369439229412447778e+00
1.369516924765582955e+00
1.369516924765582955e+00
1.517753705707485024e+00
1.517753705707485468e+00
1.517753705707485468e+00
1.517847616916049969e+00
1.517773755861138385e+00
1.517773755861138385e+00
1.536315935722716963e+00
1.536315935722716963e+00
1.536315935722716963e+00
1.536315935722716963e+00
1.536315992330851365e+00
1.536315992331215075e+00
1.628569219208899854e+00
1.628569219208899854e+00
1.628569219208899854e+00
1.628699963588920108e+00
1.628699963588920108e+00
1.628699963588920108e+00
1.628699963588920108e+00
1.628699964053952121e+00
1.628630706631926550e+00
1.628932016326929411e+00
1.628932016509026193e+00
1.628932016509026193e+00
1.628932016509026193e+00
1.628932016509026193e+00
1.628932016509026193e+00
1.628932016509026193e+00
1.628932016509025082e+00
1.628932016458943810e+00
1.628932016458944476e+00
1.628932016388026316e+00
1.619405352780063811e+00
1.619405352780063811e+00
