1.177660118688271584e+00
1.177660118688271584e+00
1.177660118688271584e+00
1.177660118688271584e+00
1.177660118688271584e+00
1.177660118688271584e+00
1.177660118688271584e+00
1.177660118688271584e+00
1.177660118688271584e+00
1.177660118688271584e+00
1.177660118688271584e+00
1.177660118688271584e+00
1.177660118688271584e+00
1.177660118688271584e+00
1.177660118688271584e+00
1.177660118688271584e+00
1.177660118688271584e+00
1.177660118688271584e+00
1.177660118688271584e+00
1.177660118688271584e+00
1.177660118688271584e+00
1.177660118688271584e+00
1.177660118690300406e+00
1.177660118690300406e+00
1.177660118690300406e+00
1.177801668121333467e+00
1.177801668121333467e+00
1.177801668121335021e+00
1.177801668121335021e+00
1.177801668121335021e+00
1.177801668121335021e+00
1.177801668121335021e+00
1.177801786315630483e+00
1.177801746636835567e+00
1.177801746636835567e+00
1.222631176433723654e+00
1.341717956612149543e+00
1.341717956647371368e+00
1.341717956647371368e+00
1.341717956647371368e+00
1.341717956780311027e+00
1.341717956780311027e+00
1.341717956781284249e+00
1.341717956781284249e+00
1.341718029629417108e+00
1.341718363229165156e+00
1.341718363482280685e+00
1.341718363482280685e+00
1.341718363482280685e+00
1.341988780093297917e+00
1.341988780093297917e+00
1.341988780093297917e+00
1.341988780093297917e+00
1.341989135571837854e+00
1.341989135571837854e+00
1.341989135571837854e+00
1.341989135571837854e+00
1.341989135406182365e+00
1.341892001650277999e+00
1.341892001650277999e+00
1.341892001590156092e+00
1.341892001591493910e+00
1.341892001603180340e+00
1.368533468803847075e+00
1.368652556903028561e+00
1.368652556902358208e+00
1.368652557045040075e+00
1.368652558015454712e+00
1.368652558015454712e+00
1.368652563798874455e+00
1.368652563798874455e+00
1.368652563798874455e+00
1.368652563799642286e+00
1.368652563799642286e+00
1.443180003479854312e+00
1.443180003479854312e+00
1.443180003480048157e+00
1.454025607411019161e+00
1.454025781517991112e+00
1.454025781517752858e+00
1.454025781517819027e+00
1.448437344011365591e+00
1.448705812500912682e+00
1.448705812500912682e+00
1.448705812500912682e+00
1.448705812500912682e+00
1.448705812501815737e+00
1.448705812501815737e+00
1.448705812959977468e+00
1.448705812959977468e+00
1.448705812959978578e+00
1.448705812960272787e+00
1.431696181043853988e+00
1.434113511011358533e+00
1.434113511011358533e+00
1.434113511011358533e+00
1.434113511011358533e+00
1.434113511172898869e+00
1.434113665614367150e+00
1.378759590949358627e+00
1.378759591427011655e+00
1.378856755626874264e+00
1.378736211883816898e+00
1.378757121017110787e+00
1.378757121017110787e+00
1.378757121017110787e+00
1.378757120934540614e+00
1.378757120934541058e+00
1.378757120934541058e+00
1.378757120934541058e+00
1.378757120934769320e+00
1.378863596690718785e+00
1.378863596690718785e+00
1.378863707687679296e+00
1.378863766962308057e+00
1.361773833930302269e+00
1.361773833930302269e+00
1.361773833930302269e+00
1.361774003017459433e+00
1.361774095341013124e+00
1.361817843720836807e+00
1.425868242955211418e+00
1.425868242955211418e+00
1.425868242955211418e+00
1.425868242955211418e+00
1.348471570311956746e+00
1.348471570397633323e+00
1.348471570397489216e+00
1.348471570398020125e+00
1.348471570398020125e+00
1.348471570398020125e+00
1.348471570398020125e+00
1.348471459691068519e+00
1.348471459691068519e+00
1.348471459691068519e+00
1.348471459691068519e+00
1.391261210203888377e+00
1.375954734120634626e+00
1.375954734120634626e+00
1.375908101227957703e+00
1.376061400926412270e+00
1.376061376349826615e+00
1.376095714518539515e+00
1.376102431794880010e+00
1.376102443360499139e+00
1.376102443360684990e+00
1.376102443360684990e+00
1.376102422342887710e+00
1.376102422342887710e+00
1.482811186406626680e+00
1.482811186484614741e+00
1.482811210072993324e+00
1.482811210072993324e+00
1.482811210069274077e+00
1.482811210069273855e+00
1.602439240608843463e+00
1.602439124148903105e+00
1.602439124148903105e+00
1.602439124148903105e+00
1.602626046265934745e+00
1.602516104554140286e+00
1.602516104554140286e+00
1.602516104554140286e+00
1.602516129253670263e+00
1.602516129253670263e+00
1.602516129253672261e+00
1.602516661672714893e+00
1.602516661629991956e+00
1.602516661629991956e+00
1.602516661629991956e+00
1.570666497788855587e+00
1.588929367535033776e+00
1.588956127922333428e+00
1.588956127922333428e+00
1.588956127922333428e+00
1.588956127922333428e+00
1.588956127777545912e+00
1.588956127777545912e+00
1.556826707088945660e+00
1.556826707089007389e+00
1.556826707089007389e+00
1.556826707089007389e+00
1.556826707089007389e+00
1.550536868128651768e+00
1.550536868128651768e+00
1.550536868128816526e+00
1.550536868128816526e+00
1.550536868128816526e+00
1.625030930144578667e+00
1.625032263693152457e+00
1.625032263693152457e+00
1.625032263693152457e+00
1.625143974228533850e+00
1.625143974228536070e+00
1.625143974228435040e+00
1.625143974228435040e+00
1.625143974228435040e+00
1.625143974228427046e+00
1.625143974228479449e+00
