1.209488535463752568e+00
1.209488535700133705e+00
1.209488583913308268e+00
1.209488583913308268e+00
1.209488583913308268e+00
1.209488583913308268e+00
1.209488583913308268e+00
1.209489076281310638e+00
1.209489076281310638e+00
1.209489076281310638e+00
1.209489076281310638e+00
1.209489076281310638e+00
1.209489076281310638e+00
1.209489076281310638e+00
1.209489076281310638e+00
1.209489076281310638e+00
1.209489076281310638e+00
1.209489076281310638e+00
1.209489076281310638e+00
1.209489076281310638e+00
1.209489076281310638e+00
1.209489076281310638e+00
1.209489076281310638e+00
1.209489076281310638e+00
1.209489076281310638e+00
1.209489076281310638e+00
1.209488872414594240e+00
1.209489137315378882e+00
1.209499185939389765e+00
1.209499184005047079e+00
1.209499184406322314e+00
1.209499184301209063e+00
1.209500222019542770e+00
1.209500556277715910e+00
1.209648413361617436e+00
1.209716904626184641e+00
1.210021791975859129e+00
1.210021791975859129e+00
1.210021792003733276e+00
1.265825433005955292e+00
1.263182191951373490e+00
1.263507744640340880e+00
1.263507745642320490e+00
1.272876896435473526e+00
1.271021341611650479e+00
1.271039225186195276e+00
1.271039234344985669e+00
1.271087514457406531e+00
1.271088141635308366e+00
1.271088141635308366e+00
1.271088141635308366e+00
1.271088141635308366e+00
1.272098777944926873e+00
1.272082344334041881e+00
1.277214627243162148e+00
1.277215413226020502e+00
1.277215413226020502e+00
1.277217192526171496e+00
1.277217192959945402e+00
1.252510838794704817e+00
1.282489968438105032e+00
1.278299018553967104e+00
1.267437917620223065e+00
1.267437877813403668e+00
1.267441116139382817e+00
1.340500987483212558e+00
1.340500988251862591e+00
1.340500988249116565e+00
1.340501020008043609e+00
1.340502094339580230e+00
1.340502094339580230e+00
1.408478144649486952e+00
1.404941439129850034e+00
1.404941439129850034e+00
1.404941417377053359e+00
1.404939343116470729e+00
1.404949053380446067e+00
1.404938148462382408e+00
1.404927467410117981e+00
1.476202830056369431e+00
1.476175079403061252e+00
1.476133621755584935e+00
1.476133623622015056e+00
1.476133496726080185e+00
1.599684888517205472e+00
1.597990123388122186e+00
1.598345057631311850e+00
1.598230478403183108e+00
1.598230478403370292e+00
1.598471429596586280e+00
1.601546475318766927e+00
1.598689714598359624e+00
1.599722822058684990e+00
1.606978680920019942e+00
1.606978680920019942e+00
1.606978785826771228e+00
1.606978785688065958e+00
1.606978802001774342e+00
1.606979385856365461e+00
1.606978952095193147e+00
1.606978238777706514e+00
1.684032323292385058e+00
1.690298260441498224e+00
1.654484317329181664e+00
1.654484317333529964e+00
1.654485211730030159e+00
1.654812374448495493e+00
1.661322826797918761e+00
1.907426041176274678e+00
1.907426041176274678e+00
1.907426041176274678e+00
1.907426043312692165e+00
1.907427634713002584e+00
1.907427622205135176e+00
1.907478808878951382e+00
1.907478537171545696e+00
1.907478537148497022e+00
1.907478537148497022e+00
1.907479584040978837e+00
1.907478488854700061e+00
1.907478491283717270e+00
1.907473974823657326e+00
1.907473974823657326e+00
1.907474816531190331e+00
1.907474816531190331e+00
1.907473668667327038e+00
1.907535690169928522e+00
1.907390894616953547e+00
1.907337578569759717e+00
1.907337578564110681e+00
1.907418264308783140e+00
1.907186596555842772e+00
1.920282534760098692e+00
1.931749936819862956e+00
1.931749936819862956e+00
1.931749959653571658e+00
1.931749969968628911e+00
1.931184133626324462e+00
1.931184133626324462e+00
1.931185671689536143e+00
1.906718388437357969e+00
1.917391137899792763e+00
1.917391137899792763e+00
1.917391137899792763e+00
1.917391139612030226e+00
1.917391037805835641e+00
1.924287716486442923e+00
1.916417060105395587e+00
1.912368429855445751e+00
1.905472763216188303e+00
1.932990855409625341e+00
1.932990959532549402e+00
1.933055840969037265e+00
1.953388456760668301e+00
1.953388479713943360e+00
1.952660144244809715e+00
1.944029520152120494e+00
1.936237731219980329e+00
1.936238191916058726e+00
1.943743915867779615e+00
1.943743915890070451e+00
1.943743915890070451e+00
1.944152853632399758e+00
1.943997580134192216e+00
1.943997580134192216e+00
1.943997580481281684e+00
1.944055541487188066e+00
1.944047229692429601e+00
1.943985608173061541e+00
1.944433869779974344e+00
1.957552227942488177e+00
1.955151506267821082e+00
1.948089473157908147e+00
2.001960988021211474e+00
2.001960988021211474e+00
2.001961018887694177e+00
2.001961018805273884e+00
2.001960698770110181e+00
2.001960700729882081e+00
2.001962288177053129e+00
2.001981518981318597e+00
2.001981518981318597e+00
1.991115845671149742e+00
2.043959016344228719e+00
2.044011997841422623e+00
2.055477920754293031e+00
2.055477924455918259e+00
2.055214985605167577e+00
2.055214985605167577e+00
2.055215230454814801e+00
2.057667662303679812e+00
2.057667634180987193e+00
2.057668201651411177e+00
2.056423585472089144e+00
2.050304396911166283e+00
2.050297216854384708e+00
2.050297204946124552e+00
2.050297204903541282e+00
2.050514615562990528e+00
