1.058891436599730396e+00 1.058891436599730396e+00 1.058891436599730396e+00 1.058891436599730396e+00 1.058891436599730396e+00 1.058891436599730396e+00 2.230029669183063223e+00 2.229103164564804285e+00 1.101462861470966281e+00 1.058891420004635542e+00
1.058891436599730396e+00 1.058891436599730396e+00 1.058891436599730396e+00 1.058891436599730396e+00 1.058891436599730396e+00 1.058891436599730396e+00 2.242479547092613767e+00 1.990158948797519534e+00 1.183151798575477143e+00 1.029373032682593392e+00
1.058891436599730396e+00 1.058891436599730396e+00 1.058891436599730396e+00 1.058891436599730396e+00 1.058891436599730396e+00 1.187773280940866982e+00 2.565525652220948860e+00 1.897270861038488965e+00 1.139504527678431911e+00 1.000715672938528256e+00
1.058891436599730396e+00 1.058891436599730396e+00 1.058891436599730396e+00 1.058891436599730396e+00 1.058891436599730396e+00 1.320246530951763919e+00 3.014570902377970985e+00 2.009869689986653718e+00 1.113893021950506990e+00 9.725089491816878429e-01
1.058891436599730396e+00 1.058891436599730396e+00 1.058891436599730396e+00 1.058891436599730396e+00 1.058891436599730396e+00 1.481393112536754542e+00 2.160585292471170149e+00 1.849943405490175108e+00 1.089719866157928152e+00 9.457955279033630758e-01
1.058891436599730396e+00 1.058891436599730396e+00 1.058891436599730396e+00 1.058891436599730396e+00 1.058891436599730396e+00 1.721883611717175633e+00 2.736767304710966631e+00 1.962529234926047250e+00 1.071029426619274361e+00 9.228220506480742102e-01
1.058891436599730396e+00 1.058891436599730396e+00 1.058891436599730396e+00 1.058891436599730396e+00 1.058891436599730396e+00 1.546535230855885734e+00 2.496686591924343279e+00 1.842995590749201718e+00 9.853937741330337508e-01 9.000221838062308910e-01
1.058891436599730396e+00 1.058891436599730396e+00 1.058891436599730396e+00 1.058891436599730396e+00 1.058891436599730396e+00 1.884788260231028634e+00 2.574879881590794728e+00 1.457732351240210500e+00 9.481491902096760294e-01 8.810202513832250393e-01
1.058891436599730396e+00 1.058891436599730396e+00 1.058891436599730396e+00 1.058891436599730396e+00 1.058891436599730396e+00 1.912126608793830451e+00 2.327232855540975365e+00 1.377119159311947172e+00 9.160536914894421567e-01 8.635922871477775820e-01
1.058891436599730396e+00 1.058891436599730396e+00 1.058891436599730396e+00 1.058891436599730396e+00 1.208758305935944799e+00 2.250618191846538441e+00 2.139200857419879753e+00 1.296147418754426406e+00 8.856625263953538107e-01 8.459972550285058679e-01
1.058891436599730396e+00 1.058891436599730396e+00 1.058891436599730396e+00 1.058891436599730396e+00 1.438757369475821335e+00 2.398516509799717866e+00 2.405644924235863513e+00 1.417934979495260706e+00 8.695204480995003538e-01 8.264666974307186553e-01
1.058891436599730396e+00 1.058891436599730396e+00 1.058891436599730396e+00 1.058891436599730396e+00 1.321675334385098877e+00 2.081967277972459840e+00 2.607857187773999552e+00 1.289000215710325969e+00 8.571467753280149759e-01 8.119686071140644890e-01
1.058891436599730396e+00 1.058891436599730396e+00 1.058891436599730396e+00 1.058891436599730396e+00 1.892383292614185697e+00 2.337882992809430682e+00 2.258132515602941925e+00 1.169381892501824671e+00 8.389296333191967880e-01 8.020915839392681601e-01
1.058891436599730396e+00 1.058891436599730396e+00 1.058891436599730396e+00 1.145559787519772499e+00 2.305740726815022512e+00 2.405993867903103212e+00 2.287531323841002440e+00 1.245224512902811220e+00 8.231488741597110526e-01 8.033700922791692234e-01
1.058891436599730396e+00 1.058891436599730396e+00 1.058891436599730396e+00 1.594532930165659224e+00 2.165526558695105130e+00 1.972289303015437145e+00 1.943910551574973056e+00 1.088551399372359896e+00 8.210271006114862047e-01 8.038605114318020384e-01
1.058891436599730396e+00 1.058891436599730396e+00 1.236266574800437557e+00 1.832833658538866484e+00 2.355602929890170838e+00 2.299817827026984673e+00 1.939478446069953455e+00 9.673655319274062636e-01 8.060226590978207817e-01 8.060648477881018348e-01
1.058891436599730396e+00 1.180656065237038810e+00 1.653362324863292487e+00 2.199194833323156129e+00 2.520904473672732848e+00 1.989275579212237188e+00 1.556551525062865204e+00 8.591762959076033601e-01 7.905064593886035329e-01 8.053826802866106416e-01
1.350632008023993524e+00 1.507575260545260587e+00 2.069559768689541723e+00 2.158085255166034333e+00 2.128008731041208801e+00 1.968767302866892388e+00 1.419730439011099632e+00 8.478107463125905685e-01 7.333222474945366720e-01 8.061867693313002903e-01
1.997422839900325986e+00 1.928358973240808849e+00 2.227722305771957068e+00 1.726169847134052082e+00 1.790864011728319438e+00 1.264535114482829847e+00 1.378281184825228545e+00 9.077862913945637935e-01 7.688595910067128614e-01 8.064872372126038469e-01
1.058891436599730396e+00 1.058891436599730396e+00 1.058891436599730396e+00 1.058891436599730396e+00 1.058891436599730396e+00 1.058891436599730396e+00 1.058891436599730396e+00 1.058891436599730396e+00 1.058891436599730396e+00 1.058891436599730396e+00
