1.391809164357975526e+00
1.911214107505924575e+00
2.355428811594392879e+00
2.856896348118781681e+00
3.316423183256919760e+00
3.839416302950332760e+00
4.357642109641052031e+00
5.121223909035450106e+00
5.759583506244123186e+00
6.603955310849539018e+00
6.849816150520643632e+00
7.712262254754561397e+00
9.080351906862597744e+00
1.010842435271381312e+01
1.082537586533169360e+01
1.258669240710193904e+01
1.389898836518456804e+01
1.673468219528879430e+01
1.810613962141525946e+01
2.257654719064941773e+01
2.362593497356474614e+01
2.778294853966008304e+01
3.939682354999202829e+01
4.896275692640400479e+01
1.130186493957981639e+02
1.989601905875002217e+02
2.333226567131297315e+02
1.878771496667970382e+02
4.691297320890765263e+02
9.972197469869830684e+02
1.623722414190182235e+03
2.660993703202128927e+03
4.066492575973910334e+03
3.686729968350823583e+03
7.444206426883776658e+03
3.983758057467008257e+03
7.972292192923982839e+02
5.368317620200108422e+02
5.219649135364338690e+02
7.302207301922227316e+02
2.065488941988518945e+03
6.488245926212575796e+03
3.199745679499309972e+03
2.549720344971816758e+03
4.184297334809920358e+03
1.022256514659188906e+04
5.264927112193931862e+03
9.233360606030888448e+03
3.680909561741280413e+03
8.345210906021990013e+03
1.039337498530948506e+04
8.139550545737185530e+03
2.025976534058516700e+04
1.555264830986534798e+04
4.911803542682249827e+04
4.886495316834678670e+04
4.163680198489058967e+04
4.393475734139128326e+04
1.374712413085177650e+04
1.703070389218970013e+04
3.937377639988397732e+03
8.945214560539476224e+03
9.755986173500512450e+03
7.633145207687023685e+03
2.014048271932149419e+03
2.313860892987929219e+03
5.009503540370901646e+03
7.121094548879680133e+02
9.468188984856461730e+02
1.798484883223303541e+03
6.366642573431437313e+02
7.599691224803550540e+02
4.053092563046266150e+02
3.608706345141454790e+02
5.319912499287403307e+02
1.170747864314232629e+03
1.235824469555984706e+03
2.166161730978818014e+03
2.201542373351480364e+03
1.684557659677441961e+03
3.130279550709760770e+03
5.578993554225914522e+03
1.278928191319745019e+04
7.643043326887659532e+03
3.369276669802495690e+03
3.367437178741504340e+03
2.690897115315004612e+03
2.330925142066806075e+03
3.141015766653821174e+03
4.347808606814338418e+03
2.321699769577655388e+03
1.532826639693295874e+03
1.791506585643994413e+03
1.309603285300419429e+03
1.511127245978044357e+03
2.215882769681981699e+03
1.809346451749938979e+03
3.921032091677038807e+03
3.844226374862093053e+03
1.108448146811559491e+04
1.685250954665624522e+04
2.726753420956888294e+04
2.181593986158693951e+04
1.508330817108277552e+04
1.685998478348973003e+04
1.417190190451014132e+04
8.144020429203227650e+03
5.758853660077355926e+03
6.574961246189384838e+03
1.214728246179501730e+04
2.168831155048634173e+04
4.739192580281862320e+04
6.062951533645182644e+04
3.999938381011431920e+04
6.181718321742901026e+04
1.409478493020069436e+05
6.688010987206253048e+04
5.596833948783176311e+04
1.244893690221290890e+05
1.661991243485737941e+05
3.721290676781398943e+05
6.916349899055785500e+05
9.264319928161344724e+05
9.265149095452164765e+05
6.409708538647488458e+05
5.897046137185256230e+05
9.297823131174058653e+05
4.229468047761927592e+05
9.285500864037807332e+05
9.271319984105154872e+05
5.400046375949501526e+05
9.038305195754811866e+05
3.561478465397396358e+05
1.433880813519337244e+04
5.640875349941051354e+03
1.747687580927280214e+04
2.700273354895372177e+04
5.040201759101679636e+04
1.871088379389170223e+04
4.422533696807893284e+04
3.655031083781107736e+04
3.687018052636463835e+04
4.436307636960312084e+04
3.312914558422648406e+04
2.593870226453479518e+03
9.193915219512516614e+02
5.606348806064263499e+02
3.732394915482464057e+02
5.355222084077138334e+02
1.439025819193964935e+03
2.930327237019552626e+02
4.346042324819415512e+02
5.167519791218372802e+02
4.300799117596306473e+02
4.084060153569523095e+02
5.671746473419150334e+02
3.356298793570173302e+02
2.845619526514087170e+02
4.196934874093506096e+02
4.005547392507730819e+02
5.777269307254775867e+02
6.726305888809717999e+02
4.054811434398522465e+02
5.174117561093810309e+02
8.396951169562719315e+02
1.194392503345803334e+03
3.053403636079344778e+02
2.621280395020676792e+02
2.609393568082993511e+02
3.685137337635682684e+02
4.221946689868513545e+02
4.614588244301167492e+02
3.118550573956026710e+02
4.701435488390266642e+02
1.851938654654852883e+02
1.305399253638031780e+02
9.628670150247884862e+01
1.207405428770728975e+02
7.078442964290812256e+01
8.581053750149190762e+01
9.832030822413733517e+01
2.142756896021891748e+02
1.910291972388487238e+02
2.784819097954514859e+02
2.908463709718778318e+02
1.746501622120735533e+02
5.366787077967983066e+01
4.478216245619629632e+01
4.894879298757669517e+01
7.156887088900816707e+01
5.520217154818159599e+01
6.853683215715103927e+01
1.019351142698403123e+02
1.747837493426613662e+02
3.375207714347810111e+02
4.205230878423511172e+02
1.422866382266842891e+02
1.617478541389808413e+02
1.317349102980688542e+02
2.081970069451845120e+02
