9.645994611938547569e-01
9.437093392347133403e-01
9.296955644665022556e-01
9.196727796654511344e-01
9.235279000474386768e-01
9.036185712898554545e-01
8.952161108424488978e-01
8.813871775741678460e-01
8.726886036665353341e-01
8.584289444100305921e-01
8.500300898803756500e-01
8.431293889468235436e-01
8.362484166068056002e-01
8.269453989425552543e-01
8.215879298008871290e-01
8.195798668202644022e-01
8.156297100775394826e-01
8.121463318391418662e-01
8.065270651275723290e-01
8.023389891531689244e-01
8.002040392467020258e-01
7.955723225119909481e-01
7.900871873099409859e-01
7.887319059922514031e-01
7.855350022609156602e-01
7.821560906911558808e-01
7.782701266157061593e-01
7.741390535451221355e-01
7.704091082017388015e-01
7.677938359422037395e-01
7.649980863009036014e-01
7.619369753303625314e-01
7.594495848910371993e-01
7.569877606263246683e-01
7.565776724280935950e-01
7.558581185094062072e-01
7.553974583777457452e-01
7.548200471405691614e-01
7.549092075699824766e-01
7.540958285468081224e-01
7.539810226466575616e-01
7.536533116680990130e-01
7.529740098977188989e-01
7.526366893516686085e-01
7.520688925710237172e-01
7.518953590880855797e-01
7.511770931319129430e-01
7.511600899693259281e-01
7.504082627714006026e-01
7.507051709356812319e-01
7.488063775611084605e-01
7.488252119715973487e-01
7.483448181389925624e-01
7.479956519014558936e-01
7.490592797862711816e-01
7.479737079097246166e-01
7.475703167190660414e-01
7.464143944322221280e-01
7.467195922114421291e-01
7.469447817228772601e-01
7.463503217250119226e-01
7.463646654957157844e-01
7.467258239024935351e-01
7.466870690493563334e-01
7.458671209818482639e-01
7.457576986126749352e-01
7.455108991953002251e-01
7.451489880208345129e-01
7.447613277122020481e-01
7.445866432958656578e-01
7.446757582692914434e-01
7.442874903360554573e-01
7.441380511627727623e-01
7.437863099737320738e-01
7.435646159856876825e-01
7.430296217560737881e-01
7.425498305841595759e-01
7.421821155575044626e-01
7.426706130611716583e-01
7.426094412196662109e-01
7.425877833373940584e-01
7.425151443959459030e-01
7.424032750554997451e-01
7.425506182642083175e-01
7.423582687690483128e-01
7.422841170962038992e-01
7.420486196580787785e-01
7.417927379101658669e-01
7.418770253274937776e-01
7.415924368934609934e-01
7.413041193924496675e-01
7.411493802132805842e-01
7.411390429068878127e-01
7.409309294237376164e-01
7.409796929713501346e-01
7.408952668734740676e-01
7.406793421749742201e-01
7.405352418250424895e-01
7.404152672499094701e-01
7.404883198013394452e-01
7.406321443105732261e-01
7.404985054973471925e-01
7.407273528665313522e-01
7.407601403110213312e-01
7.408813673563409141e-01
7.408858920555321248e-01
7.408775676733675430e-01
7.408158929679453664e-01
7.408636374790916745e-01
7.409786529654133203e-01
7.409806491402476381e-01
7.409809735239412110e-01
7.409704439041024937e-01
7.410917977443802762e-01
7.410039932421673692e-01
7.409374150307296292e-01
7.408873454527712399e-01
7.408618068214577468e-01
7.407605085845587745e-01
7.407575814517525226e-01
7.406817450553175863e-01
7.406691374322692534e-01
7.406344734372767302e-01
7.406054730023559074e-01
7.404462228946765423e-01
7.399899775671744395e-01
7.399089413200666820e-01
7.400660715346000229e-01
7.399620759082031762e-01
7.400405521229397321e-01
7.399593525400481875e-01
7.400855807756876459e-01
7.401765231585486493e-01
7.402642415613687188e-01
7.403380648902632144e-01
7.404479409958232283e-01
7.403967746278233841e-01
7.404415467284511942e-01
7.405426560764277744e-01
7.406061473514485849e-01
7.407110731592134734e-01
7.407916369160794101e-01
7.408980028288205677e-01
7.409481026231133916e-01
7.410444324007885442e-01
7.411273184214518528e-01
7.412443284861108816e-01
7.413835617477783080e-01
7.414639758083505505e-01
7.415560498950153345e-01
7.415815850117798425e-01
7.416089459694048536e-01
7.416278437996641770e-01
7.416502324595130036e-01
7.417424460636919958e-01
7.418202795390349547e-01
7.418453288441305693e-01
7.418310186210042012e-01
7.418979377802570330e-01
7.419910551913810881e-01
7.421016864810043856e-01
7.422202039873548873e-01
7.423130551405827671e-01
7.424172209569730452e-01
7.425090146251457357e-01
7.426084395794348980e-01
7.426774561791360529e-01
7.427748094005691692e-01
7.428798024400867783e-01
7.429790218245765354e-01
7.430023829573296767e-01
7.430835422040398264e-01
7.431609601813320420e-01
7.432090097361294667e-01
7.432831959608814376e-01
7.433745091456911425e-01
7.434298702018663496e-01
7.434962075760910283e-01
7.435584986616761149e-01
7.436413580145130320e-01
7.436971403122857316e-01
7.437711348224061991e-01
7.438343901510195977e-01
7.439049914535277308e-01
7.439637705423890468e-01
7.439451183523267952e-01
7.439552416666418422e-01
7.440183477321063998e-01
7.440807919771431633e-01
7.441711607566852127e-01
7.442473404021239247e-01
7.442925295095426108e-01
7.443508968543458559e-01
7.444026994215947601e-01
7.444613927472564230e-01
7.445290719329138440e-01
7.445131710495805910e-01
7.445936108911772600e-01
7.446605061189226493e-01
7.447168532823746911e-01
