9.781777742637735029e-01
9.083321337650270832e-01
9.308864939385121939e-01
9.112019616423190360e-01
9.083144675067977847e-01
9.084026157681633906e-01
9.082247374835166198e-01
9.002597021120344323e-01
9.189521930778453696e-01
8.583718950497737366e-01
8.694437951637615791e-01
9.668337892777153497e-01
9.335919124044917972e-01
9.208221709468243921e-01
8.866389075315761481e-01
9.264442492420692510e-01
9.264180094431221368e-01
8.596177250682910387e-01
8.871129974618309211e-01
8.823655038167872444e-01
8.694463932658209604e-01
9.238667921212899703e-01
8.943464908919529499e-01
8.937223629102520883e-01
8.954253459348682220e-01
8.953002377966323699e-01
8.940900119740532448e-01
8.937185486645858878e-01
8.936067196616348518e-01
8.951607338233942279e-01
8.944272021726507038e-01
8.945429510393714256e-01
8.884277628047729802e-01
8.931584566538863790e-01
8.907424922551887558e-01
8.584265202450053200e-01
8.508963335099772873e-01
8.553179253563693019e-01
8.639035480504148046e-01
8.634361061726514297e-01
8.633410160056290694e-01
8.600583316572688597e-01
8.567729596790056856e-01
8.571002718227572759e-01
8.567535321612934629e-01
8.570840040683346261e-01
8.569232146559411234e-01
8.540525100680658177e-01
8.544381398638818403e-01
8.531327655714564528e-01
8.499210935326650951e-01
8.649360367206285760e-01
8.782028476385458360e-01
8.794602232112204154e-01
8.829258005851249314e-01
8.816908161746336292e-01
8.797630167994399120e-01
8.688993740989354730e-01
8.666550508433065181e-01
8.779879532227493621e-01
8.763642379024431106e-01
8.761156406795463925e-01
8.798315341775386766e-01
8.512013431047524836e-01
8.800674050049436259e-01
8.784657998866278739e-01
8.738349095628030749e-01
8.583706206827427243e-01
8.583625453125375282e-01
8.584804280350061267e-01
8.618314850279662487e-01
8.583805052910661315e-01
8.583785766915227322e-01
8.583776942584493419e-01
8.634670848413624755e-01
8.636024547202980628e-01
8.582749101235370714e-01
8.584990892842274679e-01
8.589951895922417480e-01
8.634385854967019380e-01
8.634363507864635245e-01
8.581663724987476094e-01
8.584375445319708531e-01
8.698652056914893960e-01
8.697690460140958812e-01
8.698236999385918766e-01
8.698380259679281412e-01
8.698210778873628479e-01
8.719165145754319557e-01
8.559486902557736920e-01
8.652179779799982207e-01
8.537874016681326061e-01
8.553754255984283850e-01
8.530757536392056251e-01
8.554831334555315081e-01
8.553131201263954875e-01
8.691704696042376055e-01
8.557898410053105254e-01
8.609698930001556949e-01
8.594771556585021344e-01
8.644576466104116896e-01
8.634798211254509637e-01
8.617085676713837072e-01
8.652041482531204197e-01
8.619986948935751681e-01
8.565144849613152145e-01
8.618808065692352693e-01
8.647174861828065273e-01
8.621935614830839034e-01
8.645736753198043356e-01
8.645651432524699143e-01
8.567804150448052880e-01
8.634763484736441841e-01
8.568066699216499993e-01
8.631397998908920677e-01
8.622810147432581340e-01
8.622888338350512827e-01
8.561359652228790473e-01
8.624694742244849444e-01
8.642962274249951227e-01
8.625529001314945488e-01
8.625149036908267286e-01
8.573992269206480721e-01
8.621473649175738219e-01
8.707681446521430280e-01
8.707680262454543518e-01
8.629765060288664413e-01
8.582467139054897887e-01
8.705853884437178003e-01
8.629139818712326937e-01
8.622204563482721573e-01
8.622201263053659304e-01
8.702634085602284353e-01
8.620275652948726774e-01
8.702785634501257750e-01
8.702826030416831449e-01
8.623623574358666444e-01
8.623591317052703431e-01
8.643417267073681964e-01
8.635896967994299844e-01
8.644508729499655875e-01
8.644504379659361248e-01
8.644508804444347438e-01
8.644466601820707252e-01
8.644489168946092317e-01
8.644517287738037181e-01
8.635342044368141678e-01
8.644329768609833042e-01
8.644359506896190926e-01
8.689761849659811688e-01
8.689763950236870649e-01
8.647855214982719252e-01
8.691303530361385032e-01
8.691251103427776181e-01
8.691390654442238128e-01
8.653509346079139020e-01
8.653508958793060257e-01
8.653508958793049155e-01
8.653508958793061367e-01
8.653427985581475523e-01
8.653427565488305273e-01
8.645020550685181826e-01
8.645020954821172054e-01
8.688182400964550300e-01
8.680622053730817633e-01
8.680620060387247428e-01
8.687517058934111081e-01
8.687516731769892031e-01
8.661629478684649275e-01
8.679242061704610656e-01
8.685649214688059283e-01
8.679433083159570073e-01
8.679388226477795509e-01
8.678849098023555531e-01
8.680162187968010201e-01
8.651006722454354092e-01
8.681375468417652508e-01
8.681375468417652508e-01
8.686775718601104090e-01
8.686774140843430692e-01
8.686458146111983858e-01
8.663294513867855207e-01
8.663790254863183993e-01
8.686437796581933934e-01
8.663685475859651541e-01
8.663685755800721866e-01
8.663733322112112667e-01
8.663681592694936207e-01
8.685799273627012873e-01
8.674260888957324722e-01
8.687725473196971082e-01
8.667578237228993343e-01
8.668026363593364092e-01
8.676475574422349846e-01
8.668395686428466140e-01
8.677328558440592365e-01
8.677334078599645562e-01
8.669194619902990118e-01
8.677750776917489972e-01
