9.834043690982420260e-01
9.698882122284726570e-01
9.559188901645948588e-01
9.550481593404579472e-01
9.453072771129183982e-01
9.371779392883078375e-01
9.211824002888554519e-01
9.098852553672852617e-01
8.938649508737944727e-01
8.897800521718870481e-01
8.831011884486417163e-01
8.778224237344542935e-01
8.770166912943513360e-01
8.822372485242042650e-01
8.753507643062760080e-01
8.717162110851404133e-01
8.722499315515783724e-01
8.727821749368404047e-01
8.710266711013748830e-01
8.679646002557876994e-01
8.647630044948660943e-01
8.685079107032566137e-01
8.780346139499977109e-01
8.771439376064223969e-01
8.789491581633385175e-01
8.831823610663657176e-01
8.731963495575510992e-01
8.707879046835482750e-01
8.702394441036265249e-01
8.701413050312164499e-01
8.690503835971775670e-01
8.697486296467351607e-01
8.696980333220788451e-01
8.689085873234889679e-01
8.686285527926166372e-01
8.687691618635450252e-01
8.669788742221190558e-01
8.648444526317599079e-01
8.637770879177489869e-01
8.634617731795390938e-01
8.627711214162282483e-01
8.630470792152243886e-01
8.618275363560123914e-01
8.609380192466645765e-01
8.604225936363969485e-01
8.594788404382412983e-01
8.594567894321363255e-01
8.588854913998305030e-01
8.580166353513157818e-01
8.575316212889724232e-01
8.570568682968739971e-01
8.564259319233282763e-01
8.558851052044753605e-01
8.560606215625239379e-01
8.562045032364764552e-01
8.565140571117947355e-01
8.567714620492139499e-01
8.571071200633123555e-01
8.568612024780685177e-01
8.564317646326338185e-01
8.567372378796379584e-01
8.568857934946461086e-01
8.572477274878486098e-01
8.576319847747656544e-01
8.570204384094590733e-01
8.572069795094977573e-01
8.574954198224087332e-01
8.577244180953899066e-01
8.575032906726531845e-01
8.572876480627693585e-01
8.570052075382856849e-01
8.571790702802216666e-01
8.570842259104825001e-01
8.568952695992319013e-01
8.567134440709470722e-01
8.564638946713634127e-01
8.563973400703907002e-01
8.563093287604517378e-01
8.561916256910598877e-01
8.561529593819801054e-01
8.561369160049980831e-01
8.560994227475922091e-01
8.559793990246699069e-01
8.559109990648973154e-01
8.562628350974026414e-01
8.564623320443519594e-01
8.567342103438091439e-01
8.569635218582941638e-01
8.572502474533559846e-01
8.574988999184184335e-01
8.572306891043210975e-01
8.576962294464406389e-01
8.573250405592125478e-01
8.569273358083097092e-01
8.567800238184131167e-01
8.567369077892292850e-01
8.565854956792158248e-01
8.568805842989458688e-01
8.570224462391418108e-01
8.572059762459951493e-01
8.570441306163611994e-01
8.571818687953731697e-01
8.573548639390733417e-01
8.573362892132715407e-01
8.575671590401527933e-01
8.575647008225625312e-01
8.577004377933985513e-01
8.577255127205931640e-01
8.579555197440649206e-01
8.579927284985062741e-01
8.582263035772463855e-01
8.584036357977360421e-01
8.585402347969979253e-01
8.586446086915628939e-01
8.586895971740022837e-01
8.587405293066224798e-01
8.587302612340026453e-01
8.586937877861282598e-01
8.586739542820700510e-01
8.587167710460659187e-01
8.588961718712840865e-01
8.589544767329333474e-01
8.589933845316859440e-01
8.589363526393097859e-01
8.591198151519479076e-01
8.593307227150219774e-01
8.594956105104061272e-01
8.595119795197564416e-01
8.595765357650689831e-01
8.598116602442900103e-01
8.597201183673293112e-01
8.597633124814784145e-01
8.597748656387047550e-01
8.600098212102321726e-01
8.599467503172089078e-01
8.601217827052860532e-01
8.602980595128653096e-01
8.602729640523086863e-01
8.602843928782984984e-01
8.602626463202363016e-01
8.603449384255039689e-01
8.602495250302417684e-01
8.602617434077255432e-01
8.602920519240230268e-01
8.603643806550802520e-01
8.604238293526252912e-01
8.604578279478841685e-01
8.604732886565793493e-01
8.605163171555677559e-01
8.605271058599184286e-01
8.606643886543620114e-01
8.608375242632306801e-01
8.608195928028363753e-01
8.609924246088501709e-01
8.611779254070445200e-01
8.613752835324670620e-01
8.614802923993127859e-01
8.615677177314976509e-01
8.616374785869020947e-01
8.616839754111701444e-01
8.617172563899517801e-01
8.617765348659056635e-01
8.618570623126818875e-01
8.618982722635588622e-01
8.619796377795175824e-01
8.620339687700280251e-01
8.621343951332582911e-01
8.622611212017989857e-01
8.623769296473184909e-01
8.624409174736182848e-01
8.625437537777663755e-01
8.626370779898872021e-01
8.627063019025124069e-01
8.628013489678538761e-01
8.628732080990882958e-01
8.629477263554032884e-01
8.629680826494350310e-01
8.630583669755639287e-01
8.631484120004425664e-01
8.632176022870751142e-01
8.633179991391833896e-01
8.634764204594171932e-01
8.635283297125014856e-01
8.635728287468197317e-01
8.636503536540348636e-01
8.636864118439150362e-01
8.637029402417787383e-01
8.637438354962493348e-01
8.637785224159671982e-01
8.638334003727603516e-01
8.638700402318781890e-01
8.639621558223898878e-01
8.639888852116706097e-01
8.639902075420258232e-01
8.640491073996796612e-01
8.640943699785021970e-01
8.641582065345851937e-01
8.642201252763697106e-01
8.642594184555802972e-01
8.643214112120742865e-01
