9.006549087076944904e-01
8.234538113093905487e-01
8.239889105975328754e-01
8.676316501726333286e-01
8.633390273183725316e-01
8.637012244712368725e-01
8.636939696454271065e-01
7.496706467032052679e-01
6.905591237071772026e-01
8.210575319511441705e-01
7.323408425016563195e-01
6.727657499166650457e-01
6.722160876985117106e-01
7.671290339579114326e-01
7.671306054463307156e-01
6.670254768754999564e-01
7.087081804145650699e-01
6.647684294742860489e-01
6.426142160461073560e-01
6.420712758053939151e-01
6.384806688474946590e-01
6.541919293966297344e-01
6.308467158141577436e-01
6.307047681609418976e-01
6.328887089034254121e-01
6.581534139098167424e-01
6.269270389884618044e-01
6.269243136643781744e-01
6.559094997448893238e-01
6.190098512549493392e-01
6.259152142823151133e-01
5.960553391754417341e-01
6.052486322180061773e-01
6.050774819285495987e-01
6.043255742620727844e-01
6.332302763981040306e-01
5.835505416721284977e-01
5.894154198839653969e-01
5.968674961287038228e-01
6.056491802285900450e-01
6.057216214582412661e-01
6.022482450731575510e-01
6.019747535193240573e-01
6.019730237393688954e-01
5.979036831362557480e-01
5.935751129410582472e-01
5.936122096831645267e-01
5.937028389330971656e-01
6.032612419755946087e-01
6.031301412686257413e-01
6.032380714729759230e-01
6.032383824546114770e-01
5.982152182054027989e-01
5.983475685283820011e-01
5.983447509060730862e-01
5.958219437821287157e-01
5.959518790616424866e-01
5.709838020061538399e-01
5.701684875692477616e-01
5.879125366940580744e-01
5.879180105177193028e-01
5.839504685221672542e-01
5.704525575663806913e-01
5.886546587835588262e-01
5.611395912273460240e-01
5.841871155722930808e-01
5.712862743987363601e-01
5.529943512440764763e-01
5.788690023209036584e-01
5.774876286588010998e-01
5.658935253182757474e-01
5.505489116004887995e-01
5.506388107673313437e-01
5.506388135881580270e-01
5.652281704686642483e-01
5.488227754701201500e-01
5.488229218163265255e-01
5.604371729641953737e-01
5.485064491006920173e-01
5.485041622842887765e-01
5.561612832906513981e-01
5.615959747314179795e-01
5.563296793402617846e-01
5.563296792111224187e-01
5.619866136145837965e-01
5.591405274474301468e-01
5.599299844687432026e-01
5.516717716225629786e-01
5.622472313783667408e-01
5.623537219322439773e-01
5.531697888372942851e-01
5.509335104985868536e-01
5.497607555363901444e-01
5.547230049104389105e-01
5.488284982563095271e-01
5.536472623311587959e-01
5.537108421465064545e-01
5.583761542857856863e-01
5.513754198007315699e-01
5.490603084776364273e-01
5.490603138094481972e-01
5.553914990281251240e-01
5.642441681778085361e-01
5.482225434805664266e-01
5.496576407750535243e-01
5.476050274226907932e-01
5.515699705501482253e-01
5.508018586845209175e-01
5.480047161856669291e-01
5.462856437960688094e-01
5.468526269907105775e-01
5.442803508983250493e-01
5.469902826553935116e-01
5.469902841026165197e-01
5.469689027913364754e-01
5.566658641832887833e-01
5.567247096750024271e-01
5.465746812803745636e-01
5.467247271184452195e-01
5.466311170194823044e-01
5.466665752727419836e-01
5.467197193580255465e-01
5.467196868135979493e-01
5.537821672586773492e-01
5.465770843567259174e-01
5.465770787766230931e-01
5.466137091183111973e-01
5.465750986607094131e-01
5.465744977883361111e-01
5.465750656667514029e-01
5.465744588502513546e-01
5.466066219189205100e-01
5.466142685292998404e-01
5.466148360551603691e-01
5.455756728844759484e-01
5.463282537848141995e-01
5.463282537874760703e-01
5.462586763551656732e-01
5.494747315404208132e-01
5.494747511278519347e-01
5.494456233567370784e-01
5.453359371038145609e-01
5.452775991735258065e-01
5.489424356722959475e-01
5.489424356727555798e-01
5.489428139010246177e-01
5.489423984615522389e-01
5.489423985058172750e-01
5.489424030807267263e-01
5.456142598541496858e-01
5.456146346635777356e-01
5.505986991570269717e-01
5.455310932589799711e-01
5.502590691433488779e-01
5.452322789702028771e-01
5.452322789230872324e-01
5.495705652075471015e-01
5.495264890607370889e-01
5.495845795978856474e-01
5.463224043437570066e-01
5.462671256065609882e-01
5.484889777538696221e-01
5.463246899449158978e-01
5.462207290992477926e-01
5.462203031373609186e-01
5.462203031373609186e-01
5.462203031368906281e-01
5.462203074402028902e-01
5.484971429063654202e-01
5.459064212980195840e-01
5.459064213014337419e-01
5.461590697964067154e-01
5.459282750156649877e-01
5.459282740771261855e-01
5.459282741063617994e-01
5.459282741063617994e-01
5.459282740741645545e-01
5.459282740741645545e-01
5.459645491825068087e-01
5.459278411305202861e-01
5.459632730954014912e-01
5.482819103622506018e-01
5.461353919195598428e-01
5.461353919195598428e-01
5.482212386032752072e-01
5.482212386032752072e-01
5.414086939038246227e-01
5.471499727689299597e-01
5.471499718561146919e-01
5.471499727568975846e-01
5.471499727570108274e-01
5.472188867498978260e-01
5.472188858469538841e-01
5.472188858469538841e-01
5.471634772787909995e-01
5.471634772787943302e-01
5.471507695733088816e-01
5.471507687870255099e-01
5.471616805012353701e-01
