9.629820386938962029e-01
9.476226151772807471e-01
9.377363833646699121e-01
9.219274275093846116e-01
9.077713824447480873e-01
9.028449771778701560e-01
8.850586273854916808e-01
8.734580154675974928e-01
8.624090220807677509e-01
8.506644318922096382e-01
8.472223116940084120e-01
8.396367487706217769e-01
8.363460813322478593e-01
8.217753621175630796e-01
8.098676691200955569e-01
8.067707773901142687e-01
7.960093432840804617e-01
7.932701999655407121e-01
7.892299211675564141e-01
7.807476371317956243e-01
7.734940821657009247e-01
7.716750125488449630e-01
7.660984097831865514e-01
7.614764030581092635e-01
7.559523375732086770e-01
7.543921616795522533e-01
7.536789235251265540e-01
7.536334127796271432e-01
7.509686053934201411e-01
7.509244842683540089e-01
7.512339084308027326e-01
7.515764642384021865e-01
7.481065925333792999e-01
7.485115674917679485e-01
7.469489347439379756e-01
7.466543944186760928e-01
7.436347762997508326e-01
7.436441030715050804e-01
7.421624518512792701e-01
7.406374740716481497e-01
7.379168458972603650e-01
7.351338252831906006e-01
7.336871526590652559e-01
7.325439818477144094e-01
7.314184432752207643e-01
7.308567036384500115e-01
7.301419771338586440e-01
7.289532491283331472e-01
7.282388730258563259e-01
7.272572442601940024e-01
7.257217251312613193e-01
7.250549795252111407e-01
7.247754355781829139e-01
7.253339972053420848e-01
7.245753215761829846e-01
7.252577198091390009e-01
7.258107776936593147e-01
7.264107724249599940e-01
7.269448847609513154e-01
7.266520248024257445e-01
7.265717141549552505e-01
7.264741132757781550e-01
7.264778622500367433e-01
7.264483315486863768e-01
7.260944761901753086e-01
7.256808090597772765e-01
7.254060116231682009e-01
7.251936163903808241e-01
7.251233283015181552e-01
7.250287813719460406e-01
7.249384901285668148e-01
7.247812863572877795e-01
7.247685215083020660e-01
7.248649010838664752e-01
7.245890339553169301e-01
7.247647411099051862e-01
7.247522072550995897e-01
7.245032361942304044e-01
7.244962903904823559e-01
7.244693141367011258e-01
7.238053566114024395e-01
7.237361309933375564e-01
7.237437954945358243e-01
7.237074219529560093e-01
7.231445882660122448e-01
7.234745477929099833e-01
7.234637959936714990e-01
7.238661396980655693e-01
7.235844616245215022e-01
7.233069814996545555e-01
7.230412104730823408e-01
7.228163069283871645e-01
7.227092059364897958e-01
7.224027625740393477e-01
7.225981905185805410e-01
7.222695600124933168e-01
7.221262732476608770e-01
7.217908652552729176e-01
7.216240438822761893e-01
7.214068762114109745e-01
7.211829377729722657e-01
7.211589536531003430e-01
7.209904455449592797e-01
7.209116549669545293e-01
7.207793816339830295e-01
7.208073777147809835e-01
7.207985732846519111e-01
7.207115181162105921e-01
7.206712388209537412e-01
7.205949360413528293e-01
7.207233380176044646e-01
7.209092674311859961e-01
7.210391982872499383e-01
7.209098317772684172e-01
7.209871591441160410e-01
7.211276210120689534e-01
7.209925719877415817e-01
7.208730838603066848e-01
7.209066184768784247e-01
7.209252266854754287e-01
7.210062210213655787e-01
7.209792818338016662e-01
7.209318298892090082e-01
7.209259924323708768e-01
7.208923013743647745e-01
7.208631537477196982e-01
7.208306406637566832e-01
7.208002482401196787e-01
7.207664381291793987e-01
7.207616632089571818e-01
7.205707647364333335e-01
7.204902404486192014e-01
7.204488008756990691e-01
7.202309017049182138e-01
7.200283015753889959e-01
7.199815586432138925e-01
7.197928861542810530e-01
7.198441783607536504e-01
7.196423752584543143e-01
7.194348756268780232e-01
7.193139564259183327e-01
7.191749806950989976e-01
7.191958672035996258e-01
7.192701455608129235e-01
7.191596076025981166e-01
7.191975619785293539e-01
7.192343445096328614e-01
7.190737451341956410e-01
7.191271228827480488e-01
7.191351033125021885e-01
7.191894507506524370e-01
7.192121475282174936e-01
7.192650035457406332e-01
7.192725106481886455e-01
7.192685833876819590e-01
7.192923061348964753e-01
7.193180869150807011e-01
7.193034345009061692e-01
7.192819164054911063e-01
7.192714595518440168e-01
7.192663849221390127e-01
7.192545994874488535e-01
7.191463220266861578e-01
7.190403727642988851e-01
7.190463308962057321e-01
7.190200375378758002e-01
7.190027071364574196e-01
7.189711692118856412e-01
7.189407190737563402e-01
7.189299742423739259e-01
7.188746675157612342e-01
7.188621921418555383e-01
7.188106261650873963e-01
7.187278626144106841e-01
7.186666066590524649e-01
7.185880512211330062e-01
7.185389621346642830e-01
7.184969213958899426e-01
7.184721927323703961e-01
7.184134014712009186e-01
7.183849110440502228e-01
7.183613171919940310e-01
7.183090707696312416e-01
7.183002488590112256e-01
7.182659594718506790e-01
7.182624979260441300e-01
7.182369518022777566e-01
7.182111511591598996e-01
7.181752436869562883e-01
7.181291181472986285e-01
7.181120563324481232e-01
7.180988872118166944e-01
7.180761851798052042e-01
7.180482143446534904e-01
7.180425003076258417e-01
7.180405654656502046e-01
7.180172991934354876e-01
7.180017513143954755e-01
7.180422046793404345e-01
7.180055434256037428e-01
