9.678820803967560504e-01
8.103847041855947175e-01
8.553590981814144234e-01
8.838285679362263281e-01
8.708177983326296223e-01
8.708176811350665236e-01
8.708148522713472506e-01
8.708145481317116632e-01
8.707684675659007612e-01
8.700653391749930687e-01
8.370499430596393120e-01
8.665566420515202761e-01
8.387954594554591914e-01
8.630079257757946598e-01
8.685266502724305893e-01
8.542686747826777616e-01
8.412675819963937318e-01
8.797748269544352073e-01
8.481797475362993222e-01
8.716213665562611013e-01
8.716213665561470814e-01
8.589081693066983325e-01
8.229659116278854603e-01
8.229658021800637657e-01
8.591745121168785637e-01
8.591320332824121664e-01
8.591320337712865518e-01
8.591603955955542382e-01
8.167605323309136134e-01
8.120634395637924552e-01
8.185928517632411472e-01
8.136432199001983889e-01
8.466448887994130201e-01
8.074226385022367225e-01
8.402992359883132423e-01
8.398137975153356916e-01
8.075619605424094738e-01
8.357202258770289882e-01
8.358039310689147072e-01
8.358039281301167245e-01
8.358039236976221309e-01
8.070269554477986773e-01
8.315176470524023866e-01
8.315380973439203682e-01
8.315365699294895441e-01
8.030780807426061152e-01
8.030784610620061992e-01
8.030605383613758086e-01
7.847616346224861594e-01
8.206282468092935822e-01
8.205696550832933811e-01
8.206288751274147808e-01
8.205877781728400100e-01
8.205877187062270428e-01
8.206235729907440657e-01
8.206237441036318137e-01
8.206237467995820545e-01
8.206237136457558146e-01
8.013427200600227174e-01
8.056171063194871307e-01
8.209915266951006707e-01
8.209574838430705457e-01
8.209893267980463705e-01
8.209289850911148934e-01
8.209573202807656234e-01
8.031530831460444997e-01
8.031585880078204731e-01
8.031768781530183032e-01
8.212997426493537922e-01
8.212996953133020472e-01
8.106607617771479646e-01
8.048831320387125343e-01
8.048644755253741012e-01
8.219828512846475421e-01
8.219913892559536084e-01
8.130648443179587792e-01
8.217265452455740915e-01
8.217292259430931667e-01
8.217259878438581966e-01
8.217410656873228580e-01
8.217345404945957110e-01
8.217345426118107810e-01
8.217389091042855975e-01
8.217347001753445568e-01
8.045607375656301796e-01
8.216194292634455554e-01
8.047272788727345416e-01
8.157300558409854574e-01
8.049419410489280224e-01
8.221942574305999285e-01
8.221942848301043716e-01
8.221942847967431689e-01
8.221942848300163309e-01
8.221942553274573795e-01
8.221942930425303331e-01
8.221942537526153449e-01
8.221942537862027001e-01
8.221942537776175675e-01
8.186996112487295862e-01
8.206773367736370783e-01
8.206988180847406555e-01
8.206987960052637421e-01
8.206778645494035018e-01
8.206929140248987453e-01
8.206929140101458797e-01
8.206789756884274034e-01
8.206906831762860177e-01
8.206906831594263929e-01
8.206906831594265039e-01
8.206907034625537944e-01
8.206907026112930659e-01
8.201781071836712345e-01
8.209200150510305161e-01
8.209135256951101134e-01
8.204438681062869998e-01
8.204089835824392996e-01
8.204004339589628936e-01
8.204081922663021276e-01
8.204081922663021276e-01
8.203997720334113009e-01
8.204077526796732522e-01
8.204077526796732522e-01
8.203992321789553843e-01
8.203992321789553843e-01
8.203992010846165028e-01
8.203992306025509329e-01
8.203992306025266190e-01
8.203992306025527093e-01
8.203992305873889501e-01
8.217020456027416264e-01
8.217019914111529655e-01
8.202494107752669183e-01
8.220117755605627075e-01
8.215814827569021261e-01
8.215889407394022514e-01
8.215889407227181529e-01
8.215889407422358737e-01
8.215889407422359847e-01
8.215888908184713069e-01
8.215822648485801016e-01
8.215889070331461319e-01
8.215889070131126015e-01
8.215889070131411343e-01
8.215889070317734522e-01
8.215889070129214211e-01
8.215889041519811586e-01
8.215888640421423750e-01
8.215888640421423750e-01
8.215888640421423750e-01
8.215888640433088863e-01
8.215888640441841861e-01
8.215889042913633311e-01
8.215889048843755260e-01
8.215889048843620923e-01
8.215810347395227087e-01
8.215810738023681115e-01
8.215886147736314316e-01
8.215885747079723078e-01
8.215886141878824267e-01
8.215886141909698459e-01
8.215885763317555268e-01
8.215886134276135788e-01
8.215886134275836028e-01
8.215885772809182752e-01
8.215886132588875457e-01
8.215885783615977100e-01
8.215885783615977100e-01
8.215886084139695233e-01
8.215886084139695233e-01
8.215886084139695233e-01
8.215886084139695233e-01
8.215885792122469278e-01
8.215886102564231575e-01
8.215886102999021556e-01
8.215886102999248042e-01
8.215886102999248042e-01
8.215886102999040430e-01
8.215885806927122337e-01
8.215885806927037960e-01
8.215886092080304515e-01
8.215886092080304515e-01
8.215886092080304515e-01
8.215818291390882822e-01
8.215818223655014796e-01
8.215817954067479167e-01
8.215817954330767448e-01
8.215817954330446593e-01
8.215817954449455840e-01
8.215818280273242680e-01
8.215817962391166462e-01
8.215883467302155241e-01
8.215883783305518717e-01
8.215883783305518717e-01
8.215883783197676093e-01
8.215883783302487808e-01
8.215883720028882564e-01
8.215883720029190096e-01
8.215883783878665803e-01
8.215883494617050031e-01
