9.554946335832701365e-01
9.316338732230946551e-01
9.054040206095060883e-01
8.842846039311075268e-01
8.632490256509407489e-01
8.491722006399561318e-01
8.266171113467044584e-01
8.134902198605216128e-01
8.003352721500501810e-01
7.879115169538855046e-01
7.786402274774405496e-01
7.645888200718260475e-01
7.530396991657272165e-01
7.416432867488318426e-01
7.293656688736177562e-01
7.201912278357724961e-01
7.113182260381001321e-01
7.024822639019163706e-01
6.960536055358665930e-01
6.893184273129532302e-01
6.815270195267667530e-01
6.748620667113820470e-01
6.689425176551661023e-01
6.632051670588383629e-01
6.570960539749026719e-01
6.527048840554502407e-01
6.480262063111952298e-01
6.435584144538800677e-01
6.391023289410415753e-01
6.355853056612165153e-01
6.317475799452411112e-01
6.277679587438692588e-01
6.244057650854178965e-01
6.189527584615388545e-01
6.151604820952805142e-01
6.143545704153617892e-01
6.094753917680142408e-01
6.053051403908585870e-01
5.991750829656630195e-01
5.939575312672428220e-01
5.918771544182959143e-01
5.918539214478650834e-01
5.890379042607348792e-01
5.870805419499192102e-01
5.865410740373518950e-01
5.840816471094298912e-01
5.817176936899322026e-01
5.793600858997965952e-01
5.774258105316733003e-01
5.776288013293787715e-01
5.754676816580187593e-01
5.747788278532166562e-01
5.744346679698542069e-01
5.741856968861061006e-01
5.725737578780364379e-01
5.711396003277406930e-01
5.697024049537364743e-01
5.674084540227063433e-01
5.651263823962863198e-01
5.630191102881325627e-01
5.628627986224787882e-01
5.608540374706810772e-01
5.597843382814710056e-01
5.589691105600642640e-01
5.590600026731022965e-01
5.589862166672294741e-01
5.575037564166308579e-01
5.567598196928525978e-01
5.561616635827348887e-01
5.559897653510874616e-01
5.559049496395609413e-01
5.554802562087037821e-01
5.553386043967655228e-01
5.553066504333871167e-01
5.549124622955869945e-01
5.544747487703395317e-01
5.541799340509898641e-01
5.537623912572149365e-01
5.533384608052795972e-01
5.528252867427582151e-01
5.526059427522547196e-01
5.525263570017273640e-01
5.518363521292000140e-01
5.515170789618398794e-01
5.509664119929386095e-01
5.507336753154985498e-01
5.502417173682905283e-01
5.496903759404585532e-01
5.494988192141473382e-01
5.490878637984052402e-01
5.485874045480252370e-01
5.481441989086132116e-01
5.477074506457401126e-01
5.475563994485915797e-01
5.471722313715621233e-01
5.469358389362968254e-01
5.465623804581789535e-01
5.461288621776244634e-01
5.459286414522241948e-01
5.456404799749176027e-01
5.454511350142385862e-01
5.453478379410580112e-01
5.451585721718058553e-01
5.448048585282576628e-01
5.445279240216034378e-01
5.443336626484923668e-01
5.441410715876200399e-01
5.439082357395708112e-01
5.435669922449866132e-01
5.434446011768545581e-01
5.433312227510076475e-01
5.432439707141523133e-01
5.431527265238035307e-01
5.430630645920826449e-01
5.429734246872548464e-01
5.429099023237657917e-01
5.428718128201972526e-01
5.426507011914637468e-01
5.424416226804997798e-01
5.423414303404355818e-01
5.421475797842590927e-01
5.418399101166461174e-01
5.417716740460074565e-01
5.417117558944146705e-01
5.414697975917364126e-01
5.412044980051164966e-01
5.408445328963995546e-01
5.405016932805206675e-01
5.404140089099854771e-01
5.403547471655819612e-01
5.401084282335676390e-01
5.398276171270718349e-01
5.395706228565219087e-01
5.393166157938714678e-01
5.390948606182717207e-01
5.388924816340070478e-01
5.386853399923928754e-01
5.385060432142864117e-01
5.381358189890209642e-01
5.378699573618972440e-01
5.376271916651377270e-01
5.374520396598976291e-01
5.372962383098734973e-01
5.371331882316942030e-01
5.368800769223593949e-01
5.367414832782482215e-01
5.365610713010984245e-01
5.363679676111872130e-01
5.362324671975970958e-01
5.361312181798144616e-01
5.360111389798835058e-01
5.358703213711000224e-01
5.357386744853720462e-01
5.356106169241338089e-01
5.354993159546789228e-01
5.353653928894829273e-01
5.352638898046324645e-01
5.351673857195727857e-01
5.350576425672372016e-01
5.349382821048803693e-01
5.348414803509925486e-01
5.347844979028043566e-01
5.347211379525048658e-01
5.346360184275424920e-01
5.345489758746557740e-01
5.344893712242755335e-01
5.344206807865861109e-01
5.343248590161930878e-01
5.342262983167573864e-01
5.341444085551917409e-01
5.340718115728302351e-01
5.339931919143947603e-01
5.339395592703569671e-01
5.339541418998495770e-01
5.339851289556571956e-01
5.340560663427504906e-01
5.340238713843282747e-01
5.341058060769381388e-01
5.340858563443284801e-01
5.340682104345553238e-01
5.340426088780491076e-01
5.341298913258718528e-01
5.342080964534773324e-01
5.341670155872400017e-01
5.341303164716780794e-01
5.340910266154578201e-01
5.340507500279569886e-01
5.341275668385736530e-01
5.341000686073608117e-01
5.340748009334271851e-01
5.340510697742643087e-01
5.341561341131153551e-01
5.341205824042798422e-01
5.341057222576721664e-01
5.340878325616333910e-01
5.340700508204665464e-01
5.340531778881804081e-01
5.341880093620861025e-01
5.342654662817445388e-01
5.343432253296335199e-01
