9.575935148003396069e-01
9.395764908367906232e-01
9.257924483596755572e-01
9.045665133165623484e-01
8.898084008134613532e-01
8.776068512619770168e-01
8.659361561960366993e-01
8.628787479199440114e-01
8.491380297406035949e-01
8.350707833078527820e-01
8.267668907919016874e-01
8.046850078076623891e-01
7.919971731896540135e-01
7.804468449745646241e-01
7.745357079754729979e-01
7.665549244468184975e-01
7.576878693238094931e-01
7.509970344831081723e-01
7.422905009284168631e-01
7.351331575173329913e-01
7.264510267286371503e-01
7.191374390618657797e-01
7.115681910659826803e-01
7.044701154492679640e-01
6.984396501603622465e-01
6.922937141583689336e-01
6.868675572767256599e-01
6.810600730935131297e-01
6.754045367556422708e-01
6.705680131032604185e-01
6.661209719219317593e-01
6.604165369878545189e-01
6.549136301045370701e-01
6.505653782215128356e-01
6.467801388079269520e-01
6.435083159835413014e-01
6.397574336398281769e-01
6.364852290905326226e-01
6.325261741232912627e-01
6.292333701919659017e-01
6.262726355518686283e-01
6.231580697239880173e-01
6.193629124783232021e-01
6.160691088491607736e-01
6.139897581789647285e-01
6.113706567679977333e-01
6.091612522028608812e-01
6.068578256925107883e-01
6.046473138227993482e-01
6.039609259955052156e-01
6.035892729488538944e-01
6.031460650152093983e-01
6.026325416552460457e-01
6.012838695312583415e-01
5.998423819210597641e-01
5.986424508465275629e-01
5.984076712344912341e-01
5.979791072054999601e-01
5.959804710084549706e-01
5.943298975094550851e-01
5.937983472074040980e-01
5.932739381360802033e-01
5.919688019375100030e-01
5.899567989622164221e-01
5.891520154308035329e-01
5.873267349030992790e-01
5.867687363609163098e-01
5.853675148638899373e-01
5.829341680246796775e-01
5.824902856609207591e-01
5.820795947381379731e-01
5.806232496706082991e-01
5.785229164583586270e-01
5.768326196515830562e-01
5.751691910448186729e-01
5.742452328856464394e-01
5.730758431098084138e-01
5.717675445178597160e-01
5.710399515190546227e-01
5.697276339565787717e-01
5.684134239523873644e-01
5.672772805481612890e-01
5.667900944068725577e-01
5.661709542083238622e-01
5.655999802767892604e-01
5.650772068206613152e-01
5.646188593401455513e-01
5.639332563630116146e-01
5.632270401719678965e-01
5.627213423480594834e-01
5.624003670761434925e-01
5.619176807781771643e-01
5.614112053983238981e-01
5.607124317144035475e-01
5.603000939553003379e-01
5.597348764754040973e-01
5.593985940809076407e-01
5.589940480358553954e-01
5.588536077721686368e-01
5.580953617605094452e-01
5.577019341290294641e-01
5.573457091231969196e-01
5.572891368315968652e-01
5.567973183917880320e-01
5.564825725119417754e-01
5.562076543524611116e-01
5.556800127769609965e-01
5.553844961028272520e-01
5.550841835216566711e-01
5.548037822436278077e-01
5.543366990105276226e-01
5.539147981569747525e-01
5.534605650413750855e-01
5.532072449308325091e-01
5.529689386643934501e-01
5.526886056432640526e-01
5.523404062416993332e-01
5.521896931440849476e-01
5.519095248813867816e-01
5.517056872477557050e-01
5.514773564414385820e-01
5.512233677412542443e-01
5.510568776386137735e-01
5.508662537128276027e-01
5.508227808090120359e-01
5.506538258362535521e-01
5.505508632720621520e-01
5.504216215496697817e-01
5.502999836560094060e-01
5.501556912643121855e-01
5.500530273212994592e-01
5.499727313443285581e-01
5.498675637259180515e-01
5.497848696630684984e-01
5.496870111690462801e-01
5.495536149957276351e-01
5.495219776798944133e-01
5.494364124196318144e-01
5.493545344058210489e-01
5.492932107334271841e-01
5.492443944739201500e-01
5.491927329319497009e-01
5.490437386192603686e-01
5.489186155756267116e-01
5.488665624709848645e-01
5.488112847852540943e-01
5.487371999352798069e-01
5.487047847016000013e-01
5.486431322067576444e-01
5.485992110171706848e-01
5.485145623934094550e-01
5.484203106296591246e-01
5.484940060184968491e-01
5.484100394589046523e-01
5.484938228423217321e-01
5.484071255112565879e-01
5.483263508799143260e-01
5.483314510615825421e-01
5.483769275520016251e-01
5.484481033859376353e-01
5.483775236109476037e-01
5.483248600284623686e-01
5.482745927754305582e-01
5.482293890182432516e-01
5.481915507747778804e-01
5.481278640400336633e-01
5.481061379720618687e-01
5.480648163221036873e-01
5.480268765706288736e-01
5.479895835675783200e-01
5.479712934816847181e-01
5.479524541493300260e-01
5.479121537482345428e-01
5.478714286858198390e-01
5.478180050739986928e-01
5.477790166247166193e-01
5.477400173904455327e-01
5.477206721929394062e-01
5.476747812472952948e-01
5.476296540847447325e-01
5.476050976148300053e-01
5.475724015723582028e-01
5.476203217626812725e-01
5.476049387585503192e-01
5.475903061973813601e-01
5.476157330719331195e-01
5.476511964352653861e-01
5.473158506574480331e-01
5.472805290289542990e-01
5.472712520997758956e-01
5.472704836348293300e-01
5.472851166432092240e-01
5.472878759960461137e-01
5.472801865426454304e-01
5.472914577582350670e-01
5.472946720451382641e-01
5.472921820230773893e-01
5.473045686357904671e-01
5.473159111400023313e-01
5.473044139004552555e-01
