8.125743388777770804e-01
7.493011954888669779e-01
7.048835914855403617e-01
8.702437809459244722e-01
7.156940875603607921e-01
7.154833605199127922e-01
7.693183443547960687e-01
8.282451303017387412e-01
7.646521802952060964e-01
7.866525548691166714e-01
7.817909751695811815e-01
7.818983403360264539e-01
7.818363707901807569e-01
7.572141025816159221e-01
7.837079076309764192e-01
7.301276142274931713e-01
7.716953968524787877e-01
7.626375138155410127e-01
7.565773485343980642e-01
7.540490479301424909e-01
7.301016705391211170e-01
7.345503042274080796e-01
7.347970922755129308e-01
7.347970989162265765e-01
7.345420185292043103e-01
6.676016103377325761e-01
6.676012553227285151e-01
7.229740735200155255e-01
7.231667985991770964e-01
7.229790458787720420e-01
7.090124120364711402e-01
6.975614013659624524e-01
6.639255036794663445e-01
6.909067290213165569e-01
6.909067163670130629e-01
6.906934415856695875e-01
7.203798901588597259e-01
7.198364885207020336e-01
6.925223540646728848e-01
7.192181383181813770e-01
6.810781031387379558e-01
6.810756589313115006e-01
6.956112253178030613e-01
6.954953509692224367e-01
6.954953661480495208e-01
7.031638495078654794e-01
6.928965839583978159e-01
7.054564050395424335e-01
7.054142911109623215e-01
6.660024064318763592e-01
7.042831070502268975e-01
7.042497639538182197e-01
7.043557445500325809e-01
7.042220182916721916e-01
7.040206704064412291e-01
6.904321344721101594e-01
6.808309972157267076e-01
7.048047691204064602e-01
6.695281039160579928e-01
6.996735250557574171e-01
6.996736639592140428e-01
6.792149158059417324e-01
6.863272647548788186e-01
6.778754438531687798e-01
6.977939184144527074e-01
6.977581559542893608e-01
6.977581544862834217e-01
6.977720422887903062e-01
6.719916111883620369e-01
6.719814092264725369e-01
6.934865807840857599e-01
6.789759396726822160e-01
6.921005308935299638e-01
6.920940569711465651e-01
6.920940760239099321e-01
6.920940762761773613e-01
6.920938986466480536e-01
6.921133751159753711e-01
6.920931035851928259e-01
6.921205912061257903e-01
6.920998035756418254e-01
6.920983098000893508e-01
6.795968249713236764e-01
6.913762708044508543e-01
6.913762479976097719e-01
6.914130428126260552e-01
6.816838584856804717e-01
6.965340314076798878e-01
6.740727642993358248e-01
6.740727639655794690e-01
6.953632076978019105e-01
6.742722351032659489e-01
6.953833701370969456e-01
6.869618543374953479e-01
6.869389803926135851e-01
6.933721075969676573e-01
6.745137964335401470e-01
6.745320574907496258e-01
6.865522558158073663e-01
6.739083531207381572e-01
6.853063534085983566e-01
6.853265747757314452e-01
6.853267681563098845e-01
6.918890609663662650e-01
6.862979132369777524e-01
6.863363445156758225e-01
6.863364597749661566e-01
6.896490660852427901e-01
6.896155204393343841e-01
6.856594076558661932e-01
6.856594588424445025e-01
6.856594589116812299e-01
6.856595692928353358e-01
6.856813696397807689e-01
6.856312817556468042e-01
6.856737640720581561e-01
6.859140229175118009e-01
6.860296483674823698e-01
6.860467389676266903e-01
6.860396599104731097e-01
6.860396599103363302e-01
6.860462412703035584e-01
6.860404005216551582e-01
6.860403480119946495e-01
6.860242967549832205e-01
6.860242965116029046e-01
6.860242530481340806e-01
6.860404872766693307e-01
6.860404424028234693e-01
6.860218532115783807e-01
6.860272989964327772e-01
6.860388178427455630e-01
6.860239451701645175e-01
6.860239447340421570e-01
6.860240360005914750e-01
6.860239971702266626e-01
6.838359847207828857e-01
6.861454991360756983e-01
6.861570866311212935e-01
6.861480393340314565e-01
6.861480391741782148e-01
6.861352360803103512e-01
6.861506673947065371e-01
6.831195620161817361e-01
6.861477191810609888e-01
6.861557437588510222e-01
6.861557435885348166e-01
6.750786926440546232e-01
6.828809518040248605e-01
6.828777221719621870e-01
6.828775844107836113e-01
6.828880323903741001e-01
6.828807544999955237e-01
6.828807544200300450e-01
6.828762684351542545e-01
6.828668460361435599e-01
6.815649394517340198e-01
6.823062693881456475e-01
6.823062693879502483e-01
6.823124841116898764e-01
6.814696419610940525e-01
6.820779867104371785e-01
6.820778723553223566e-01
6.820819629676933005e-01
6.820819629829800723e-01
6.820779583287386316e-01
6.820801061508067198e-01
6.820799985508159136e-01
6.820799985508159136e-01
6.820787435659932951e-01
6.820791044462309882e-01
6.820791044462309882e-01
6.854562832303866537e-01
6.857163787603970384e-01
6.857163787603970384e-01
6.857164733225968867e-01
6.857164733257619105e-01
6.857164733257619105e-01
6.857169167864958226e-01
6.857156702463425013e-01
6.857156702464864972e-01
6.857156702458118147e-01
6.857156702458118147e-01
6.857155795837683865e-01
6.857156677712857862e-01
6.857155808714048284e-01
6.857155808715542644e-01
6.857156659388908837e-01
6.857156659388907727e-01
6.857155833020804891e-01
6.852007166779152669e-01
6.861371835409804110e-01
6.854408676823015023e-01
6.862515813883434124e-01
6.862516609334894380e-01
6.862524907114943007e-01
6.862510319814069115e-01
6.860437681503258611e-01
6.860456428556509501e-01
