7.974284507894461305e-01
9.511856994658759445e-01
9.517249295753941185e-01
9.517277978281069029e-01
7.605996296120534073e-01
8.442814487388392575e-01
9.128694958417108429e-01
8.415595458854370214e-01
8.880311283114801224e-01
7.772311435194587670e-01
8.248107500400264636e-01
8.162748270721091881e-01
7.982683036361755136e-01
7.699702295330406177e-01
8.725069325380574448e-01
7.881119444927385809e-01
7.901626456375753227e-01
8.198499448727997185e-01
8.001040240414094562e-01
8.539149031486908958e-01
7.867266942259509843e-01
7.737196720620100887e-01
8.190590015581006300e-01
7.863594445457753324e-01
7.799385210800607870e-01
7.607039571585813009e-01
7.690326275359817831e-01
7.690276923059575775e-01
7.680818893708839523e-01
7.639762015071202006e-01
7.676882702230943822e-01
7.625004730884217263e-01
7.665706345431696489e-01
7.773608543530492465e-01
7.773901332483024174e-01
7.773914406777312491e-01
7.774712408481868620e-01
7.774746558048030165e-01
7.773931469181060150e-01
7.773592783041066712e-01
7.774404390522793307e-01
7.598335892069865150e-01
7.761241458110972324e-01
7.631953715179655706e-01
7.623652067244377495e-01
7.523806308024502121e-01
7.734177320132854527e-01
7.509094725048089947e-01
7.713721486182032461e-01
7.316908995105286806e-01
7.586147673645243783e-01
7.509916613929865647e-01
7.464978786711236047e-01
7.732510716013022423e-01
7.329003886547730273e-01
7.451255424042060316e-01
7.329589070036913734e-01
7.690018729966158206e-01
7.689881402425668977e-01
7.449793127183476082e-01
7.565603906173182791e-01
7.664970821454658578e-01
7.434232455838239995e-01
7.377612567867529725e-01
7.333435986352409008e-01
7.394462114951084741e-01
7.470965341238280377e-01
7.390717985961257064e-01
7.390717455367131761e-01
7.619416492720373357e-01
7.374009588568560813e-01
7.440410133686391481e-01
7.371994493912557012e-01
7.434911779578377011e-01
7.370572727903915711e-01
7.370572535579461571e-01
7.370572117656549738e-01
7.529447545682800280e-01
7.447183715492334821e-01
7.447452632976720999e-01
7.447806225515291034e-01
7.447806817387609968e-01
7.484040415531530988e-01
7.484040966040564902e-01
7.484014048780326389e-01
7.380647643495932275e-01
7.380893309719662732e-01
7.468300581060325349e-01
7.384667823108257423e-01
7.384887998225568850e-01
7.384888453135638464e-01
7.450836323137266515e-01
7.390343892059104691e-01
7.425340227089197720e-01
7.381062050205118297e-01
7.396708402473127775e-01
7.396708454199160121e-01
7.396708131130977915e-01
7.431642460535822226e-01
7.558172815951833545e-01
7.432273810187600693e-01
7.560800126330646798e-01
7.445950674251647916e-01
7.445950985045908244e-01
7.404551315138365730e-01
7.404879546025492365e-01
7.404879507033338415e-01
7.453930299340995047e-01
7.453930323102744282e-01
7.453930322697787103e-01
7.453647340825582113e-01
7.405017350433326095e-01
7.455226332970069647e-01
7.405408936989384960e-01
7.405574361626507951e-01
7.405574361626512392e-01
7.405523372513377334e-01
7.379317224087637017e-01
7.407624004556225827e-01
7.377522272930608915e-01
7.408062558081276450e-01
7.408062359728235791e-01
7.408062567079837235e-01
7.380656962204182880e-01
7.344209591322309327e-01
7.381996972948337010e-01
7.483193927932060285e-01
7.381888303155142994e-01
7.478402477224513900e-01
7.384255010707611033e-01
7.477680239381034877e-01
7.477622141714154180e-01
7.477679024966984445e-01
7.477599816888300666e-01
7.477736478223655503e-01
7.401878279266699279e-01
7.475720734253722410e-01
7.475720802167591383e-01
7.475765171895292216e-01
7.475765171895292216e-01
7.475764522548357105e-01
7.475725285038326007e-01
7.475769043700021266e-01
7.475769043700022376e-01
7.475769548519215491e-01
7.475769609573408303e-01
7.475769519611112912e-01
7.475769064174694334e-01
7.475769064174694334e-01
7.440226681389455754e-01
7.470749020274900509e-01
7.442577195765118780e-01
7.442617010878584960e-01
7.473714752087593505e-01
7.473714224110502569e-01
7.441229780840911134e-01
7.441196221837230729e-01
7.465057943124088213e-01
7.465057943123976081e-01
7.481745634489811447e-01
7.481745634489811447e-01
7.481745169027708142e-01
7.481875308955189263e-01
7.481875593717670636e-01
7.481875154665711403e-01
7.481875585142436780e-01
7.481875157582581481e-01
7.481875156965952511e-01
7.481875157595699877e-01
7.446508594676577442e-01
7.483348571044563524e-01
7.483348173051540542e-01
7.483348173051540542e-01
7.483348562981771979e-01
7.483348562981774199e-01
7.483348562981181340e-01
7.483271584370861929e-01
7.483347288969188771e-01
7.483347288354669224e-01
7.483271273484871644e-01
7.483343625343601424e-01
7.483343625343601424e-01
7.483343949132790218e-01
7.483343949132863493e-01
7.445225868535717551e-01
7.445225868535717551e-01
7.484869244816330092e-01
7.484869198147642289e-01
7.484785325668940059e-01
7.484785325668505962e-01
7.484866619642934760e-01
7.484785889784447699e-01
7.484785890351481896e-01
7.484786177388592643e-01
7.484785892092756798e-01
7.444501598316670687e-01
7.484506960791844632e-01
7.484582522626564982e-01
7.484485694160150082e-01
