9.962791578171877882e-01 9.956048765440971282e-01 1.090638297595352801e+00 9.107105551284848666e-01 1.067709558232887712e+00 8.841420395892461981e-01 7.993586224639842586e-01 8.381933563454325720e-01 8.399397508479806707e-01 8.505188089229367421e-01
1.116670352599327121e+00 1.009907530278798982e+00 1.050427379254323057e+00 9.455044153914033966e-01 9.403118094414525396e-01 8.687750857172147345e-01 8.557176410498247288e-01 8.279218044961912382e-01 8.302615456103010771e-01 8.460520425496164121e-01
9.247832428511042480e-01 9.454430273162036658e-01 9.929634756871946744e-01 9.465147985281507914e-01 8.804881101634579599e-01 8.633817449463594418e-01 8.563454678125237418e-01 8.416043156912684786e-01 8.359048814910837732e-01 8.458604837002507981e-01
9.952532172518852027e-01 1.047877457327764272e+00 1.044465438331571683e+00 1.037119849461096255e+00 9.157236979672656041e-01 8.252567334895972717e-01 8.363058478660843065e-01 8.334797197324090856e-01 8.373835328114307419e-01 8.436203316444175204e-01
9.293979004281193168e-01 9.920567536608259074e-01 1.057362294531096314e+00 8.763472720458403975e-01 9.553316889623407748e-01 7.847745744034304582e-01 8.186368643943345846e-01 8.236355995287596432e-01 8.347729778680595958e-01 8.462968317892884951e-01
1.036398213317440087e+00 9.919728413299190306e-01 1.078418088614642611e+00 9.723418747604091195e-01 8.399794957452616506e-01 8.505797797783575254e-01 8.015500357600605641e-01 8.183159637611713277e-01 8.286547905914753986e-01 8.435990861130294727e-01
1.072215215439037195e+00 9.801664933223895870e-01 8.909954363460518278e-01 9.814141817939522339e-01 8.765213816786877610e-01 8.557840208017583050e-01 7.946035814124302599e-01 8.140395138591041135e-01 8.288873346146460319e-01 8.427668433144043236e-01
1.041616746780693381e+00 9.562697462067719645e-01 1.003261620119917596e+00 1.031265820349771101e+00 9.453358462006051788e-01 8.111792253243669260e-01 8.066362880735035157e-01 8.193214092215138633e-01 8.237497661354592493e-01 8.453034688885486814e-01
9.482966506780013960e-01 8.871996171418725652e-01 9.462742854271468662e-01 9.146598066234178370e-01 8.692411425869919217e-01 8.403353486353811741e-01 8.272929234075445670e-01 8.297044275393283819e-01 8.343334776808104536e-01 8.428674613568799545e-01
1.018290680480736565e+00 1.098143994901353615e+00 1.052182048832665195e+00 9.342703902425200102e-01 8.923113771595081456e-01 8.401557075713775857e-01 8.402583446154801017e-01 8.341761574081810737e-01 8.371268898482838727e-01 8.412876388424981311e-01
9.716756690154302323e-01 1.000857010823703153e+00 9.465221869391783338e-01 9.512216710939939146e-01 8.528921268420970314e-01 8.473636056730331489e-01 8.488309669604692242e-01 8.697601102856490352e-01 8.455007670192598024e-01 8.441689502192056827e-01
9.214045563471313649e-01 1.038963496387547814e+00 1.009894187104355634e+00 9.254349545763598250e-01 8.427736786355910503e-01 8.420887556735945356e-01 8.841806310053338391e-01 8.387315170865051739e-01 8.388959965441541433e-01 8.380541471924284336e-01
9.378550229903773738e-01 1.028754401641409633e+00 9.159783002091310689e-01 8.419504475543906352e-01 8.209901503290478741e-01 8.816736508671145778e-01 8.356685150570059006e-01 8.690763953218623161e-01 8.387015705035334445e-01 8.333309404068861559e-01
9.200293308413852733e-01 9.469584568764400911e-01 9.603793249620135031e-01 9.053653253173977733e-01 9.011593202719686557e-01 9.180281074783352979e-01 8.767632740391264612e-01 8.617599362748058489e-01 8.386980135811535897e-01 8.404208484067141605e-01
9.878579917457394055e-01 9.371849808562807693e-01 8.997501211356733197e-01 9.667457510321412206e-01 8.819047133866803057e-01 8.965727299668657668e-01 8.402930480238992583e-01 8.630885595981987457e-01 8.347430155890320780e-01 8.371391312247504768e-01
1.007087902724712825e+00 9.867111909170044326e-01 9.792097703255551178e-01 9.017023735535766304e-01 9.113637324898917758e-01 8.673928623107790559e-01 8.653817694293650664e-01 8.601974388186728326e-01 8.442814180458497741e-01 8.402665197261691699e-01
8.404509570790830164e-01 8.784630730245909236e-01 9.095537677047483838e-01 9.135102696702744884e-01 8.908310062962760956e-01 9.190539971609347214e-01 8.704032867500213211e-01 8.543802650484407790e-01 8.390733871278637235e-01 8.419136357350225364e-01
1.045148307448736658e+00 9.453604158760308129e-01 8.936839466312264113e-01 8.624413756265566500e-01 8.986122081001443052e-01 9.051104140197622216e-01 9.040904514177690032e-01 8.568507479593119314e-01 8.624297179576024819e-01 8.697227713238752100e-01
9.491199059117318981e-01 8.579108891209114018e-01 8.570536010210517697e-01 8.399604118928560847e-01 8.578770753999019893e-01 8.320096534583699688e-01 8.216388328983059708e-01 9.300523243322635913e-01 8.935942163742733868e-01 8.950817772910435455e-01
1.058891436599730396e+00 1.058891436599730396e+00 1.058891436599730396e+00 1.058891436599730396e+00 1.058891436599730396e+00 1.058891436599730396e+00 1.058891436599730396e+00 1.058891436599730396e+00 1.058891436599730396e+00 1.058891436599730396e+00
