9.650451537056504714e-01
8.561077494886957240e-01
8.969061843347180263e-01
9.030762163094904205e-01
9.030198422293621574e-01
8.421433117012524505e-01
8.433428107915497129e-01
8.267451824263412075e-01
8.266930197231862065e-01
8.295023703612723898e-01
8.796313685841178343e-01
8.797008510033589301e-01
7.190004605167480412e-01
7.190004667691697327e-01
8.588730046868126022e-01
7.266077350107967847e-01
8.433136100470881580e-01
8.430707770031696802e-01
7.422985743985348606e-01
7.420612558279036097e-01
8.113968201609459419e-01
7.432161766586534712e-01
7.549990100750169075e-01
7.363316006810269876e-01
7.935579935117752504e-01
7.925300892089838234e-01
7.933182197300447935e-01
7.548795212024878021e-01
7.878473569670645382e-01
7.878473569483931405e-01
7.878473386770388220e-01
7.153834827266928320e-01
7.868688239486106850e-01
7.893249113057116961e-01
7.600501088837486874e-01
7.102091948711979352e-01
7.775597381286160070e-01
7.568720349257808122e-01
7.568718125011142384e-01
7.113379530607999435e-01
7.113250504479062819e-01
7.685791302822670978e-01
7.672079109221798809e-01
7.438280211511960616e-01
7.438282396305553323e-01
7.151003110922549144e-01
7.150621925414476499e-01
7.150621925380896693e-01
7.151661435779845810e-01
7.069934355628754163e-01
7.324384387670354046e-01
7.326589853608744818e-01
7.534467110612835805e-01
7.367591793416400359e-01
7.553906087972334094e-01
7.554383042135813797e-01
7.553803565412476884e-01
7.554209747694158317e-01
7.432283006943748438e-01
7.432028592362255326e-01
7.310426037892965301e-01
7.330443175079931484e-01
7.330439289215999743e-01
7.260680642433189336e-01
7.317049208608021882e-01
7.396957202035764345e-01
7.268545225884581740e-01
7.381536552713550137e-01
7.279217815345390141e-01
7.391038486495857818e-01
7.276757543285379271e-01
7.292103487800298822e-01
7.401532410881466184e-01
7.287258766293812640e-01
7.260579943392833080e-01
7.260478946054886862e-01
7.288258506250293589e-01
7.254426775330540256e-01
7.280432561914450540e-01
7.237774890268944272e-01
7.241022416799774986e-01
7.273709770181069345e-01
7.241937920112176963e-01
7.243441708983151539e-01
7.365297535501352799e-01
7.222415421891393850e-01
7.376739054080420077e-01
7.268627498101422058e-01
7.268629417385397140e-01
7.211774867627430696e-01
7.211924280137368415e-01
7.211924277518193538e-01
7.211924280111032814e-01
7.328977471078037542e-01
7.247948887366117976e-01
7.214582682166161831e-01
7.245837486585648968e-01
7.210767456092351813e-01
7.233810098029122004e-01
7.233728939105320555e-01
7.227593747920931788e-01
7.228006843217487098e-01
7.228083928048318896e-01
7.228082460073949056e-01
7.217425321272692429e-01
7.216774162868522247e-01
7.216712373438006756e-01
7.210137203020592356e-01
7.210191488176370678e-01
7.274425870569625197e-01
7.274362787498255267e-01
7.274416620723043181e-01
7.187952340220341574e-01
7.231831661223282470e-01
7.231830529169684940e-01
7.214281665130296561e-01
7.214281665489487017e-01
7.224266300910838767e-01
7.224200028854010913e-01
7.224392577879751309e-01
7.207525021338522242e-01
7.207525021337569671e-01
7.207525020958694961e-01
7.207476594207993248e-01
7.207524038041408510e-01
7.207489545427833155e-01
7.207489545256200447e-01
7.207351066800937733e-01
7.227421402390836747e-01
7.168222342872015984e-01
7.204349490904516928e-01
7.204222424599920904e-01
7.169525222756256699e-01
7.169526036078059938e-01
7.198436107591247302e-01
7.171190631227974954e-01
7.208340843551641619e-01
7.176911407516182173e-01
7.177017274512459410e-01
7.177017274512459410e-01
7.177016548908397020e-01
7.205542060852723196e-01
7.205643255398680447e-01
7.178759123484664828e-01
7.202804360258570071e-01
7.202899895010707043e-01
7.179887686655191947e-01
7.200354404839357514e-01
7.200355023590628845e-01
7.200355023590624404e-01
7.200354428475443935e-01
7.200355014931437703e-01
7.200355014932579012e-01
7.200341314018627870e-01
7.200286794149632907e-01
7.200286794148695879e-01
7.194442219736320032e-01
7.194442219737265942e-01
7.194412740229432224e-01
7.194443582314110630e-01
7.194443034352389077e-01
7.170619674836862245e-01
7.170620377028324999e-01
7.189413423759575261e-01
7.189413423757819999e-01
7.189413423757819999e-01
7.189413423759645205e-01
7.189413423756778609e-01
7.189413423756778609e-01
7.174403665887428838e-01
7.188113647825453700e-01
7.174441159544432400e-01
7.174456747258876055e-01
7.174440986975468837e-01
7.174440484977732124e-01
7.174456531375763557e-01
7.174457024853126974e-01
7.185099087387837313e-01
7.174506052017890489e-01
7.174484638158966643e-01
7.174484637907145856e-01
7.174484637903192352e-01
7.179443324525213166e-01
7.179442739884130953e-01
7.179442739886904290e-01
7.179442739868809875e-01
7.172745472488415430e-01
7.172745472489526763e-01
7.172761451293028223e-01
7.177015456857541720e-01
7.177015456856211673e-01
7.177015456635963409e-01
7.176971794488047340e-01
7.176971794488047340e-01
7.176971794479483080e-01
7.177015269221190819e-01
7.176966887440573428e-01
7.197646284752080570e-01
7.175372893096700899e-01
