9.575971283473680984e-01
9.360181017336646203e-01
9.135119232433021041e-01
8.926556606635404068e-01
8.828190736102593528e-01
8.649884383248487296e-01
8.481488378368857717e-01
8.397398200770976873e-01
8.281765297498290268e-01
8.146310878965471458e-01
8.041134627312355176e-01
7.928371966248946023e-01
7.843656943124799330e-01
7.762164877705454158e-01
7.707134462794652530e-01
7.634185506488737616e-01
7.605005418563419717e-01
7.544913110756906738e-01
7.493434719244079778e-01
7.434473895916919872e-01
7.385907746165121246e-01
7.346394504212191423e-01
7.294306686663684092e-01
7.244547789638128288e-01
7.203529176749686735e-01
7.166884937146270618e-01
7.123029164384859779e-01
7.084174700746127540e-01
7.065749064296883430e-01
7.062836443737890990e-01
7.044189885647036409e-01
7.012338969003683031e-01
7.004961879232479705e-01
6.962609928975821427e-01
6.950327100248688827e-01
6.942209625606415857e-01
6.928664947680763797e-01
6.921981125166997151e-01
6.923269918249522759e-01
6.913894446095806279e-01
6.921507381789747670e-01
6.885794698931904101e-01
6.859582653969042987e-01
6.847733281981327469e-01
6.833814312252524115e-01
6.820883832946698089e-01
6.820838190250704258e-01
6.812711426297142214e-01
6.813663273941488185e-01
6.814158326689078171e-01
6.801312329899799058e-01
6.804499111443669257e-01
6.809674020264705474e-01
6.809678323697515578e-01
6.810888927694840334e-01
6.814138966923690699e-01
6.813097846949341951e-01
6.812679097832398112e-01
6.815773353271471491e-01
6.801246924255016646e-01
6.801448349847596386e-01
6.802720058006762605e-01
6.798173426978123546e-01
6.789936151831884592e-01
6.787653303736536081e-01
6.789243474483963592e-01
6.790267007863877158e-01
6.791898890510674747e-01
6.792453613571922677e-01
6.780569102513586133e-01
6.772810465170385763e-01
6.773348873037463580e-01
6.771449478941069522e-01
6.773242711396846305e-01
6.774551953316781949e-01
6.775171785649485301e-01
6.776669690528536183e-01
6.779013765048131912e-01
6.779902891792453090e-01
6.781499285621496176e-01
6.782842657171082035e-01
6.785029993358494549e-01
6.787279036698932178e-01
6.785865498036119936e-01
6.787920326969213436e-01
6.789812804404783408e-01
6.792790270260860019e-01
6.793550437706106226e-01
6.800739093046130890e-01
6.795423021063087266e-01
6.791684070499937054e-01
6.796214588760410846e-01
6.791621139077193003e-01
6.797253339821283102e-01
6.795774277494550653e-01
6.795603386595634454e-01
6.801007322944596645e-01
6.798362911237805228e-01
6.795316660988850455e-01
6.795221964221472843e-01
6.792924129943025413e-01
6.792022412769824768e-01
6.791754984702427222e-01
6.791427377077278171e-01
6.794623672562536409e-01
6.795429967691147821e-01
6.795724634171418366e-01
6.795609529529712534e-01
6.799339281306137073e-01
6.803921488534444562e-01
6.803982438136220168e-01
6.804074773614646743e-01
6.803798322923783060e-01
6.803283620028108825e-01
6.803284093100181451e-01
6.803626812926620859e-01
6.803151690568501886e-01
6.804922788749713236e-01
6.805297935571529289e-01
6.804970772744470819e-01
6.805320972028611193e-01
6.805242890622479335e-01
6.805284160647996350e-01
6.805326563595831546e-01
6.805275140728583860e-01
6.805302388822987991e-01
6.805731814316289263e-01
6.805485641276319830e-01
6.805943394632084642e-01
6.806193869755985393e-01
6.806543080717589733e-01
6.807050910805972910e-01
6.807659375334902396e-01
6.808239532421708207e-01
6.808322666190639305e-01
6.808755057120713383e-01
6.809406793298310445e-01
6.810332215236225561e-01
6.810224352651466084e-01
6.810636322628018657e-01
6.811341201649596666e-01
6.811562456617025196e-01
6.811947582790595090e-01
6.812225155409057376e-01
6.812956034789877657e-01
6.813153138954766153e-01
6.813504805902695916e-01
6.813894800294509890e-01
6.811278877370370299e-01
6.812117850543444320e-01
6.812655036235585326e-01
6.812803500897133269e-01
6.813410808729428725e-01
6.813980180256529184e-01
6.814652264662400816e-01
6.815266584204116018e-01
6.815531985015036431e-01
6.815118977430379976e-01
6.815278658327443839e-01
6.815669349608737271e-01
6.815969310109543100e-01
6.815383618231408702e-01
6.815686708607039401e-01
6.815847223553083145e-01
6.815859113059831165e-01
6.816357856272310389e-01
6.816706585753976588e-01
6.816921647224161163e-01
6.817207699543681443e-01
6.817393901379589227e-01
6.817644396972568632e-01
6.817713814967657493e-01
6.817744999959409746e-01
6.818795900552813150e-01
6.819106907209039337e-01
6.819447720693578852e-01
6.819916595696275952e-01
6.820496419758224071e-01
6.820733524757958133e-01
6.821178793745962254e-01
6.821609370760267632e-01
6.821993355725773922e-01
6.822364364160646844e-01
6.822913384951673210e-01
6.823240295808945532e-01
6.823724834340380019e-01
6.824041892731939063e-01
6.824408254314054956e-01
6.824688069492218512e-01
6.825149824333781590e-01
6.825489204963407497e-01
6.826332348076656897e-01
6.827083633027534182e-01
6.827932977526988134e-01
6.828871039175864466e-01
6.829735930997917759e-01
6.830084028847693833e-01
6.831055568318732396e-01
6.831338672395933509e-01
6.831623862062716768e-01
