8.127526870176364771e-01
7.348076932685525531e-01
7.349640377379900169e-01
7.666810696275021542e-01
7.668444067667550268e-01
7.666649796446255438e-01
7.405015150476884633e-01
7.746065833130180156e-01
7.475256699202617039e-01
7.657907248195070515e-01
6.513212341069209987e-01
6.511028086191628095e-01
6.107212964724114679e-01
6.422363996182961499e-01
6.412790006308776158e-01
6.417363534250800639e-01
6.629520044819082747e-01
6.353214426884260524e-01
6.354213534385440010e-01
6.396566526569356093e-01
6.185612293558910846e-01
6.375183173462805053e-01
6.172365751059379901e-01
6.358750699006701090e-01
6.103292176220947995e-01
6.289184029972958445e-01
6.133286877152133165e-01
6.133583784675776807e-01
6.138609393809134618e-01
6.137899030200861805e-01
6.053232103023934441e-01
6.095386196976624316e-01
5.396264534743793195e-01
5.940093007030103900e-01
6.173135280036785577e-01
6.215818030457260779e-01
6.215821752430065184e-01
5.288476691058938695e-01
5.286529002833825208e-01
5.681931279218450648e-01
6.042420474864365065e-01
5.782493142374623973e-01
5.718747474139597164e-01
5.965076415624990247e-01
5.903202990815219486e-01
5.589375526401780814e-01
5.576892656545513471e-01
5.846047166861538802e-01
5.854863631002930058e-01
5.559712771001431575e-01
5.825426682472257811e-01
5.825371885979919728e-01
5.826274877640118532e-01
5.533649352740098726e-01
5.535081313636834865e-01
5.534134303703066582e-01
5.341095923587693139e-01
5.340398947980163902e-01
5.340926832315843198e-01
5.722424520124025360e-01
5.345950258357410334e-01
5.467417201963439277e-01
5.467630045975249153e-01
5.655417183066459019e-01
5.652827360012492308e-01
5.374482542180561984e-01
5.574087763265130890e-01
5.573727461720464627e-01
5.590425806080605575e-01
5.590515256099078956e-01
5.556868677825878011e-01
5.582953479621616255e-01
5.583187614944784549e-01
5.549585966514031243e-01
5.549279104758919612e-01
5.556501587862427982e-01
5.533146981160501632e-01
5.503618457712433631e-01
5.432632815772738821e-01
5.525266882181237849e-01
5.540871236665124711e-01
5.434430298160496386e-01
5.519623104487935139e-01
5.456250306578498410e-01
5.525246012187199351e-01
5.449700585893212379e-01
5.422786153485598115e-01
5.509641569947776318e-01
5.425891751837180754e-01
5.426353794007393594e-01
5.426353706575010039e-01
5.442612866896312518e-01
5.492926534136828298e-01
5.436464193144737722e-01
5.479229846563957729e-01
5.436916256174342266e-01
5.436916265160116613e-01
5.436560357135808985e-01
5.434577329294943970e-01
5.477809500216476168e-01
5.477738235143960743e-01
5.431692457547263597e-01
5.449651731522781040e-01
5.422352871162332555e-01
5.437692487028968902e-01
5.465073022080203513e-01
5.442392999892342598e-01
5.442222417238871124e-01
5.449756621192076711e-01
5.449755541623132471e-01
5.449753076606270730e-01
5.449753079802085454e-01
5.449758044455944583e-01
5.449758044469477092e-01
5.449758044408993252e-01
5.449756630682283109e-01
5.439095179751353148e-01
5.439084000469087687e-01
5.420454671555360315e-01
5.435227302628509172e-01
5.363006855742078471e-01
5.409880936834370324e-01
5.438763112758833174e-01
5.366606092287145024e-01
5.366296165108335181e-01
5.343006939878049977e-01
5.352203248128170054e-01
5.420997182552637073e-01
5.420863258000540030e-01
5.355130716369661537e-01
5.355313435787985021e-01
5.355316045473063058e-01
5.355316045462142904e-01
5.355167516490356716e-01
5.355164945345278760e-01
5.355376219701866169e-01
5.355376214669376189e-01
5.445892802817936529e-01
5.335725144675489418e-01
5.441804713513976877e-01
5.350612279192837883e-01
5.350890402039529814e-01
5.350890408527173570e-01
5.434136163412770504e-01
5.343183540915315000e-01
5.343285581458865341e-01
5.343160185607533919e-01
5.343161318822555739e-01
5.343163483985302609e-01
5.343161494996155891e-01
5.343163436424631652e-01
5.343161632874092737e-01
5.343159745550535300e-01
5.343161558982585380e-01
5.343572302942378727e-01
5.343570481466415334e-01
5.343573882894784299e-01
5.410314314290333160e-01
5.410314314290596283e-01
5.410763470947645981e-01
5.410766663410458976e-01
5.403646182941773679e-01
5.338743190202697164e-01
5.338743184180037016e-01
5.399153784541529388e-01
5.336557991613897212e-01
5.336557991613686269e-01
5.336557991617210117e-01
5.336262498536011867e-01
5.336259557749192250e-01
5.336316563982133054e-01
5.336258284434334254e-01
5.405334166129847073e-01
5.405334166129847073e-01
5.405334166129847073e-01
5.354526662817677973e-01
5.404195770407460575e-01
5.358491734891177583e-01
5.358491734891177583e-01
5.358491734891177583e-01
5.402468918797007635e-01
5.402468918797007635e-01
5.340508032059108068e-01
5.340508032059108068e-01
5.340394888623728464e-01
5.340394888623728464e-01
5.399297269167491198e-01
5.342168368097767184e-01
5.342169421225019255e-01
5.342260702331561584e-01
5.397845774099558902e-01
5.345430549076174431e-01
5.345430549076174431e-01
5.345381079717863582e-01
5.345428520906331249e-01
5.345429375461561161e-01
5.395128513080142962e-01
5.395177339089042290e-01
5.395177339089042290e-01
