9.629591543301917467e-01
9.501264901397911133e-01
9.307980939073797755e-01
9.159035209706448688e-01
9.003663332452597201e-01
8.902126526505766968e-01
8.827930640380033944e-01
8.726370836575493284e-01
8.686374007959515309e-01
8.616575001333682815e-01
8.582740646696864761e-01
8.508163352121232981e-01
8.459312313347939760e-01
8.425558178376081342e-01
8.394451699053728788e-01
8.365381850090236604e-01
8.340307628879500834e-01
8.314007178683541222e-01
8.296012419383232972e-01
8.225775313002893219e-01
8.215111130754063629e-01
8.212842058978222504e-01
8.197358179711716764e-01
8.149535324376038226e-01
8.096602212093315654e-01
8.084955933086666047e-01
8.093719822599573233e-01
8.102685792657091657e-01
8.104743248573478276e-01
8.095952226417889586e-01
8.091098009710353534e-01
8.070129322831210983e-01
8.063279747099045824e-01
8.057637847346652560e-01
8.051475481800581813e-01
8.057138890943776888e-01
8.059132896813839819e-01
8.048111536757445172e-01
8.050594238295670779e-01
8.053820538633009729e-01
8.056740088014072709e-01
8.061159672698017253e-01
8.051187033847820862e-01
8.056939991243609045e-01
8.060240737051793669e-01
8.063002015907089204e-01
8.047189565895160879e-01
8.037872065919544617e-01
8.027324762107156397e-01
8.007897451652973286e-01
8.009378868747140112e-01
8.011608451146426946e-01
8.013262065071227180e-01
8.010665329489193853e-01
8.013405936888212677e-01
8.015181111050670992e-01
8.020165540717847374e-01
8.021053436464719022e-01
8.021217046860392719e-01
8.020990576171884712e-01
8.016003927850741118e-01
8.018868129941186806e-01
8.022824690868285424e-01
8.025885147849577406e-01
8.027909911031653190e-01
8.028847846552387146e-01
8.028769471647017042e-01
8.028011217003271360e-01
8.026955200230726506e-01
8.028888966937227645e-01
8.031143074978239760e-01
8.032902638380030602e-01
8.029813855850579385e-01
8.028333805965699455e-01
8.031300125091037634e-01
8.035542898898666575e-01
8.037042119038410037e-01
8.039488352817955041e-01
8.041534022397823778e-01
8.043019041818597614e-01
8.045536147458920428e-01
8.047623084795239023e-01
8.050573506686929948e-01
8.052267703104346586e-01
8.054740994189266701e-01
8.053826806352301082e-01
8.056697856084586995e-01
8.055334976321653073e-01
8.058076984003386123e-01
8.056991332278075069e-01
8.059874778122374517e-01
8.062775583254613299e-01
8.065525358591699723e-01
8.067578939718141884e-01
8.070482750742075106e-01
8.072750561049714113e-01
8.075119834722286338e-01
8.077606159604967528e-01
8.080207228630812422e-01
8.078499600179950280e-01
8.080542350573097776e-01
8.082709767444206106e-01
8.084507113853162119e-01
8.086401471781472505e-01
8.087880655621962900e-01
8.089211740231060377e-01
8.090969759403167094e-01
8.093112501485286714e-01
8.093845388973740507e-01
8.095322569314234995e-01
8.096399155840615647e-01
8.098001778324589450e-01
8.096330716723445509e-01
8.097541716625950015e-01
8.098879725606296098e-01
8.097508761896681229e-01
8.098270107984045785e-01
8.099307035947097555e-01
8.100448064355507682e-01
8.101707889893280390e-01
8.103048298747379530e-01
8.104153802856846056e-01
8.105380859906297086e-01
8.106297184934374567e-01
8.107476277315087687e-01
8.108101409336597731e-01
8.108903588784376337e-01
8.109820509241096875e-01
8.110397914787127460e-01
8.111712039401307583e-01
8.112351682104537165e-01
8.112971280635273841e-01
8.113285783556227759e-01
8.115629686378508234e-01
8.116945620137200335e-01
8.118011659605027797e-01
8.119062828296332857e-01
8.119917259775719653e-01
8.120775742616860304e-01
8.121796713256504985e-01
8.122931547835159360e-01
8.124284717295280345e-01
8.125022226649463164e-01
8.126052903149715290e-01
8.126868228915609116e-01
8.127818389500963692e-01
8.128559651144940945e-01
8.129264881074296234e-01
8.130080659728662340e-01
8.131060685061600735e-01
8.131832036829029775e-01
8.132688827591230130e-01
8.133769519583068375e-01
8.134702836821532390e-01
8.135659081229207334e-01
8.136545959787441218e-01
8.137305274981876391e-01
8.137838571114303088e-01
8.138510938331872113e-01
8.139245607388198023e-01
8.139909699850172986e-01
8.140740267380823791e-01
8.141317585077675334e-01
8.141774087016032668e-01
8.142365988388626796e-01
8.143132532235085597e-01
8.143742575091195146e-01
8.144397397274441008e-01
8.145140511533202066e-01
8.145640091232753122e-01
8.146186270045161493e-01
8.146796437398808877e-01
8.147343494371531714e-01
8.148055470185785465e-01
8.148451208001650237e-01
8.148978519830037959e-01
8.149488249804095474e-01
8.150035334206839899e-01
8.150580410146716082e-01
8.151163451371190583e-01
8.151653672996236333e-01
8.152266966324662745e-01
8.152698354844322148e-01
8.153162288998615503e-01
8.153473409355274093e-01
8.154029605654050661e-01
8.154382978169074647e-01
8.154809716114013174e-01
8.155219246399341149e-01
8.155693206461409606e-01
8.156022177803624595e-01
8.156511250256039958e-01
8.156997354799214728e-01
8.157286046131686508e-01
8.157769123711281489e-01
8.158263730111037226e-01
8.158668955357138985e-01
8.159026451334556729e-01
8.159466560421000381e-01
8.159779388303198822e-01
