1.249217412088360568e+00
1.236437412324074447e+00
1.227988757592259228e+00
1.219977079384430452e+00
1.210503433685889307e+00
1.202734785849897792e+00
1.197723503716350724e+00
1.190498155820188364e+00
1.180536312023922729e+00
1.170983761082471819e+00
1.162861884055812478e+00
1.156709091634057884e+00
1.149177249453320560e+00
1.142532369253085989e+00
1.134242109233942086e+00
1.127069723856733541e+00
1.119543484102214270e+00
1.113514850513750654e+00
1.105114022222456249e+00
1.098050048528228739e+00
1.094011750814669837e+00
1.085393126799586661e+00
1.078977320318350808e+00
1.075064220196948250e+00
1.069442011353260558e+00
1.066140138618361322e+00
1.063584309087139967e+00
1.059761371061184621e+00
1.055390370754157425e+00
1.051038439975330085e+00
1.048580148816738777e+00
1.043391247600283789e+00
1.036903264502042399e+00
1.032324905621776034e+00
1.027206197402852128e+00
1.025753948583199682e+00
1.020423264767666760e+00
1.016396378922085342e+00
1.014200632036241778e+00
1.007647794976016753e+00
1.003645270948812840e+00
9.969908902925236349e-01
9.937094486551451000e-01
9.900968292447052121e-01
9.844894940940550621e-01
9.816921669539125928e-01
9.784828302545269807e-01
9.754333561506751682e-01
9.706082477249620144e-01
9.686219401077699187e-01
9.632261672560206156e-01
9.595036256585087742e-01
9.548646391812183332e-01
9.512755238551057202e-01
9.490822505148389654e-01
9.462282780195712117e-01
9.423714070895997663e-01
9.392264716567110261e-01
9.339529908175451256e-01
9.302409903816745151e-01
9.279511905117259207e-01
9.277613221595929494e-01
9.238302250180794317e-01
9.225092486611203846e-01
9.196276333767217093e-01
9.158566429584692470e-01
9.143134939718369214e-01
9.115110142554730954e-01
9.096476684839209792e-01
9.083291257201698832e-01
9.067737715529887721e-01
9.058074237154467578e-01
9.033562578934350995e-01
9.015341615420936483e-01
8.986060655654530827e-01
8.977616083154079663e-01
8.964368347248911073e-01
8.947203685333687817e-01
8.923547970528391549e-01
8.901306094685429438e-01
8.878218113546502144e-01
8.875110472239452486e-01
8.871555001113515804e-01
8.863740570993801082e-01
8.846588111165799573e-01
8.831913996765423658e-01
8.814263925353218454e-01
8.805216416589848327e-01
8.805705610474953149e-01
8.743866729439567775e-01
8.737257469700511203e-01
8.718092901708474063e-01
8.712715374705837235e-01
8.713626711524239399e-01
8.680572460830073833e-01
8.654026663376469530e-01
8.642664929519160433e-01
8.643395074009417867e-01
8.639475492720184446e-01
8.625249513352868380e-01
8.585216330676848084e-01
8.572946490725318336e-01
8.559672449637565350e-01
8.565250851797898690e-01
8.561792516290295252e-01
8.558325043927710318e-01
8.550902895777003909e-01
8.524125314315034174e-01
8.515324289047360162e-01
8.487374428273646298e-01
8.481514209773967083e-01
8.474742897310802991e-01
8.442437120979787712e-01
8.426448050137667067e-01
8.415740869501542321e-01
8.390591550212698202e-01
8.365959624096173108e-01
8.352079860813579337e-01
8.329230314522130252e-01
8.296276748264778123e-01
8.305719453826857501e-01
8.309996185002732627e-01
8.303345643872487303e-01
8.280101580512988502e-01
8.276737071349841157e-01
8.282172451664154833e-01
8.289246126815651428e-01
8.293223267917317898e-01
8.294162657732997435e-01
8.287891108360124770e-01
8.277906573317528327e-01
8.293518765465667242e-01
8.301584979629927918e-01
8.298793466403954211e-01
8.283058082956721302e-01
8.277316666518814703e-01
8.283838806943425448e-01
8.282270796019061132e-01
8.266596254640043995e-01
8.242909435344886182e-01
8.235921358640679868e-01
8.222295906398157106e-01
8.226523764773203684e-01
8.206690604998831962e-01
8.203899732655678401e-01
8.178536486438209296e-01
8.161614423460391565e-01
8.165957352906043631e-01
8.147284238415106739e-01
8.144035388420912680e-01
8.152355407541503896e-01
8.156364084885630028e-01
8.155181330826701824e-01
8.139637729788211651e-01
8.133557453974505913e-01
8.125828991398734713e-01
8.120639991731855023e-01
8.090313441428106378e-01
8.082404138476136923e-01
8.081298210821913353e-01
8.084732649063059995e-01
8.079135686258149818e-01
8.071191885106384634e-01
8.076099216149270621e-01
8.061379399466900297e-01
8.054981311244348019e-01
8.073344935338927497e-01
8.077245467862537165e-01
8.078900585423400837e-01
8.057267265138032819e-01
8.047798032706129367e-01
8.043616204484784760e-01
8.038546550432446036e-01
8.036288725889511042e-01
8.038994864063406798e-01
8.038401439629536682e-01
8.027874266196034503e-01
8.028941450510489464e-01
8.019118756577728879e-01
8.003078320855526728e-01
7.997978205177992406e-01
7.984310517060368984e-01
7.971743243070161800e-01
7.954181047884760769e-01
7.963214351565245375e-01
7.955715148018625005e-01
7.956994252486307984e-01
7.966722337751850347e-01
7.952611569118067658e-01
7.950166383608441301e-01
7.942271804007381419e-01
7.946420804281922878e-01
7.939470369656846938e-01
7.932311549240257387e-01
7.927191485480445943e-01
7.919506554114782437e-01
7.918725862572508767e-01
7.926369180724760488e-01
7.928429480430776444e-01
7.933356415975283404e-01
7.913795859102215058e-01
7.908942219192813816e-01
7.906457479714767977e-01
7.907204158762491941e-01
7.909070555479447151e-01
7.902234082474388632e-01
7.901117119607456996e-01
7.904389828538800344e-01
7.903193404329256211e-01
7.907055999457719420e-01
7.911445740300253604e-01
7.906920838155004905e-01
7.907026044904835738e-01
7.897724882693233361e-01
7.898271807869861050e-01
7.909164579249685634e-01
7.901898777245204286e-01
7.892547382641412756e-01
7.893198046295435422e-01
7.888793518612330358e-01
7.884079391159258821e-01
7.882990543876202683e-01
7.891455588217290984e-01
7.886894008081964946e-01
7.885239675896430489e-01
7.882627445140106826e-01
7.882011321111105362e-01
7.884115245913665415e-01
7.878976104328040408e-01
7.887300612714561732e-01
7.891836966083221050e-01
7.890424474089529072e-01
7.884972271799368659e-01
7.881436007032867064e-01
7.879625728225698733e-01
7.882807884027862588e-01
7.884644029366073559e-01
7.881147916676966014e-01
7.874990043080641877e-01
7.880308791702536064e-01
7.883515569181261951e-01
7.881154930165641392e-01
7.873923175648889217e-01
7.865229502327252264e-01
7.859673407575552551e-01
7.852059808017443077e-01
7.851446074101391392e-01
7.853200728798780395e-01
7.859388382597989331e-01
7.853465051318041512e-01
7.848430999285357368e-01
7.847169408099864407e-01
7.847356353226642156e-01
7.846153226406580306e-01
7.846922784153910202e-01
7.848949299998173590e-01
7.848202937465788009e-01
7.843797745975865654e-01
7.841103943261176212e-01
7.843169766691502343e-01
7.840608203767043261e-01
7.846431215588663965e-01
7.845269018458687071e-01
7.845280092583423182e-01
7.846696941530700853e-01
7.850810030700158260e-01
7.852819145457187178e-01
7.850545547424708781e-01
7.852569241829305824e-01
7.844431291135723905e-01
7.842942842424429628e-01
7.845131578237735104e-01
7.844458184089015962e-01
7.846392103537856988e-01
7.845056333311632990e-01
7.845295312024702650e-01
7.843872517091081686e-01
7.840479649334277656e-01
7.840962177019286106e-01
7.839071661687788684e-01
7.833710667035804764e-01
7.824430334483217786e-01
7.823753142321780985e-01
7.822086621986202859e-01
7.821322258274349126e-01
7.820501356899273171e-01
7.819128212824163482e-01
7.825943749975243779e-01
7.829190115227370184e-01
7.827381211632942204e-01
7.829491352679439631e-01
7.831891811180595742e-01
7.836929078156453787e-01
7.835658446538686928e-01
7.834909652935415636e-01
7.842014049497869621e-01
7.852601582576334005e-01
7.855624108673135986e-01
7.851456131800265137e-01
7.855527969702751356e-01
7.860022855681948473e-01
7.860398135065391756e-01
7.856347604674781548e-01
7.858572106423002968e-01
7.858250135896172051e-01
7.859115666707395809e-01
7.868154423129865016e-01
7.866988485661825514e-01
7.867243709500515436e-01
7.867405309706545502e-01
7.858694256049532090e-01
7.863155325037061161e-01
7.860411172307717464e-01
7.861152365373041961e-01
7.863409999643712345e-01
7.864900735383018038e-01
7.862368405910922231e-01
7.860804991256122864e-01
7.859193156018365878e-01
7.855720125569471968e-01
7.855831697062825025e-01
7.866087665097611925e-01
7.862047778340089943e-01
7.863326970887748457e-01
7.859881881669172898e-01
7.859056168110818419e-01
7.861210789917917330e-01
7.862840769403253161e-01
7.864787095062606426e-01
7.862869632840525647e-01
7.861639317298166896e-01
7.857251383653186538e-01
7.857747686661860076e-01
7.851612799892371264e-01
7.849802755639682106e-01
7.848783557361849184e-01
7.850402288450889499e-01
7.856351046683968109e-01
7.860428337231252227e-01
7.856906938332581802e-01
7.864895016740083289e-01
7.868394295100851199e-01
7.875310268241999534e-01
7.873986674712550871e-01
7.885004974791040011e-01
7.884061978204511822e-01
7.893609544999605765e-01
7.894636325487147666e-01
7.894014705697023349e-01
7.893057943003382038e-01
7.900668982206330293e-01
7.898483006983602062e-01
7.903347840233579946e-01
7.893329739333695416e-01
7.888221307192718745e-01
7.883948924246537704e-01
7.888255487695323698e-01
7.899761333565460397e-01
7.894919770515472779e-01
7.890322995981815524e-01
7.880448811499936035e-01
7.870204754955599791e-01
7.871578937023373523e-01
7.870364004394001523e-01
7.860610359409331283e-01
7.864002339716350543e-01
7.867475663999942137e-01
7.867148264050463080e-01
7.862015460066320571e-01
7.856938742518493335e-01
7.866763926065971635e-01
7.874323917394061567e-01
7.873782704567816593e-01
7.873653957786933555e-01
7.871189311602123651e-01
7.866059049074591858e-01
7.865273813387619883e-01
7.867567063664246962e-01
7.870385593867152974e-01
7.864270864478397627e-01
7.862801156507417399e-01
7.863666636891013528e-01
7.862013631217739107e-01
7.859969645223706669e-01
7.861349960181664986e-01
7.863589187716617523e-01
7.867226168348503412e-01
7.864374963919552597e-01
7.863313701412200096e-01
7.863286745649699094e-01
7.862521009873802980e-01
7.864384267916241233e-01
7.861801825927713372e-01
7.859153469070878639e-01
7.858941022313107316e-01
7.861817567938446105e-01
7.863049532764170291e-01
7.860989306584446057e-01
7.859626834717047261e-01
7.858586074080516903e-01
