5.751504573528597175e-02
5.258234905793438690e-02
4.845024509682568925e-02
4.555127872334292088e-02
4.293116833736121407e-02
4.058600096101622895e-02
3.831567515018914627e-02
3.628592704397959334e-02
3.450854471284826169e-02
3.290576263096473691e-02
3.149612738266176215e-02
3.010984020893139879e-02
2.853490965385006850e-02
2.707256749989788228e-02
2.605101165307046468e-02
2.488940869294727076e-02
2.401585442430662423e-02
2.298383856066463574e-02
2.198280402681928106e-02
2.123040531401326758e-02
2.060192346607149852e-02
1.992595616879010156e-02
1.948940286789789533e-02
1.868505253252841086e-02
1.777803861539580671e-02
1.725335534421558459e-02
1.670044646102190888e-02
1.598965331823345645e-02
1.536421994561839796e-02
1.460712938885983664e-02
1.390479653970564701e-02
1.337074587026179130e-02
1.296560181459377112e-02
1.238747244663133615e-02
1.180055684542311890e-02
1.137028004181977504e-02
1.091498625142851668e-02
1.048597774675755386e-02
1.012672236340230771e-02
9.684732250593007866e-03
9.309660692670525955e-03
8.934722340864949958e-03
8.491820841627698707e-03
8.093055224984496351e-03
7.738763158843802760e-03
7.355344578246043701e-03
7.017564722862884574e-03
6.700849806740574559e-03
6.465540704893897248e-03
6.271388991198471527e-03
6.109154311568006090e-03
5.869404140014891982e-03
5.637802698591072061e-03
5.469780175880911872e-03
5.279310878398398021e-03
5.077819720734010576e-03
4.891884093189261852e-03
4.728480964098640514e-03
4.558123823000157469e-03
4.438023980519223248e-03
4.321152620235075952e-03
4.223282185692052958e-03
4.010675450768572646e-03
3.914502553979483206e-03
3.826229589078163854e-03
3.691173955962063265e-03
3.532467853505893204e-03
3.497073691020057429e-03
3.435677358002885411e-03
3.348250569986669506e-03
3.283615574169989042e-03
3.144987578621737893e-03
3.113187986925071513e-03
3.019091013182159146e-03
2.874985367624148611e-03
2.817289942645080213e-03
2.772501352412908016e-03
2.676026655529402647e-03
2.605485786458406477e-03
2.536158675226752278e-03
2.450610805989213506e-03
2.343114205554096188e-03
2.323690889325282904e-03
2.224969350397610051e-03
2.164391241282083607e-03
2.158533024924118131e-03
2.086516902349549746e-03
1.997259714777047373e-03
1.988235032845031038e-03
1.903221414694563490e-03
1.844901592074409385e-03
1.853476063837069913e-03
1.840795216859993826e-03
1.800970566883576367e-03
1.770597196713971340e-03
1.761425567099000845e-03
1.742908599789112951e-03
1.688825550383741539e-03
1.682957812769199932e-03
1.659620276415517534e-03
1.631159441161239131e-03
1.572676355045805538e-03
1.552325974620004942e-03
1.517708522365527560e-03
1.465632742759885847e-03
1.463666924313697599e-03
1.508477476995256049e-03
1.453071428099744463e-03
1.449167258394189412e-03
1.395381056700344949e-03
1.389298691686303468e-03
1.325281086231473553e-03
1.270580111850956335e-03
1.242340670252743695e-03
1.209265425591881564e-03
1.202436526651889069e-03
1.183308358552975174e-03
1.182977746245578339e-03
1.165902167766448430e-03
1.152959051797027012e-03
1.112086592204696066e-03
1.106861837533756974e-03
1.063199747873028178e-03
1.053845685244023502e-03
1.032196567399692533e-03
1.002954250227241616e-03
9.950456567103002463e-04
9.887141442205113137e-04
9.559551039846629801e-04
9.442292681380404056e-04
9.225432485040441178e-04
9.142584554493682564e-04
8.979495362814989088e-04
8.667580092771934048e-04
8.766284935572332335e-04
8.731615622994952797e-04
8.368644591670995137e-04
8.205509207112808394e-04
8.105566152672867000e-04
7.857023372833025175e-04
7.969712621411296008e-04
7.762050727789780204e-04
7.756624951637598091e-04
7.507353852639164597e-04
7.394947210631676619e-04
7.172788453420637228e-04
6.911226237121524153e-04
6.796491231280274653e-04
6.640667002805948453e-04
6.557329851842383503e-04
6.455053782720754406e-04
6.196493588805125500e-04
6.043940232528901332e-04
5.938170231451922075e-04
5.870661253652351402e-04
5.742976261842334604e-04
5.550829006516054152e-04
5.522490348173279395e-04
5.370853436616120514e-04
5.156807364782845220e-04
5.094884889302866635e-04
5.035101507037957787e-04
4.898925387433112656e-04
4.852618645035784934e-04
4.685513200333060019e-04
4.598983736116217633e-04
4.470058997788188830e-04
4.375791787113303541e-04
4.332963551693023410e-04
4.212133686045173861e-04
4.079965767287596808e-04
3.998688998138613345e-04
3.914652080577871651e-04
3.799289626000930311e-04
3.736448622557688630e-04
3.641353019220701045e-04
3.554531410576411399e-04
3.438401473164538367e-04
3.365250254192031542e-04
3.300075153771901974e-04
3.215875034105342015e-04
3.127588953334097368e-04
3.068447552512496338e-04
2.977793082547750816e-04
2.914475681135337724e-04
2.801282012505958716e-04
2.741122559959003886e-04
2.691786875560775189e-04
2.582182259951944009e-04
2.541912183567809186e-04
2.484575346660906404e-04
2.409625561473491761e-04
2.347412749650719052e-04
2.296427845348261092e-04
2.225022104967338047e-04
2.154532925263066162e-04
2.100795994241595385e-04
2.064570218820551740e-04
2.005039594454864800e-04
1.945609126578749001e-04
1.906192212852224582e-04
1.840631302997895020e-04
1.794150807253143073e-04
1.753337764456881363e-04
1.706921004371768705e-04
1.668007200260617114e-04
1.622538216460187531e-04
1.579375561593305871e-04
1.537947433327126960e-04
1.508829450930418003e-04
1.478555911417469215e-04
1.446246303171547698e-04
1.413269876194560466e-04
1.373981001780610791e-04
1.347996262218928985e-04
1.313829165871822761e-04
1.284179141068848590e-04
1.253113563135508420e-04
1.216549022006059149e-04
1.183501488003688672e-04
1.141845686688269833e-04
1.116257565918257191e-04
1.089081255437491787e-04
1.061341997007934017e-04
1.027907236349083801e-04
1.004107184201670207e-04
9.784483798832056020e-05
9.528854883370962601e-05
9.213941372385514909e-05
8.952864154270967685e-05
8.643295794149774753e-05
8.378030779620737286e-05
8.132432860399729368e-05
7.850686235559533579e-05
7.703381771702178644e-05
7.484692922279401488e-05
7.294210084123187014e-05
7.061190639127933857e-05
6.865706927438264761e-05
6.722687507311353602e-05
6.561798033345489544e-05
6.348427413984778932e-05
6.170947550700512404e-05
6.026233546526383727e-05
5.859490251788934993e-05
5.698329599740770254e-05
5.577424133976150095e-05
5.360466288365173465e-05
5.264596631258422509e-05
5.027338960167382353e-05
4.952101760753802251e-05
4.755647878044832859e-05
4.606998010099449929e-05
4.539514464382410076e-05
4.418121073631420492e-05
4.279600038439523532e-05
4.151447885055281319e-05
4.014135484215963713e-05
3.856597417374496882e-05
3.778368923647689982e-05
3.694388553116523640e-05
3.578040075691979590e-05
3.468101966941850093e-05
3.393523884718807344e-05
3.278339458415358069e-05
3.204483594782979780e-05
3.115135368020993640e-05
3.019297696483480464e-05
2.953857032186335506e-05
2.853256995143671425e-05
2.746093298500062898e-05
2.680481087378772153e-05
2.582449663760932862e-05
2.531422860145671224e-05
2.466985771972085421e-05
2.364096446194574621e-05
2.312603356507136830e-05
2.222899168349723345e-05
2.187402577445074416e-05
2.118771152305076692e-05
2.073577680720472955e-05
1.981812964375895348e-05
1.938807541130871279e-05
1.893221539590283952e-05
1.849173085791377993e-05
1.797260797590794003e-05
1.728317696921410765e-05
1.652282532835980180e-05
1.621201341756894931e-05
1.580298335738405894e-05
1.549980718814647788e-05
1.482582716157776557e-05
1.465191181144231978e-05
1.405230090946663037e-05
1.359285481739180929e-05
1.289384938627713341e-05
1.226887386820441027e-05
1.205938468161194056e-05
1.180033438091942981e-05
1.134556400410113883e-05
1.133422170488085392e-05
1.101499291562824034e-05
1.061174031865585963e-05
1.011963686753314421e-05
9.971836103307208011e-06
9.650619345626277270e-06
9.360417989003222240e-06
9.105111915023611461e-06
8.861168217653370908e-06
8.571755851137120101e-06
8.455617291610594845e-06
8.037296163528440837e-06
8.094107195173228493e-06
7.787490194594459775e-06
7.590302179418806496e-06
7.233165153354592301e-06
7.165163865165968612e-06
6.725861707110425522e-06
6.644762256864833115e-06
6.357183237192032489e-06
6.118884305014837591e-06
6.148610474975723904e-06
6.010886854865171605e-06
5.824640259314728356e-06
5.622617423694408999e-06
5.567707360792262616e-06
5.396860325310281636e-06
5.190158101896491448e-06
5.223498987479091867e-06
5.162840687258363509e-06
5.103620528270624981e-06
5.142751195676975211e-06
5.052247185487912206e-06
4.878312510625759366e-06
4.802346808122415029e-06
4.781276149071978375e-06
4.639969681321742147e-06
4.546995996568714146e-06
4.431439497216249269e-06
4.244390060497815150e-06
4.225578665766560415e-06
4.173571413526033407e-06
4.091752804043835486e-06
4.098603203563922242e-06
4.045390070736009829e-06
3.959141208494942853e-06
3.893352159432205823e-06
3.934508809948722071e-06
3.916024557985895849e-06
3.828226711819482409e-06
3.729930231278766311e-06
3.762016217629504724e-06
3.681848867497672485e-06
3.586934186705415010e-06
3.612651799264732426e-06
3.571513231812817320e-06
3.625399097281212032e-06
3.514436699501244458e-06
3.413434971486495193e-06
3.340942412858316451e-06
3.412496781230345118e-06
3.408448854135048633e-06
3.396514981758524815e-06
3.343394324706094915e-06
3.291756446958560249e-06
3.296520251554690952e-06
3.260827598825732748e-06
3.264263301744563128e-06
3.256542097276549269e-06
3.192662562296666386e-06
3.165741720897230412e-06
3.165408183871676464e-06
3.090513621412549578e-06
3.107534722788019166e-06
3.095324189489767799e-06
3.104747167795407346e-06
3.116471087408312211e-06
3.134096152999754474e-06
3.133159469670188309e-06
3.138762376668324896e-06
3.115095693842606758e-06
3.138660144937688304e-06
3.154550060326499801e-06
3.143381138369649651e-06
3.138133484814176105e-06
3.155530294253417112e-06
3.162976001538808792e-06
3.149794193637367629e-06
3.181013218449324298e-06
3.180857774171652750e-06
3.196208598464478194e-06
3.214003853760472064e-06
3.199318604564016531e-06
3.226790298444193316e-06
3.237622198176470826e-06
3.275694170141729852e-06
3.205028957589784093e-06
3.192933388827645580e-06
3.211745794374332221e-06
