2.482959580325637405e-01
2.501986262927608506e-01
2.540987440525444008e-01
2.572069592678766781e-01
2.597957993551027744e-01
2.631169399790169172e-01
2.657352184450211263e-01
2.677410508282182522e-01
2.706468588791343111e-01
2.736445616552291016e-01
2.755532889444931577e-01
2.768390783596914595e-01
2.778748955738313264e-01
2.790607074682612265e-01
2.800129053867357332e-01
2.803721804132883744e-01
2.807508661065017952e-01
2.801037855225320117e-01
2.796382662124408669e-01
2.793983221331835520e-01
2.788667137747249392e-01
2.781354315156858159e-01
2.772583375852578635e-01
2.759142786803072123e-01
2.742226198699344586e-01
2.723553473009852621e-01
2.703671702718460357e-01
2.682846953636238152e-01
2.657191281922990367e-01
2.634411184208534928e-01
2.607070115549378064e-01
2.578398021568061305e-01
2.546887759191190370e-01
2.517641621751249281e-01
2.487635106536018881e-01
2.455410943282065606e-01
2.419009745935405964e-01
2.382297746451033926e-01
2.345740421176303880e-01
2.307633776921534097e-01
2.269629182076580431e-01
2.232546223950458153e-01
2.193715006791067679e-01
2.157780702296163144e-01
2.124409094381283780e-01
2.088333382840532604e-01
2.054225879391980425e-01
2.019578729393613492e-01
1.985056261189190319e-01
1.954178207077808815e-01
1.923237298412873997e-01
1.893125650558797612e-01
1.863120360309593604e-01
1.834241941026984457e-01
1.806626952236541905e-01
1.780939343848519651e-01
1.755193595767586545e-01
1.731242174858570460e-01
1.708741220348381495e-01
1.687267185983420681e-01
1.667158047960600187e-01
1.649336546059078368e-01
1.631359101186614646e-01
1.612958407047125620e-01
1.596636467273150894e-01
1.582367703305925799e-01
1.566991234957751389e-01
1.551822009123178525e-01
1.536699930341938747e-01
1.521938445747275104e-01
1.510029763695762139e-01
1.496750480413846784e-01
1.485211612602497511e-01
1.471813211630616514e-01
1.460425679216654782e-01
1.449651081356810034e-01
1.437743127460329728e-01
1.425926548666218152e-01
1.413671309874949267e-01
1.402433398059592939e-01
1.392343019979422336e-01
1.381673286284354762e-01
1.370977298499057584e-01
1.360279411731900312e-01
1.350355989647354649e-01
1.341397448052559782e-01
1.330391841386684149e-01
1.319835431106291812e-01
1.309996339467252024e-01
1.300431631123979415e-01
1.290754109232638835e-01
1.281520932864642082e-01
1.270587259616547671e-01
1.260553350082739277e-01
1.250352426731900779e-01
1.241269407223140192e-01
1.230262908963044299e-01
1.219739978043214573e-01
1.210260308067275248e-01
1.200188872289661840e-01
1.188368119223529445e-01
1.176830775220990277e-01
1.168141194205113004e-01
1.157884337931482516e-01
1.147594010356688260e-01
1.136999596141947816e-01
1.124840436107068659e-01
1.115140892673922163e-01
1.105347312702381624e-01
1.095678472353006500e-01
1.086078697646255253e-01
1.075658619113236819e-01
1.068449551927882074e-01
1.058907541849736789e-01
1.044677491243242579e-01
1.034018193152147630e-01
1.022488812689556631e-01
1.012151633418253011e-01
1.000211749620228824e-01
9.884790623543020238e-02
9.778647709022235401e-02
9.666046097125884085e-02
9.563168139481023622e-02
9.455093279511449234e-02
9.375406000594406486e-02
9.282246501071125810e-02
9.201322588076106535e-02
9.107294237545564275e-02
8.994761976990187091e-02
8.916723202990448072e-02
8.797298356856750323e-02
8.699480101047787906e-02
8.624273358244323451e-02
8.530301272619419950e-02
8.438825277826847437e-02
8.365897160233702612e-02
8.277293776185348784e-02
8.177501266771854127e-02
8.114539005368626157e-02
8.042663509089760521e-02
7.959126971651780957e-02
7.883729569031251716e-02
7.808970468638376516e-02
7.751475309266082914e-02
7.685328199040902808e-02
7.622440145586430182e-02
7.550718770079101194e-02
7.491687982617596664e-02
7.417280585364099954e-02
7.359374071095066416e-02
7.276425236493860860e-02
7.228994507165774352e-02
7.156628649742317883e-02
7.106533948530335820e-02
7.069974336705792117e-02
6.991884006623469427e-02
6.955934256706890195e-02
6.904078486519571456e-02
6.850373818474292387e-02
6.814712248498266955e-02
6.752578531798267281e-02
6.700572520641452645e-02
6.647882280125987087e-02
6.600353863948781041e-02
6.558639040780761542e-02
6.521560686025741627e-02
6.483033451536499014e-02
6.434517688246052525e-02
6.394639467656916543e-02
6.345318664424039190e-02
6.301191124001204180e-02
6.262894306716407233e-02
6.233301254941667202e-02
6.185777541771274313e-02
6.151741476702902306e-02
6.118594193945542381e-02
6.083018710205075757e-02
6.040983513066605637e-02
6.000054507899914291e-02
5.961467021090792462e-02
5.930052486172207593e-02
5.898386792583289184e-02
5.869452054430344956e-02
5.842618007774658812e-02
5.801982008644925720e-02
5.769298142860452422e-02
5.738856063661161577e-02
5.712236650157857115e-02
5.685729305810106882e-02
5.662072957575258608e-02
5.647493670292206419e-02
5.630195585799679936e-02
5.608668219070701844e-02
5.584432114775473438e-02
5.569757042843048733e-02
5.546731204242901642e-02
5.537077163285188813e-02
5.516071126259509960e-02
5.502209791585846443e-02
5.485943601452920870e-02
5.475225978750988820e-02
5.466256092677934664e-02
5.451180490030484160e-02
5.440097619811737339e-02
5.427503005567944211e-02
5.415360425228664398e-02
5.406570480793262273e-02
5.394235199450615748e-02
5.384877116132551905e-02
5.372923280395142803e-02
5.366950592495609712e-02
5.355910890823593201e-02
5.347947357107953742e-02
5.339354207465834418e-02
5.335046376763030729e-02
5.328655278878231122e-02
5.321469739033163338e-02
5.313222994436863494e-02
5.308756768084200300e-02
5.298787393429368192e-02
5.291044448765703373e-02
5.286383009038640030e-02
5.281037120281815989e-02
5.277536390748008288e-02
5.272695583943537434e-02
5.265695088787249872e-02
5.262444952491570488e-02
5.258624894412715356e-02
5.252764722634393341e-02
5.247089424974216154e-02
5.245150324113492801e-02
5.242525829841423318e-02
5.240167355169119551e-02
5.233562704335029819e-02
5.231537730843743850e-02
5.229077082664947140e-02
5.223166956878234901e-02
5.221682161706795583e-02
5.219614754495534997e-02
5.216047087401388949e-02
5.213890482392472686e-02
5.211685594977024522e-02
5.209110946150796728e-02
5.207805011396598321e-02
5.205001034947991101e-02
5.198630148087979991e-02
5.198425419311611395e-02
5.197500173607069729e-02
5.196452806862698198e-02
5.193523041781647476e-02
5.190889048486248269e-02
5.190165740509577325e-02
5.188188745863443752e-02
5.187211704288731406e-02
5.186189919731268999e-02
5.184829881239205740e-02
5.183352086346194182e-02
5.182251507113477818e-02
5.181542825758300025e-02
5.181057096042661347e-02
5.180538612760778039e-02
5.178596891789249979e-02
5.177228881526581977e-02
5.176001974891828589e-02
5.175219760152990206e-02
5.174422499004439902e-02
5.173844210158672768e-02
5.173251632513174020e-02
5.172984570520870740e-02
5.172554987025783368e-02
5.171857216092302229e-02
5.171169338084256190e-02
5.171182218964476274e-02
5.170380414675541242e-02
5.170194530355748386e-02
5.169558727607195814e-02
5.168876899963138760e-02
5.167551171567960622e-02
5.167292128739851137e-02
5.166798471046431251e-02
5.166875877373929699e-02
5.166114701523395747e-02
5.166151512710228516e-02
5.165299639048813451e-02
5.164166899019356771e-02
5.163663942073270369e-02
5.163387848782608619e-02
5.163386969203625360e-02
5.162930159378133210e-02
5.161637300701205772e-02
5.161420764963588897e-02
5.161373096395208832e-02
5.160795434896968403e-02
5.160976745742446026e-02
5.161085491886368420e-02
5.161047132216957378e-02
5.160469034878484990e-02
5.160921352574224935e-02
5.159960154645115010e-02
5.160313943970508410e-02
5.160430481158947286e-02
5.159932710723105775e-02
5.160020628357388922e-02
5.159679061926642635e-02
5.159482317451177108e-02
5.159480225932239900e-02
5.159387961339137463e-02
5.159329620839824687e-02
5.158973259003558909e-02
5.158654544388736191e-02
5.158822749063757956e-02
5.158819871270623608e-02
5.158456872908412372e-02
5.158126157007519863e-02
5.158185242630333039e-02
5.158273683137795662e-02
5.158041249533974054e-02
5.157861546388752688e-02
5.157823772436140319e-02
5.157771226110040991e-02
5.157759251083617047e-02
5.157603837060140833e-02
5.157632216849375451e-02
5.157696097235467403e-02
5.157419128356437177e-02
5.157334762659284561e-02
5.157404839839316996e-02
5.157471123742885660e-02
5.157438040867828172e-02
5.155963640710349571e-02
5.155680419140325210e-02
5.153657739398324888e-02
5.154038920247189931e-02
5.154500581654192226e-02
5.153712398165929270e-02
5.157919190558128697e-02
5.151431462009611884e-02
5.150861658622117589e-02
5.150197734253737780e-02
5.148591665175243637e-02
5.148604804372160226e-02
5.147778434969354361e-02
5.147550907468511489e-02
5.148103165521543401e-02
5.145118374171638032e-02
5.144604859183753154e-02
5.144875006897264846e-02
5.144855303504328181e-02
5.144514498525846330e-02
5.144301268354399548e-02
5.144497043834288935e-02
5.144810277663763171e-02
5.144586453483945832e-02
5.142879130056551840e-02
5.143201041034323878e-02
5.143989758467053253e-02
5.142432261648618996e-02
5.142312513110736810e-02
5.142050238765034226e-02
5.146670037052700208e-02
5.137034422642809683e-02
5.137156241169684584e-02
5.136834746889856751e-02
5.136225705906593414e-02
5.135472972755038279e-02
5.134097756810272750e-02
5.134282456115223797e-02
5.134872835840677968e-02
5.132739951010446833e-02
5.133039400321272316e-02
5.132459937374237585e-02
5.131810149681721028e-02
5.129438491472370493e-02
5.130635649850084218e-02
5.126292530331633818e-02
5.126888649883308557e-02
5.127063484446370278e-02
5.126426117163002116e-02
5.124812671066359543e-02
5.123451220617203372e-02
5.124117553500349975e-02
5.125225612812169679e-02
5.116939006943545254e-02
5.119393917606090971e-02
5.118202888467145162e-02
5.116240137599775001e-02
5.115790888938023112e-02
5.112567860616314824e-02
5.113328170033405035e-02
5.112362307643519843e-02
5.111562188456521272e-02
5.106998921697643995e-02
5.108442049442132177e-02
5.104226961721732014e-02
5.103437879197464389e-02
5.103015459365878997e-02
5.100055677568582357e-02
5.100881434201911396e-02
5.094271715973531373e-02
