3.651534102883292832e+00
3.452722839401629162e+00
3.333952642732746607e+00
3.171674630412416818e+00
3.065246367416702977e+00
2.905200818187956724e+00
2.807403855190345521e+00
2.757047819759831597e+00
2.646315479222540290e+00
2.490706818668267708e+00
2.350370281263739258e+00
2.221896115788928316e+00
2.026388215105055846e+00
1.895562113463707066e+00
1.837166054057953302e+00
1.770214950063572878e+00
1.679198604520620641e+00
1.583687482816235725e+00
1.517413027500792877e+00
1.415423777111644021e+00
1.325129402974285497e+00
1.265179941376855632e+00
1.159488541379072091e+00
1.156311340360818951e+00
1.102136019196144456e+00
1.022174715452693006e+00
9.984922481128211125e-01
9.502120602009971329e-01
9.472401175413939223e-01
9.091231853989347744e-01
8.680409463875221610e-01
8.714323015512620563e-01
8.608717318560827891e-01
8.395732900171519741e-01
8.277514469465697688e-01
8.176522631848253120e-01
7.802154389318944894e-01
7.675378646118541370e-01
7.445239343991626457e-01
7.311036318448203009e-01
7.369341549715848760e-01
7.281678076818731693e-01
7.076150645114658300e-01
6.830530896386827200e-01
6.547457075904317136e-01
6.426687518110074659e-01
6.368158873626861283e-01
6.347362019114393128e-01
6.239634745558881868e-01
6.213236214029030924e-01
6.111626602788580165e-01
5.995219463289338524e-01
5.914478138447386568e-01
5.944130164685773599e-01
5.816244304743419802e-01
5.751832261675500213e-01
5.714693826604289040e-01
5.564246685504680157e-01
5.526543519685674921e-01
5.504899863619030498e-01
5.272047379307863713e-01
5.239924059518511479e-01
5.114282312467208769e-01
5.120435825349478609e-01
5.114954936557513099e-01
5.086659909075155195e-01
5.003994161370519667e-01
4.919509114791156823e-01
4.868305272086735358e-01
4.763699422230069369e-01
4.804374793182417669e-01
4.785422660120843830e-01
4.817698530675218471e-01
4.736317616384435603e-01
4.737011728353571205e-01
4.651183841871593949e-01
4.574312200315624466e-01
4.611642870577772335e-01
4.645711552725450000e-01
4.622209158785878236e-01
4.562535831938193120e-01
4.542134745481644087e-01
4.523692754979471986e-01
4.548653808062202430e-01
4.541319898866546523e-01
4.466889406879697155e-01
4.422721202500398130e-01
4.406920454104025220e-01
4.415327337912496319e-01
4.379509409864701386e-01
4.390417811439868423e-01
4.401290354506273150e-01
4.410839117274207855e-01
4.366964432529592544e-01
4.312123868750454281e-01
4.322547524294681476e-01
4.302237928739748307e-01
4.311767248851012813e-01
4.308785420374439679e-01
4.290372938806295555e-01
4.260793855079784143e-01
4.263781364157578913e-01
4.270795563771014325e-01
4.232154691497667653e-01
4.248339733775685634e-01
4.250732398344584384e-01
4.209290640557962759e-01
4.197556553713547856e-01
4.158251766507187752e-01
4.146316151192944166e-01
4.127386188473877171e-01
4.124837204384803058e-01
4.113952066130876495e-01
4.116228013587852619e-01
4.135267296229175327e-01
4.129810148720104435e-01
4.115192294604316237e-01
4.111839597435669180e-01
4.109046565429844700e-01
4.106301489529438076e-01
4.113075491804635830e-01
4.114877337774989763e-01
4.114836245374885459e-01
4.115269541448069446e-01
4.115984337194492082e-01
4.115503947787103045e-01
4.114491585806955842e-01
4.112734581901879016e-01
4.110643426012242641e-01
4.109771374764821239e-01
4.110832269676328310e-01
4.109307237707265359e-01
4.109617416172433035e-01
4.110091585063831432e-01
4.120236697259918590e-01
4.119909535977054338e-01
4.116255940875997998e-01
4.113574187800941862e-01
4.111946601935000944e-01
4.100261560908190495e-01
4.105579639201975550e-01
4.101458745637753256e-01
4.100854952949323784e-01
4.100701258929289605e-01
4.097215156637610267e-01
4.090484055962109178e-01
4.091140254381984143e-01
4.083936060930149492e-01
4.082763638459301903e-01
4.082992603300164558e-01
4.083396402313337337e-01
4.082284995348650636e-01
4.082704868266204823e-01
4.081307132111418601e-01
4.078426370858344585e-01
4.078405828783207565e-01
4.078409175189701141e-01
4.076551443460844082e-01
4.070234381847030458e-01
4.071397487668568238e-01
4.071337965347729959e-01
4.072432644205485341e-01
4.071917857628130633e-01
4.070925522346865444e-01
4.069719546261605370e-01
4.058270654525704679e-01
4.059745592524168223e-01
4.038521488549056127e-01
4.038714700923783374e-01
4.038578347711974659e-01
4.043245579378270116e-01
4.019458687631301541e-01
4.020735426269886892e-01
4.020952337540655286e-01
4.021340234467987163e-01
4.021172135441283824e-01
4.022092812958332764e-01
4.020533996363264140e-01
4.020413814565051980e-01
4.020758552695342103e-01
4.016797965320364483e-01
4.019459339916876539e-01
4.017961059002805313e-01
4.016217627739546159e-01
4.015976111738084331e-01
4.013550715751694198e-01
4.013157210909479300e-01
4.013392573350447190e-01
4.013599541348336630e-01
4.013484698472625234e-01
4.013535725375408925e-01
4.013123018887982396e-01
3.998622375331807866e-01
3.998847866008425345e-01
4.000885347188807839e-01
3.997392545659153584e-01
3.988008552408989771e-01
3.987765614681192949e-01
3.987686639992375492e-01
3.987430046447726362e-01
3.987418703137586840e-01
3.987367733003674974e-01
3.987449792991689113e-01
3.987630616485833279e-01
3.987349288888419885e-01
3.986990368724718237e-01
3.986999892194886264e-01
3.986887419213938633e-01
3.986770946520648562e-01
3.959456319938963187e-01
3.959630820916635874e-01
3.959528385292388486e-01
3.968753064613231851e-01
3.962507816754062273e-01
3.962569216277258000e-01
3.962421594536889025e-01
3.958938907202276258e-01
3.958013872185051629e-01
3.957700339136943080e-01
3.957732108456563092e-01
3.957646370308199324e-01
3.955847615950947582e-01
3.955900697357630502e-01
3.956211297998107890e-01
3.956113667274472889e-01
3.953220433785026855e-01
3.952966810373431117e-01
3.952893942172587827e-01
3.952114234320652786e-01
3.952081406897484106e-01
3.952117569441304101e-01
3.952311626290636593e-01
3.952203180541660199e-01
3.952103045023915295e-01
3.952178613762046822e-01
3.951647067494672427e-01
3.951628044728701661e-01
3.951607903019862533e-01
3.951573918571755772e-01
3.951536858736284796e-01
3.951262794817574919e-01
3.949942796938645806e-01
3.949982011035408913e-01
3.949972286090631668e-01
3.949931492899738106e-01
3.949580903961626421e-01
3.948273343425708348e-01
3.948202365847676143e-01
3.948116723769116154e-01
3.948134462045882476e-01
3.948076056421108149e-01
3.948014596484801797e-01
3.948003160347820506e-01
3.947925928527059591e-01
3.947949934821643470e-01
3.947856611679450567e-01
3.947593890060405730e-01
3.947595515553981582e-01
3.947496946087510339e-01
3.947387245422623314e-01
3.947307058890350828e-01
3.947219148373701803e-01
3.947229959181799419e-01
3.946883075902798965e-01
3.946951633049998742e-01
3.946981071748040804e-01
3.947016620059830005e-01
3.946624083414855821e-01
3.945681288107552032e-01
3.945580728526508762e-01
3.945568506275110021e-01
3.945520196529386792e-01
3.945475861242819238e-01
3.945457842442101626e-01
3.945324392828097881e-01
3.945408123897427566e-01
3.938736342805316260e-01
3.942281090948375200e-01
3.942243686797422542e-01
3.939807981746640819e-01
3.939876077279103050e-01
3.939777553468952753e-01
3.938380510516757971e-01
3.938321885302804026e-01
3.938079186560519140e-01
3.938100045965296503e-01
3.938017398049636353e-01
3.938028649993822738e-01
3.937934081918679219e-01
3.937754717739169186e-01
3.937753486228082744e-01
3.937666380337664362e-01
3.937625856962194693e-01
3.937616777840314275e-01
3.937537923344489599e-01
3.937546028332071235e-01
3.937558351917924693e-01
3.937509940864920566e-01
3.937448958569958468e-01
3.937421556955811308e-01
3.937395414345120637e-01
3.937402482203991583e-01
3.937311334488811099e-01
3.937285987081825533e-01
3.937200722708585898e-01
3.937207878815595086e-01
3.936473732606402542e-01
3.936480282905147066e-01
3.936448287773547383e-01
3.936453616772878639e-01
3.936433395533288082e-01
3.936418247062272169e-01
3.936501324577754701e-01
3.936475401161602661e-01
3.936469786923387226e-01
3.936452191360658714e-01
3.936449242002412752e-01
3.936382245792183210e-01
3.936395467103194767e-01
3.936269343642359031e-01
3.936278571756537392e-01
3.936183025543769087e-01
3.936149306515945301e-01
3.936111143478298602e-01
3.936151030819092234e-01
3.936089746502688946e-01
3.936091211718455996e-01
3.936043469844884291e-01
3.936052021140931112e-01
3.936037593160325865e-01
3.935997855470917406e-01
3.935985143030831801e-01
3.935993085531478419e-01
3.935997849707951746e-01
3.935975046099837171e-01
3.935939938788893255e-01
3.935857879536198700e-01
3.935854427753235352e-01
3.935409993598447120e-01
3.935411938164163903e-01
3.935392269237559804e-01
3.935363461832329657e-01
3.935314520082234813e-01
3.935314060887191712e-01
3.935330420380149796e-01
3.935321104735817199e-01
3.935253064857506256e-01
3.935264569439643756e-01
3.935275395013958510e-01
3.935261970956576705e-01
3.935263039432954635e-01
3.935218035770777778e-01
3.935217997673406964e-01
3.935185324258423933e-01
3.935172585095536579e-01
3.935110674088487248e-01
3.935100384345012192e-01
3.935086550565222163e-01
3.935120605500068702e-01
3.935104162340054557e-01
3.935096203442761675e-01
3.935076186480855887e-01
3.935068171455974317e-01
3.935054282545404347e-01
3.935066858594886141e-01
3.935026160773847925e-01
3.935028778838025598e-01
3.935019887727582710e-01
3.935014654425152414e-01
3.934939709265042884e-01
3.934967353809914470e-01
3.934964320939735027e-01
3.934954044276819940e-01
3.934943909074491430e-01
3.934950433454265650e-01
3.934941072716848232e-01
3.934942898585967463e-01
3.934931095090942743e-01
3.934917669051990474e-01
3.934914395734515624e-01
3.934797572815785793e-01
3.934798611299575311e-01
3.934812202381863244e-01
3.934782221754110076e-01
3.934769581675570116e-01
3.934771761939209744e-01
3.934745149194538438e-01
3.934727215174664838e-01
3.934748158927493522e-01
3.934731895295210946e-01
3.934731049551101201e-01
3.934752164960130250e-01
3.934714381890419554e-01
3.934706136720002023e-01
3.934674808929984891e-01
3.934694702388056853e-01
3.934690652234471009e-01
3.934668184805293345e-01
3.934675846721115144e-01
