2.424403352908906240e-01
2.459348044700648550e-01
2.476216974512321922e-01
2.512394480509930750e-01
2.483080073566324153e-01
2.507110474055598281e-01
2.519036792567052041e-01
2.522184945452604077e-01
2.564757172733523882e-01
2.543059113632601953e-01
2.554851127070174033e-01
2.553641843896878871e-01
2.521758767243503230e-01
2.502303753271539200e-01
2.462773657277801953e-01
2.422805873602482396e-01
2.352989431123121422e-01
2.334670223249666610e-01
2.276809913375774097e-01
2.260270440506236822e-01
2.195547188900798530e-01
2.173898448225282387e-01
2.102813139481700400e-01
2.057624193289242787e-01
2.027852236188649182e-01
1.986524825876805345e-01
1.937952873501300188e-01
1.874880421827775923e-01
1.847902222514971327e-01
1.821216930861142280e-01
1.776507776902311597e-01
1.746015485255913435e-01
1.703280596564795135e-01
1.691752022532579669e-01
1.653550346273053029e-01
1.635272083367577678e-01
1.594021051412351231e-01
1.573255948913678537e-01
1.553118813844215906e-01
1.514677733004657079e-01
1.485591294656605499e-01
1.465010155503699285e-01
1.447308648390916719e-01
1.433951523744889933e-01
1.391075393053533560e-01
1.388700710791538895e-01
1.379646158889475394e-01
1.358279640642825747e-01
1.345121803204239741e-01
1.318637240066697913e-01
1.301626958618479768e-01
1.284461490237191750e-01
1.270195659567191770e-01
1.252559990905699749e-01
1.223439654545907113e-01
1.213928355826163485e-01
1.197940518448167430e-01
1.188167240197700453e-01
1.174262799129191515e-01
1.157514073539180344e-01
1.130085956599669039e-01
1.119251188457359991e-01
1.095427351212504424e-01
1.083506031527208396e-01
1.052126955651545431e-01
1.038173737522806728e-01
1.015069035120902685e-01
9.975338616293659422e-02
9.682415924230688975e-02
9.438605856014277429e-02
9.190257189484832279e-02
8.657857334297235086e-02
8.318856188324511014e-02
7.945857549177762214e-02
7.586663840671686865e-02
6.961639142374344280e-02
6.640410877481971175e-02
6.083704862103603284e-02
5.473827647534177526e-02
5.141576288864092154e-02
4.382888216561988542e-02
3.756670467769999272e-02
3.126094354215779719e-02
2.672907008147352992e-02
2.121814361221392720e-02
1.975235236947441020e-02
1.690968513934806156e-02
1.264610489843209958e-02
1.096461477961942731e-02
7.945581845123429743e-03
5.688622583966009179e-03
5.368103300445733334e-03
3.844257830738724135e-03
3.856052228192405947e-03
3.178684774568576142e-03
2.829849832243596687e-03
3.266339055891983797e-03
2.526153585310612643e-03
3.022391886756025520e-03
2.983659139223668669e-03
3.441084338791752101e-03
4.457431717038685785e-03
3.455937408396691102e-03
1.963517325539846075e-03
2.296668779870896133e-03
2.278639861307238043e-03
2.209688041714910622e-03
2.352050993234690301e-03
2.183163664925179270e-03
2.169024806456754974e-03
2.343540699017378996e-03
2.119873163671926689e-03
1.670522187306462247e-03
1.647565170903739435e-03
5.300758379901009988e-04
5.114792759066526815e-04
4.923695601758994699e-04
1.579384124365392416e-03
2.152636851046909466e-03
1.544464599869307606e-03
1.539410750069965510e-03
1.615581621353386326e-03
1.500054960139192558e-03
1.487861308497478692e-03
1.474771300528927636e-03
1.456275151540946389e-03
1.437568445179895731e-03
1.427039357119875077e-03
3.082992807852800608e-04
1.750779388625309067e-03
2.931946484228667633e-04
2.737948723012064746e-04
2.704730626046990640e-04
2.608206076786333109e-04
2.492973353337396667e-04
2.397620059089549110e-04
2.310478532521022049e-04
2.258856171490004113e-04
2.178302196343022748e-04
2.029623753113649661e-04
2.010567819953176696e-04
1.921227680073746573e-04
1.866533791882694102e-04
1.810729800009810856e-04
1.778074400747881208e-04
1.710270317781165702e-04
1.631614495380445033e-04
1.589884410195631706e-04
1.509453649600090851e-04
1.435768724401429927e-04
1.375530026361326884e-04
1.344082089698664265e-04
1.292164766259668073e-04
1.237747007701658789e-04
1.178867055826582344e-04
1.130820635253432829e-04
1.092423857378763688e-04
1.054671669023746775e-04
1.001821096553998157e-04
9.600514457230641032e-05
9.275955838893285412e-05
8.933106817232622568e-05
8.414661161507996955e-05
8.166583408257993863e-05
7.900751785895676409e-05
7.611523771937499954e-05
7.208113497360102472e-05
6.857042029663218971e-05
6.622865094888391059e-05
6.490527747847890389e-05
6.233723248756817433e-05
6.022609945996382008e-05
5.855626449759731986e-05
5.413480297744693837e-05
4.884223652170560675e-05
4.817276836608186619e-05
4.663589049647609477e-05
4.473888532137254538e-05
4.275931958679274108e-05
4.135879984023177252e-05
3.904946876029696850e-05
3.690320221903220488e-05
3.558587617324398948e-05
3.381766680408987452e-05
3.260317146674221206e-05
3.130743222272316505e-05
3.019331202011627075e-05
2.895898555615605710e-05
2.756030950203249659e-05
2.710405774134112404e-05
2.544382784577459079e-05
2.458726764576646433e-05
2.314972033015270849e-05
2.128466508746140403e-05
2.038638428267370006e-05
2.004440879777015744e-05
1.953779429289964089e-05
1.859445278435176881e-05
1.796284920998814216e-05
1.738559219862437753e-05
1.691480346499092108e-05
1.637715394386229901e-05
1.582559704803671044e-05
1.531330250671303231e-05
1.490268455517422159e-05
1.426906222997959063e-05
1.383679298275755533e-05
1.310843755342162155e-05
1.274927378588780503e-05
1.210995838212652820e-05
1.158286367160527082e-05
1.115325693643419170e-05
1.086003864306065591e-05
1.015452382686641112e-05
9.887943140875953213e-06
9.593255386590972202e-06
9.220042457309452462e-06
9.025173321682288956e-06
8.630652424134784554e-06
8.409702375982096550e-06
8.035517214939065145e-06
7.880910771857804252e-06
7.748850363615436437e-06
7.476542985466349957e-06
7.169344892151763652e-06
6.972000777834951797e-06
6.813392597531288707e-06
6.617079393747235346e-06
6.442812034331144770e-06
6.250900151977597109e-06
6.096160199310107559e-06
5.904793495744593208e-06
5.836147873881428658e-06
5.713306329422546180e-06
5.278842490043190997e-06
4.259880858523246439e-06
4.057317065136753957e-06
3.996333539821879429e-06
3.901789209780614331e-06
3.777832766420248325e-06
3.691177649543854912e-06
3.590244645436674715e-06
3.510287070376162654e-06
3.419131165435311708e-06
2.887328816943513177e-06
2.774083297833294620e-06
2.657202589559871962e-06
2.562777769140047987e-06
2.413149121571974688e-06
2.113915300548806851e-06
2.053196302336252619e-06
1.986938149404620636e-06
1.951092108199578333e-06
1.882054293784237157e-06
1.780304045545375592e-06
1.749913519203177142e-06
1.710548304349158061e-06
1.673419209888844030e-06
1.641115620274964855e-06
1.606942623216500934e-06
1.525545189338949303e-06
1.491305550252031724e-06
1.371539377149316372e-06
1.341527501210434652e-06
1.304258802254909274e-06
1.278352156144796253e-06
1.281782069170473661e-06
1.249530090019136752e-06
1.236419296576544454e-06
1.245864295927703918e-06
1.246185913613277121e-06
1.251140829378925862e-06
1.252314403529145829e-06
1.254045927452364965e-06
1.246314517084175879e-06
1.240849336080643542e-06
1.231435618479906428e-06
1.203733219297102018e-06
1.196762816752060994e-06
1.195424046625590165e-06
1.167289755043151065e-06
1.168128817884611261e-06
1.167822370704547929e-06
1.170330997613278259e-06
1.169542499642587664e-06
1.171691093863241055e-06
1.164149754732592509e-06
1.162785031453704648e-06
1.160681517171027955e-06
1.150869690489391942e-06
1.147322831044273067e-06
1.147814137131826468e-06
1.140977458002348750e-06
1.138736550299457934e-06
1.138473123564981778e-06
1.138469132685939593e-06
1.135150995510947803e-06
1.136327003186494042e-06
1.135231495818358505e-06
1.135506408949950760e-06
1.136728503177495765e-06
1.137310496662196869e-06
1.135607198171924861e-06
1.136014662746049299e-06
1.136101649421395889e-06
1.136007421399712023e-06
1.137616990872919047e-06
1.137355044699877156e-06
1.132448023665321280e-06
1.134482708436798858e-06
1.135002956923736719e-06
1.134519558491888029e-06
1.135543282711502021e-06
1.134583906784589434e-06
1.134942986626861770e-06
1.134746351269969959e-06
1.134382243254618906e-06
1.135905878678033716e-06
1.136446688315011121e-06
1.135960780789732266e-06
1.044198313258955351e-06
1.044526107603875050e-06
1.044884164571601431e-06
1.045641740053925714e-06
1.046513231036379946e-06
1.046835141472991217e-06
1.047649881547550188e-06
1.047945511745423489e-06
1.047496453841041328e-06
1.048097916884564798e-06
1.049063402018400577e-06
1.049732495162151238e-06
1.050256005978320192e-06
1.050817704958213663e-06
1.052052183016352108e-06
1.052573545519048399e-06
1.053416535015691599e-06
1.053545841600575273e-06
1.054475801675015820e-06
1.054864027282606727e-06
1.054124800674404417e-06
1.054961689942247184e-06
1.055994878990961191e-06
1.056115549160185482e-06
1.056870967466864047e-06
1.057589115574678452e-06
1.057913206689050408e-06
1.058497995418750366e-06
1.059121994754380147e-06
1.059207892551590181e-06
1.059621947680395603e-06
1.060391689981075561e-06
1.061179648421041414e-06
1.061876102128160398e-06
1.062603223389373149e-06
1.062725183109848511e-06
1.062842097171799818e-06
1.063532101308705545e-06
1.063966327638349474e-06
1.064353560887714055e-06
1.065285267700411136e-06
1.065727540761805522e-06
1.066241076244080785e-06
1.066608363604008221e-06
1.067173135140461975e-06
1.067755248993634492e-06
1.068341630372021985e-06
1.069039324491733733e-06
1.069396519494079883e-06
1.069865997844448777e-06
1.070181813726706124e-06
1.070630707025916531e-06
1.071197277896990930e-06
1.071581128031171216e-06
1.072093681658445004e-06
1.072589347209258760e-06
1.072781567820884691e-06
1.073360302489174611e-06
1.073483449852911957e-06
1.073811395524916412e-06
1.074247439905185414e-06
1.074390333903167956e-06
1.074490458081937046e-06
1.074803120821270603e-06
1.075177445379917272e-06
1.075597305852485710e-06
1.075924772629885689e-06
1.076061414060762077e-06
1.076457154802037702e-06
1.076814746704157259e-06
1.077114317445095463e-06
1.077165673221867287e-06
1.077584497971651028e-06
1.077923485518822340e-06
1.078020570014190307e-06
1.078465740100755575e-06
1.078637494113248931e-06
1.079050235701531292e-06
1.079294541262910748e-06
