4.615683547727067015e+00
4.733391644152122879e+00
4.825462254870761747e+00
4.889896910304504907e+00
4.926904146017236030e+00
4.960168576874790070e+00
4.963767994938251604e+00
4.977407342573026305e+00
4.973627059069331224e+00
4.970866794489658069e+00
4.942792488016900521e+00
4.901964450921446392e+00
4.854194296742058157e+00
4.778446919558946071e+00
4.716340446678339404e+00
4.641134486411791826e+00
4.555979569342588853e+00
4.468156184548936594e+00
4.392719322863200659e+00
4.310098550168782516e+00
4.230333878267676262e+00
4.136385968704231253e+00
4.059935496000220745e+00
3.961860085657032737e+00
3.848856317667707749e+00
3.753938702028932539e+00
3.647806668964116650e+00
3.524319504413768289e+00
3.430859159006287129e+00
3.350132537523834664e+00
3.260526118843900978e+00
3.158354353852641072e+00
3.075287853784494096e+00
2.995975879483416815e+00
2.925857077963585073e+00
2.830348101266976002e+00
2.785422602379849621e+00
2.731691107884005820e+00
2.648425302475322152e+00
2.570413835390755075e+00
2.491245675413541250e+00
2.400418845756273178e+00
2.349346389359193044e+00
2.265554583018562163e+00
2.197235545905146026e+00
2.121336088451620583e+00
2.053936018078127201e+00
2.013999195014114285e+00
1.958294312965176642e+00
1.872778147960362016e+00
1.801071691319582335e+00
1.758601175195785071e+00
1.702388057659427467e+00
1.653127171198426337e+00
1.610117394978298977e+00
1.572797731325909165e+00
1.525491523285684492e+00
1.491657554799143748e+00
1.463714554456490902e+00
1.407213718011369963e+00
1.378199265672062745e+00
1.323398698299528053e+00
1.284955790666549635e+00
1.264112272845874241e+00
1.249427643105967878e+00
1.211464118466204276e+00
1.184484579632471002e+00
1.134796904765745573e+00
1.103646772003902710e+00
1.080168206528197672e+00
1.053913623413138545e+00
1.035553131136512928e+00
1.014512507018329401e+00
1.002247765479582053e+00
9.746124493853240978e-01
9.681310245007197501e-01
9.511951211009390672e-01
9.283650934306446612e-01
9.149282030057092063e-01
8.893742544703607811e-01
8.848773021768315816e-01
8.624287749089879496e-01
8.554084378257107435e-01
8.507208706072612037e-01
8.259058020560636759e-01
8.093346174482499711e-01
7.870794384821487855e-01
7.563767051585567058e-01
7.399449850274555374e-01
7.348826643135566439e-01
7.346022251169781470e-01
7.352814876080684403e-01
7.313857091879489847e-01
7.240660616095002666e-01
7.158633556881994764e-01
7.124330988689557831e-01
6.871711115249432567e-01
6.662298564381293753e-01
6.529490365694473608e-01
6.404246666502978469e-01
6.407401532920654619e-01
6.318108016844169450e-01
6.311318947490901499e-01
6.313897645774624312e-01
6.204463335513020761e-01
6.118287462392166809e-01
6.038566343681718296e-01
5.956859730384278517e-01
5.888256188254620271e-01
5.801328964205039185e-01
5.737254806052660694e-01
5.642744237838376309e-01
5.590986774744540755e-01
5.588915415653088470e-01
5.582249100308163126e-01
5.548410008358394263e-01
5.485998192010815844e-01
5.397352217554763909e-01
5.380728017082454517e-01
5.336186978834438488e-01
5.344008659953789486e-01
5.299428315925617250e-01
5.200479547730368912e-01
5.168233720191837133e-01
5.141498044781922516e-01
5.060517032148458272e-01
5.019894485987042021e-01
4.967318142446923157e-01
4.944288710467913406e-01
4.927405368977291200e-01
4.889471151081041245e-01
4.843896344666220877e-01
4.803787595140649458e-01
4.792853062922598495e-01
4.776263824964270821e-01
4.772486348280819968e-01
4.732117408811751247e-01
4.691045376688437463e-01
4.683224391142195020e-01
4.676393116912560544e-01
4.671416362685135715e-01
4.653317609282967560e-01
4.648672826887561560e-01
4.651337974726963420e-01
4.642315417152387824e-01
4.618352268389451232e-01
4.611372053229358392e-01
4.604513517722723659e-01
4.587790289985291259e-01
4.579985023392257881e-01
4.581076549375612816e-01
4.565071049795204061e-01
4.556958229049825615e-01
4.560392677708105524e-01
4.551434257923415161e-01
4.539858602568300205e-01
4.529926624586937400e-01
4.520810697252442556e-01
4.489209315707847758e-01
4.489100653522296591e-01
4.478378619415172568e-01
4.462388422953191824e-01
4.456908630549583639e-01
4.467360490115677152e-01
4.466722463196259874e-01
4.441048895856704037e-01
4.438301606370702590e-01
4.427899254092501069e-01
4.421029425099131660e-01
4.415964056824713269e-01
4.396982678587688098e-01
4.391110515373464196e-01
4.382046752856494365e-01
4.370189779540463726e-01
4.360220056660217836e-01
4.357438796380703749e-01
4.346535300300395921e-01
4.339158462783382353e-01
4.334757313263659650e-01
4.318522848492695743e-01
4.301344687375047160e-01
4.304938375608198253e-01
4.294024391374365313e-01
4.294797403266840119e-01
4.282575543117554950e-01
4.279432445510500393e-01
4.278370748167589777e-01
4.261011288693616339e-01
4.257932514508662170e-01
4.257089328812442286e-01
4.254245288972510197e-01
4.250966477575558455e-01
4.235769736607907232e-01
4.227518997272213808e-01
4.225794291639180522e-01
4.226267451949025089e-01
4.219245617535782866e-01
4.212211410822953028e-01
4.208024512899254388e-01
4.205609053352240001e-01
4.198907935695714300e-01
4.187869303868621551e-01
4.183224480911961751e-01
4.177698241835083870e-01
4.174456550559038637e-01
4.170059184717839207e-01
4.168794723942526592e-01
4.163005912032136102e-01
4.163046404244792886e-01
4.160656343211707187e-01
4.157486149906051143e-01
4.152457589602212562e-01
4.140932266284716445e-01
4.139076650296137916e-01
4.134277320999781291e-01
4.133029934963971530e-01
4.125403700083196679e-01
4.120198565940755842e-01
4.119172548518171828e-01
4.117611030358901969e-01
4.114693647589681147e-01
4.111012922626363086e-01
4.109029722008085139e-01
4.106674000325858387e-01
4.099426165982127945e-01
4.089347369356970963e-01
4.085913596669152326e-01
4.080837922466996615e-01
4.081984463007438113e-01
4.077879362547419673e-01
4.078308397753394599e-01
4.076412672269820181e-01
4.077422641562386540e-01
4.077670195958909560e-01
4.071541767970559000e-01
4.069210976991383122e-01
4.065629034526534458e-01
4.061915815156129095e-01
4.061170213999047984e-01
4.056726078365095467e-01
4.054669450388062035e-01
4.051745646819009949e-01
4.047182868104942099e-01
4.044311216938585307e-01
4.043903904265632732e-01
4.041707890007161241e-01
4.043115626977855648e-01
4.042597692487019390e-01
4.041469035187795766e-01
4.043632376273124662e-01
4.034166925302386519e-01
4.033875563198652814e-01
4.030685719773374753e-01
4.028509847167572322e-01
4.029720264951827113e-01
4.028426505871427477e-01
4.024605711076408854e-01
4.021607422489051897e-01
4.021171954990784281e-01
4.018461402788770509e-01
4.014350500422887436e-01
4.014081695075049638e-01
4.010246449096679933e-01
4.008015909881115779e-01
4.007437869414077203e-01
4.006048260253628479e-01
4.006259715465765869e-01
4.007373541778265214e-01
4.004559552910899045e-01
4.000467620202421415e-01
3.999442760931997132e-01
4.000570596332989060e-01
3.999686656798689399e-01
3.997445535520481319e-01
3.995521047967772188e-01
3.989667680396942195e-01
3.988847849405104951e-01
3.986037145366261303e-01
3.984420849874482085e-01
3.983914293556324870e-01
3.983455606069995492e-01
3.983807988786599030e-01
3.981608563726726779e-01
3.979160021069766406e-01
3.977940654073826021e-01
3.977406982208874231e-01
3.976233616755997513e-01
3.976535014925151046e-01
3.976093404905025608e-01
3.973346777762070681e-01
3.973051076450996311e-01
3.971595187669373916e-01
3.971365658549365629e-01
3.970621932791296160e-01
3.969335320258813860e-01
3.967969647465574567e-01
3.966062795814049302e-01
3.965095685270263459e-01
3.965106093677319699e-01
3.964509730346220118e-01
3.963939435925277754e-01
3.963454433012594813e-01
3.962261418639626553e-01
3.961683916223489033e-01
3.960778456545318571e-01
3.960258634988844673e-01
3.959719678963068978e-01
3.959426027442359830e-01
3.958327274920779293e-01
3.956777337307444964e-01
3.956595611681691382e-01
3.956539102488382253e-01
3.955653789742489823e-01
3.955055340095718353e-01
3.955163000701833464e-01
3.955464726713586177e-01
3.955333920510826773e-01
3.955386717955235443e-01
3.954210490869835004e-01
3.953571778414120552e-01
3.953638633457711715e-01
3.953562992949317123e-01
3.952922995962609987e-01
3.952531883348706088e-01
3.951535014570250470e-01
3.951762890224657654e-01
3.951869710484946507e-01
3.950078009639204635e-01
3.949945129849424252e-01
3.949444805019851068e-01
3.948696371368732860e-01
3.948273129897270084e-01
3.948505368252404057e-01
3.948260556050263159e-01
3.947526879284538603e-01
3.946959564740605830e-01
3.947086452899396525e-01
3.946973145342680955e-01
3.947040957324934318e-01
3.946196439085715713e-01
3.946310378760029547e-01
3.946818792693468358e-01
3.946546179202695681e-01
3.946682644742077750e-01
3.945920225910451440e-01
3.944146642686138238e-01
3.943561477495688417e-01
3.943628261960411274e-01
3.943278845599047511e-01
3.943088486380171842e-01
3.942716504342013151e-01
3.942390518350064599e-01
3.942273789484427859e-01
3.942172615145396186e-01
3.942312080814729947e-01
3.941859046351328111e-01
3.941503107839540720e-01
3.941529712799601848e-01
3.941231568679108288e-01
3.941425772951706041e-01
3.941818212494818119e-01
3.940968696797635396e-01
3.941036372436930724e-01
3.940921060340697446e-01
3.940579117673037035e-01
3.940493401331304213e-01
3.940192065088808371e-01
3.940503696869530059e-01
3.940174310008859315e-01
3.939990022421442362e-01
3.939674055418503351e-01
3.939639548922304613e-01
3.939957876653392144e-01
3.940474203180149848e-01
3.941098534833878397e-01
3.941010191848777211e-01
3.940370165887889797e-01
3.940385695722936621e-01
3.940106243831038024e-01
3.939477527405412238e-01
3.939378232412802938e-01
3.939254587333971269e-01
3.938737799296452846e-01
3.938358801758087835e-01
3.938631751527946756e-01
3.938447881109851667e-01
3.938437820186517224e-01
3.938453304578772296e-01
3.938052988986078806e-01
3.937783934986758827e-01
3.937914584591969969e-01
3.937863954524112309e-01
3.938111315396866652e-01
3.938125377337162170e-01
3.938178931241077541e-01
3.938475138716874824e-01
3.937973220284453624e-01
3.937648843685034317e-01
3.937780719289709630e-01
3.937195507968278552e-01
