1.912912979876590782e+02
1.833416610818357526e+02
1.758487678294145553e+02
1.686885012728315871e+02
1.620258346057171082e+02
1.555432504757999368e+02
1.493950431380727082e+02
1.435633873524667479e+02
1.380002915338829439e+02
1.328311854633886639e+02
1.279130130244248420e+02
1.232861089760618540e+02
1.189141959634446408e+02
1.148243257078216431e+02
1.109755761970513248e+02
1.073116464091707911e+02
1.039443424448016344e+02
1.006862666913452244e+02
9.762568599105431133e+01
9.478087354104826545e+01
9.205085946427237786e+01
8.952061127962242892e+01
8.716660137630097438e+01
8.496230057864805474e+01
8.293247040211302590e+01
8.099651756241431144e+01
7.914936386949182179e+01
7.744865951924381875e+01
7.587573404247683584e+01
7.443156266728861681e+01
7.305775921534593920e+01
7.180752572718046167e+01
7.059265639931687986e+01
6.944823296716805316e+01
6.840031514521155032e+01
6.742386606252760828e+01
6.649371089088116094e+01
6.560129092899335035e+01
6.478787723712984814e+01
6.401169046571861543e+01
6.328984968791753829e+01
6.259553575844121553e+01
6.194431101595322531e+01
6.134297294064965911e+01
6.076382590919319426e+01
6.021764838350763682e+01
5.970793719341828165e+01
5.921992751962110901e+01
5.875668461225129136e+01
5.830617824962131124e+01
5.786988127077928823e+01
5.745307454676665770e+01
5.705567142089655164e+01
5.668423096736360378e+01
5.633181788286214697e+01
5.597711206465576339e+01
5.564731066748136357e+01
5.532600065624834684e+01
5.503665179459486012e+01
5.474448907563163402e+01
5.446729624736207853e+01
5.419252039576993241e+01
5.392920273690445754e+01
5.367859378035979034e+01
5.343422464751110113e+01
5.320922353515076964e+01
5.298824522774460632e+01
5.277787356002215802e+01
5.256114129558233117e+01
5.235558156734865065e+01
5.215846638768624643e+01
5.197906687372224610e+01
5.181158780942134712e+01
5.163733860334633619e+01
5.147289143539542522e+01
5.130838243218250483e+01
5.114480796546483532e+01
5.098783904902366260e+01
5.084128871061280108e+01
5.070192392075735199e+01
5.056539861669235592e+01
5.042851424601487054e+01
5.029183320747640096e+01
5.016568047622767779e+01
5.004587832268650516e+01
4.992953701197266270e+01
4.980552758735539243e+01
4.968812534281882165e+01
4.956803548064335274e+01
4.945781539500772084e+01
4.934112811048775171e+01
4.923504492582901548e+01
4.912959212255762509e+01
4.902543923195988640e+01
4.893024077632426838e+01
4.883425438432946919e+01
4.873229139339959204e+01
4.863369557996033166e+01
4.854292448868433496e+01
4.844869665346389098e+01
4.835477647667530476e+01
4.826594064331023048e+01
4.817894777254795713e+01
4.808989508260540902e+01
4.800464782606002956e+01
4.791578730200188829e+01
4.783149526005064445e+01
4.774957240482938658e+01
4.766791928816294899e+01
4.758216763572870178e+01
4.749618305668731466e+01
4.741466381659507334e+01
4.733157470276829315e+01
4.725372911187794500e+01
4.716875550591700517e+01
4.709259968688616738e+01
4.701250456691960977e+01
4.693297585871815158e+01
4.685085711346739146e+01
4.676794688560401880e+01
4.669337871127160611e+01
4.661385123460856761e+01
4.653343704793923052e+01
4.645940875219165633e+01
4.637823485191810136e+01
4.630004574886368118e+01
4.621859308510200748e+01
4.613942538079362521e+01
4.606272363056594088e+01
4.598293191325760176e+01
4.591067475063216108e+01
4.583431712208992792e+01
4.575828789848085876e+01
4.568713468637076858e+01
4.561341295925524975e+01
4.554432600256195229e+01
4.547574893088128078e+01
4.540964922220290134e+01
4.533892309914369179e+01
4.527245892214979506e+01
4.520579073330106468e+01
4.513908134007041184e+01
4.506950285513990906e+01
4.500619506517813306e+01
4.494216290544847681e+01
4.487152313774352308e+01
4.480310853357651979e+01
4.474383459057695234e+01
4.467789810971169118e+01
4.462021073485266953e+01
4.455889611110772108e+01
4.449844475474218086e+01
4.444008770856012092e+01
4.438025890598695611e+01
4.432068162838148595e+01
4.426419442829272555e+01
4.420441808914213055e+01
4.415028110180677601e+01
4.409492483879803615e+01
4.404013218142693376e+01
4.399140854670081069e+01
4.393910496847452407e+01
4.388880579601268295e+01
4.384243902153591677e+01
4.379094032306029760e+01
4.373810525564768881e+01
4.369327866312251274e+01
4.364711737199517927e+01
4.359954772326359773e+01
4.355550674591184901e+01
4.350916745137965336e+01
4.346679813969392114e+01
4.342523845040230412e+01
4.338434352214123635e+01
4.334039987295015806e+01
4.329832637193182876e+01
4.325867515003900365e+01
4.321852991185510717e+01
4.317921256612305569e+01
4.314443946547026343e+01
4.310821891851615817e+01
4.306809490757554926e+01
4.303287431426875287e+01
4.299773299756671463e+01
4.296222806356344392e+01
4.292561112259574685e+01
4.289098435356637395e+01
4.285352304375201271e+01
4.282456896523523682e+01
4.279246384890531374e+01
4.276192933845319288e+01
4.272775202255458282e+01
4.269530037736508632e+01
4.266683128199921526e+01
4.263384364430164197e+01
4.260464447562629431e+01
4.257580816253362599e+01
4.255058508986302712e+01
4.252291456204501685e+01
4.249419542429361485e+01
4.247124123429546216e+01
4.244634846454963650e+01
4.242464868697183533e+01
4.240183932929016919e+01
4.237505420007028789e+01
4.235113106503721525e+01
4.233128028492217965e+01
4.231482337249595105e+01
4.229786233231384784e+01
4.228128575990783133e+01
4.226029246759024716e+01
4.224178797497393845e+01
4.222062431945943928e+01
4.220284275375022531e+01
4.219255086548517397e+01
4.218030278631109553e+01
4.216455696381503770e+01
4.214795900684912056e+01
4.213268437492418883e+01
4.211846795226249185e+01
4.210407193253987401e+01
4.209323108882466613e+01
4.207793158265842237e+01
4.206276257694739229e+01
4.205305940234512008e+01
4.204091059850005507e+01
4.203051140079125503e+01
4.201978711216788298e+01
4.201306709301724851e+01
4.200426117209832455e+01
4.199425664423553428e+01
4.198337420345310278e+01
4.197176768734293972e+01
4.196227450901996292e+01
4.195480447412299441e+01
4.194630740134142144e+01
4.194049699046552604e+01
4.193089828148469422e+01
4.192525579211592657e+01
4.191797849251594243e+01
4.191052334959070436e+01
4.190185312318378408e+01
4.189337174133015651e+01
4.188947913426343206e+01
4.188395581303923620e+01
4.187812034843717868e+01
4.187403460014171941e+01
4.186672490436290417e+01
4.185861566257931088e+01
4.185221156161077261e+01
4.184684763424061771e+01
4.183837667139304983e+01
4.182925766451326410e+01
4.182312596419802730e+01
4.181729442318849266e+01
4.180900144341327973e+01
4.180476786209698048e+01
4.180299673507510505e+01
4.180147941442935888e+01
4.179730220428029241e+01
4.179260288265692935e+01
4.178851811295870533e+01
4.178304848222041556e+01
4.177554157798341805e+01
4.177371336159202997e+01
4.176794978744725739e+01
4.176224949157064970e+01
4.175763160198855672e+01
4.175328447241968632e+01
4.175119770115251328e+01
4.174686456925276445e+01
4.173987609831520018e+01
4.173469045805296673e+01
4.173134383079952414e+01
4.172570056237832148e+01
4.172164679366830597e+01
4.171632231648747791e+01
4.170962178043406965e+01
4.170500290378497965e+01
4.169705461093522558e+01
4.169140496231651838e+01
4.168516207531423845e+01
4.167869538429992105e+01
4.167439050497441144e+01
4.167129799975464266e+01
4.166819812685115210e+01
4.166111231066653886e+01
4.165830184311992923e+01
4.165194364140555194e+01
4.164779795541778640e+01
4.164069375928707473e+01
4.163051957349688337e+01
4.162277580491230111e+01
4.161278546141589629e+01
4.160365267488993624e+01
4.159336949430890940e+01
4.158349402295227293e+01
4.157438647152284972e+01
4.156383861912610200e+01
4.155010190335782028e+01
4.153742719959625873e+01
4.152269746497898240e+01
4.151279631350026023e+01
4.149357407268118436e+01
4.147758370520494253e+01
4.145953894011520902e+01
4.144237557301382679e+01
4.142220022028477899e+01
4.140359943287035094e+01
4.138627765340375930e+01
4.136525908787737649e+01
4.133855945139578836e+01
4.131553387745702111e+01
4.129243810488871702e+01
4.126684811582093459e+01
4.124086265718804611e+01
4.121753882516708245e+01
4.118826049204491824e+01
4.115768220754497975e+01
4.112372709515153701e+01
4.109098707216165991e+01
4.105861453114751214e+01
4.102044788376352358e+01
4.098315366190153952e+01
4.094049031001740957e+01
4.090009785060519221e+01
4.085770903584813851e+01
4.081452143154880474e+01
4.076152091611982087e+01
4.071058670220789821e+01
4.065717051310027585e+01
4.060092238678735299e+01
4.054180226360283967e+01
4.048141410142589081e+01
4.042084697171250696e+01
4.035036472473156977e+01
4.027926162597513837e+01
4.020711210137447011e+01
4.013499142804214870e+01
4.005563231585628614e+01
3.997256628272598533e+01
3.988316962476089600e+01
3.979264276278766488e+01
3.969700923099139800e+01
3.960390902586217976e+01
3.950087773228559485e+01
3.939812060645030556e+01
3.929112615055167623e+01
3.917832320156259840e+01
3.906407097952315866e+01
3.894698966231657522e+01
3.882520372556703592e+01
3.870333139457408578e+01
3.857837000621558587e+01
3.844490378270445063e+01
3.830206965421969301e+01
3.816476698684575553e+01
3.802102125476493200e+01
3.787291536937814840e+01
3.772241217645529332e+01
3.756439370885750151e+01
3.739549870493357275e+01
3.723218203535802928e+01
3.705684847459862397e+01
3.687897255785099304e+01
3.670304775151353027e+01
3.652452010032332907e+01
3.633862452638494744e+01
3.614632191839608311e+01
3.595594982282518259e+01
3.575897280928088406e+01
3.556095513520436668e+01
3.536231166104240486e+01
3.515934803497415118e+01
3.495153967337370915e+01
3.473694846731459762e+01
3.452064561613332216e+01
3.429724283179192668e+01
3.407824395503088510e+01
3.384915058768945784e+01
3.361866540787996627e+01
3.338332345448107219e+01
3.314781928970718639e+01
3.290816023799128232e+01
3.266120006973534373e+01
3.241893597956461548e+01
3.216486463067003854e+01
3.191204800921112650e+01
3.166181683016309023e+01
3.140785084126476079e+01
3.114609016306771849e+01
3.088007446927280597e+01
3.060909373796303967e+01
3.033486843030681612e+01
3.006701094085349624e+01
2.979559273813250186e+01
2.952252103630556590e+01
2.924639346901252068e+01
2.897152587578362670e+01
2.869920212564563045e+01
