1.274111129698183076e+00
1.221627659264807431e+00
1.171275100110377165e+00
1.124229999936333435e+00
1.078253885358718023e+00
1.035679718668089722e+00
9.950045773901174950e-01
9.560915262285287763e-01
9.189609711800919012e-01
8.836030180738623230e-01
8.511244358044480762e-01
8.205358800084956439e-01
7.900284884488142367e-01
7.619899517416908186e-01
7.364669995926612645e-01
7.127861716596266550e-01
6.904791592555630242e-01
6.687173194127180587e-01
6.490556133348276413e-01
6.301076951848927354e-01
6.119808952823357906e-01
5.955810865535120513e-01
5.796495828792478378e-01
5.642281191486991920e-01
5.500762325916841444e-01
5.365640590797560172e-01
5.240481145404531915e-01
5.121938402317931516e-01
5.006165851276531686e-01
4.895297506056973669e-01
4.794575904921686837e-01
4.701114476642648254e-01
4.615065198812770553e-01
4.531557318091669062e-01
4.450313668754600216e-01
4.374279561441642428e-01
4.300270196325612915e-01
4.232805316226068704e-01
4.171613324841760284e-01
4.109059143165466610e-01
4.050075842477885435e-01
3.999852375076027311e-01
3.947664162814338296e-01
3.900093194287632681e-01
3.855290083299294235e-01
3.811158217811797533e-01
3.770314727324112214e-01
3.730853888665779383e-01
3.694371281733249690e-01
3.659187171858184762e-01
3.625248566274901219e-01
3.592978729875372368e-01
3.559669472220509112e-01
3.530065670742658090e-01
3.500171003184672225e-01
3.471534422003936804e-01
3.444324480800620703e-01
3.419655464728748595e-01
3.396612685792665953e-01
3.371020824144141947e-01
3.348378296199843729e-01
3.324525731267738982e-01
3.302551316301218787e-01
3.280351693545109359e-01
3.260292595504256097e-01
3.238325644278772231e-01
3.216839363852213585e-01
3.196107216506365312e-01
3.174952733718235942e-01
3.153642531233823432e-01
3.132278343704044676e-01
3.109458161159783796e-01
3.087370550133052838e-01
3.065426523850046658e-01
3.042672177491003715e-01
3.017845970186417981e-01
2.993412072231854126e-01
2.966864139920193377e-01
2.939818630791917187e-01
2.912006644821804047e-01
2.883821044142095280e-01
2.853090520585136458e-01
2.822181828968653994e-01
2.787966797460156299e-01
2.753799652211889049e-01
2.719600014147549594e-01
2.683443367284018555e-01
2.646762655278949161e-01
2.611162549674408417e-01
2.574605699677140480e-01
2.537542753658849626e-01
2.500232922956945325e-01
2.464226229098857024e-01
2.426824082496328583e-01
2.389057937947193233e-01
2.351614110153385506e-01
2.312715776616046937e-01
2.271793909602137507e-01
2.233120803491998596e-01
2.192564661354547417e-01
2.153274209448214349e-01
2.112612585813526400e-01
2.072917334731839145e-01
2.033710814381076704e-01
1.994223777611373594e-01
1.954400506577042562e-01
1.912856801040672128e-01
1.871908467799985043e-01
1.830136987696136530e-01
1.789179663483005389e-01
1.748889086957022831e-01
1.707958052449728426e-01
1.668226025379590804e-01
1.626385394464535949e-01
1.586348034137644580e-01
1.547603470379845247e-01
1.510511053900904510e-01
1.470367714979186058e-01
1.432134352348038431e-01
1.393564041958947064e-01
1.354758457693966411e-01
1.317619812953527703e-01
1.280178026790026180e-01
1.245243040633663145e-01
1.208497178250328569e-01
1.172400773144763597e-01
1.136430831609988867e-01
1.101703074430063350e-01
1.068261104485284108e-01
1.035100134273082700e-01
1.001836899500334194e-01
9.691622246063280599e-02
9.381577895361931096e-02
9.079315213833685783e-02
8.775082800925176896e-02
8.491283937112348301e-02
8.203266076412119023e-02
7.920499443186176936e-02
7.649365525145980504e-02
7.390073289526190303e-02
7.138083196066297154e-02
6.880815435155529514e-02
6.643301558272075857e-02
6.401951557149318517e-02
6.163432416454692198e-02
5.939923485853511320e-02
5.720639047168755986e-02
5.507607012129200202e-02
5.310188535034326973e-02
5.116608549787983462e-02
4.925657698643268884e-02
4.742146719443896680e-02
4.561180325995119883e-02
4.383235213957981796e-02
4.211597043850156402e-02
4.043490450881978560e-02
3.893072591490517875e-02
3.737701469150577632e-02
3.591828334050163607e-02
3.452546199560874163e-02
3.308796092640898384e-02
3.174423659431812456e-02
3.046130753001290506e-02
2.923507297224040707e-02
2.803844794517918598e-02
2.693898505455727399e-02
2.580680469930646259e-02
2.467173220253632282e-02
2.360176398742282189e-02
2.262744959761644331e-02
2.168181267180951943e-02
2.077593835448994161e-02
1.987826083403549868e-02
1.903022847547322996e-02
1.820814279002299155e-02
1.743570610018066458e-02
1.669086955854370141e-02
1.599951388105580810e-02
1.530037226204656459e-02
1.464784281036668467e-02
1.400748411211004060e-02
1.341320319792939884e-02
1.282768768983737033e-02
1.231547792225478818e-02
1.177058427466079124e-02
1.126902375137438239e-02
1.074843206728695252e-02
1.026579095463995769e-02
9.798061768364032392e-03
9.368489067272443502e-03
8.956950326806031870e-03
8.566768850326374196e-03
8.185657806184961499e-03
7.829387369971799876e-03
7.474523166576530625e-03
7.137608785023689430e-03
6.828921746935335581e-03
6.502389916604400799e-03
6.214901909751846011e-03
5.939282087407269511e-03
5.676685382253943667e-03
5.398490097858983650e-03
5.150682756211371477e-03
4.906375664366649514e-03
4.656105552678287476e-03
4.440986458459144845e-03
4.223724557777287780e-03
4.035322546313455452e-03
3.841709930849398005e-03
3.673646954336630584e-03
3.507729407768103366e-03
3.341478335985935844e-03
3.178363982150541472e-03
3.031964530654035310e-03
2.889141185206780919e-03
2.742852896107902776e-03
2.613655018918387141e-03
2.497219397375383641e-03
2.377249396764727525e-03
2.259744402069796890e-03
2.164415785952171663e-03
2.068943677438559413e-03
1.973554784613986389e-03
1.882721712132882572e-03
1.798483561594047334e-03
1.707070133451463190e-03
1.628952603176955349e-03
1.547811248775498531e-03
1.471073747529966138e-03
1.406215724166751026e-03
1.341157669381409182e-03
1.281693252809139923e-03
1.216308260515519893e-03
1.165049202393637472e-03
1.111030583446455475e-03
1.060724119312738811e-03
1.007099731538656923e-03
9.585901961905458468e-04
9.138471903057461716e-04
8.723774595269819226e-04
8.298015613509772230e-04
7.996936877665635109e-04
7.624006471914612218e-04
7.221946479672089730e-04
6.893257952230219445e-04
6.575961627478671412e-04
6.287059757184637263e-04
5.998586064028055623e-04
5.675012805829507401e-04
5.385786508118838283e-04
5.141014481239147014e-04
4.893866276266102631e-04
4.651862223245418343e-04
4.416175737718092500e-04
4.248922019750282384e-04
4.051760537928117151e-04
3.863663808284370027e-04
3.661343361933596654e-04
3.472632221084930547e-04
3.287171248226930520e-04
3.135753478452740881e-04
2.991417444478143214e-04
2.835052908964850451e-04
2.695222497950410011e-04
2.571259848008673483e-04
2.445753134813812295e-04
2.341108023260706460e-04
2.232885656466979184e-04
2.128644639232376624e-04
2.034018355821910306e-04
1.942553107688411377e-04
1.856904246258102005e-04
1.759465934523403419e-04
1.661375804296636545e-04
1.569514389729957118e-04
1.497978502477289014e-04
1.425253786507681380e-04
1.367929423157078321e-04
1.305486578865213809e-04
1.250573878626792086e-04
1.196976605354459092e-04
1.150320667519478878e-04
1.100536233078851895e-04
1.052428549780638848e-04
9.969060626092307196e-05
9.523896694125399314e-05
9.068961094250037791e-05
8.675207755024774356e-05
8.278573013468525674e-05
7.882822795682740340e-05
7.597437657258572399e-05
7.250869818294283363e-05
6.954798884864733723e-05
6.629604023017367459e-05
6.319744486598337764e-05
6.064328301130218703e-05
5.834836763673343838e-05
5.590417033688316057e-05
5.374867993602413802e-05
5.125193678012382405e-05
4.939167492441720543e-05
4.739306982255840509e-05
4.507699378734226754e-05
4.313889723532103972e-05
4.146119957474763947e-05
3.998501584823997452e-05
3.847315718079270981e-05
3.672429363351257452e-05
3.523413890502789651e-05
3.421092495596020556e-05
3.282982382633419785e-05
3.141803875228776558e-05
3.033483646588742467e-05
2.926691642671709235e-05
2.814936256679917575e-05
2.702429740160384975e-05
2.612785609243406006e-05
2.530283160959586567e-05
2.433537302433134357e-05
2.323803575294983246e-05
2.249742532734963913e-05
2.167772397357251425e-05
2.096728869434394095e-05
2.025862789343601758e-05
1.965109253431845645e-05
1.898100784437874497e-05
1.835961139426083954e-05
1.781918645472197932e-05
1.719628930001924601e-05
1.671129195177562099e-05
1.625912435572794969e-05
1.569176631898352580e-05
1.521249848332462129e-05
1.477589651083023681e-05
1.439148036150076291e-05
1.399727847799545808e-05
1.366578636949624154e-05
1.321362676417674454e-05
1.292401740975903914e-05
1.251699327788290716e-05
1.219769580373081011e-05
1.184070449652309641e-05
1.151061542866104910e-05
1.126079912571394283e-05
1.094717593274074929e-05
1.069711183791204028e-05
1.046166173305681741e-05
1.023160077113280709e-05
9.998971717219487521e-06
9.788973764628835475e-06
9.623603360868421351e-06
9.466175233133285232e-06
9.289153910105392740e-06
9.077143868124613985e-06
8.913852885065912278e-06
8.804424969269233003e-06
8.656347341546815800e-06
8.484808968021980487e-06
8.337737764940903682e-06
8.240873424903373662e-06
8.081376391092477202e-06
7.981391544559636540e-06
7.895586390190437805e-06
7.814829100866637753e-06
7.729225093470074395e-06
7.675390279480376335e-06
7.614370027539863339e-06
7.526934421234575734e-06
7.454465098705410493e-06
7.353282144684512729e-06
7.246509383151652608e-06
7.172854996073187228e-06
7.100337629799832499e-06
7.005192229164586068e-06
6.950298617687682053e-06
6.899267108576057647e-06
6.834020629624675256e-06
6.790082414983561483e-06
6.734890242454785180e-06
6.708456337239725279e-06
6.663618627816709113e-06
6.617634269496232214e-06
6.577199688797926245e-06
6.549030947495796363e-06
6.515341089804341197e-06
6.470809264940461199e-06
6.430402814678179179e-06
6.405136992052138505e-06
6.363756171775229431e-06
6.318624837297639060e-06
6.294068968813573128e-06
6.260568148288559464e-06
6.240017403781745445e-06
6.212015342710171851e-06
6.188737388914329108e-06
6.170270445474615716e-06
6.146754953945584940e-06
6.124393271847505609e-06
6.116498280444878980e-06
6.098645159389981971e-06
