3.254691622480900270e-01
2.866873049966935927e-01
2.952293094657673089e-01
2.736928460525986373e-01
2.728697947327134998e-01
2.761888312917954447e-01
2.847560918177541311e-01
2.598442302109693625e-01
2.782606563602531002e-01
2.750489863606644936e-01
2.736444604902759092e-01
2.568273794265893972e-01
2.622108310618448956e-01
2.651474660938353267e-01
2.419415927875497307e-01
2.375479741552299351e-01
2.434234967932248361e-01
2.314848129134750576e-01
2.307036334666486832e-01
2.339855915102083128e-01
2.358591761207583237e-01
2.228047638036496636e-01
2.155874857222256635e-01
2.162441292389176428e-01
2.133284615470247558e-01
2.138174282327586218e-01
2.140984311303813503e-01
1.998300224335719799e-01
1.908485701401299584e-01
1.890041100336019020e-01
1.827343806180565522e-01
1.750867152018511508e-01
1.751708297584584906e-01
1.763588883488935721e-01
1.755657746310863576e-01
1.707417013905515868e-01
1.738891817874297363e-01
1.688331372693137322e-01
1.693705755189529594e-01
1.644706364772045848e-01
1.628453985391027092e-01
1.582129885995813556e-01
1.543831067986425609e-01
1.519620829379522420e-01
1.491999048090398294e-01
1.488678688677738948e-01
1.466178306527219366e-01
1.451802937474405697e-01
1.430993001629724537e-01
1.396777045394079209e-01
1.394960774185893260e-01
1.376501981257286233e-01
1.363809078925665441e-01
1.330222301153423381e-01
1.300887396847019151e-01
1.314834603169167115e-01
1.293761537258324990e-01
1.283230750255688613e-01
1.260375883899850225e-01
1.237535630279643362e-01
1.219483462708884497e-01
1.206963103541090210e-01
1.198682075663383834e-01
1.188092195938399015e-01
1.176980565672321316e-01
1.160888415471824919e-01
1.161666018271795831e-01
1.147917888949703813e-01
1.135999203265870977e-01
1.124831530848300759e-01
1.130647922003713834e-01
1.106902800738252257e-01
1.094232330672199188e-01
1.085764940261752243e-01
1.076726472427185222e-01
1.066123959498182366e-01
1.061328036940092368e-01
1.050791652246488850e-01
1.040768091467732109e-01
1.032285002860073159e-01
1.029458442871561130e-01
1.024116295008537098e-01
1.018025790060355235e-01
1.011834570210754097e-01
1.004571502407283906e-01
9.934016078033434949e-02
9.840175814907579921e-02
9.819807501845476128e-02
9.751310967264137375e-02
9.624728379800680245e-02
9.530325618564632062e-02
9.435722637451800232e-02
9.402846303705361675e-02
9.404254751985048622e-02
9.285518387880482838e-02
9.216326703434291057e-02
9.164383321116942316e-02
9.072301729929643788e-02
9.034026012993338905e-02
8.957567775069801008e-02
8.953925174314501800e-02
8.894126310218292142e-02
8.869072021375622172e-02
8.843858592944249530e-02
8.735785712709324968e-02
8.673568884433628667e-02
8.617228913569183191e-02
8.572589414600811919e-02
8.626721194517376901e-02
8.562134326361060810e-02
8.489210903876395764e-02
8.486426099596963701e-02
8.424235337718023742e-02
8.401994471748434890e-02
8.348019943104829921e-02
8.306253314888606409e-02
8.234446720302107670e-02
8.214676035080385741e-02
8.149023060967271193e-02
8.103509751760346047e-02
8.081013368831618804e-02
8.013711663244374450e-02
7.963729700104718590e-02
7.924884710224859574e-02
7.920873401420401583e-02
7.901824383731707868e-02
7.921645801007681786e-02
7.882660568913084365e-02
7.839452940574485884e-02
7.801390589075950233e-02
7.773196538884152851e-02
7.703454442886269182e-02
7.682285517611917025e-02
7.645145054077055746e-02
7.618375205986285814e-02
7.626907997482919310e-02
7.610652077783258695e-02
7.584327617889245754e-02
7.549584549747971607e-02
7.506397612154357135e-02
7.469598096781532304e-02
7.395333978252809082e-02
7.364590487773525762e-02
7.334301460752465363e-02
7.305159569039827716e-02
7.300656983021379387e-02
7.295521714865678409e-02
7.279330624677154971e-02
7.233744255852628258e-02
7.215134564775427251e-02
7.200175006380833687e-02
7.203274040072592255e-02
7.153893964034847841e-02
7.104544239291954444e-02
7.064756798619281630e-02
7.063775825150754584e-02
7.051364161909455530e-02
7.032539487520465815e-02
6.993501824739388473e-02
6.963068837610636441e-02
6.942502782074164158e-02
6.929108151510887659e-02
6.903901186917604793e-02
6.889988640811971210e-02
6.834379081134150935e-02
6.815423465923678426e-02
6.803979438028792681e-02
6.813106312347633198e-02
6.791547770353106861e-02
6.773420037350477707e-02
6.759818420609253753e-02
6.727164680757687087e-02
6.687256378396339018e-02
6.672250461076530137e-02
6.670995079369441971e-02
6.629034808060389750e-02
6.625309773881714326e-02
6.595488978627947474e-02
6.559105844998572299e-02
6.553084469598073614e-02
6.526952076412506631e-02
6.526078766378874685e-02
6.504685531649784247e-02
6.476597822192861620e-02
6.460506627410228520e-02
6.437188838916801936e-02
6.433541382798770025e-02
6.411340476324453586e-02
6.403926833430355348e-02
6.388441151006536700e-02
6.346499086091929309e-02
6.324545364759337485e-02
6.298324024276730215e-02
6.284917196108212589e-02
6.276495895898329125e-02
6.259929378034660707e-02
6.247008013217073691e-02
6.215537910085695839e-02
6.202633193738740086e-02
6.192531124662051245e-02
6.175689594074969951e-02
6.153949717830616006e-02
6.146141741827733374e-02
6.130825029177437019e-02
6.114805611226389881e-02
6.096250711505718511e-02
6.101210177976858218e-02
6.075005459079805409e-02
6.063109918582799962e-02
6.034391922443868572e-02
6.029571894424498590e-02
6.013716167774035143e-02
5.999988368909778963e-02
5.989782828903756490e-02
5.985862183722211877e-02
5.966629660473556085e-02
5.943317841381857286e-02
5.934817036051873163e-02
5.924826827373183558e-02
5.911992665342489378e-02
5.896667424837784971e-02
5.886435158483682012e-02
5.879070552153054657e-02
5.866670683476163384e-02
5.860001525374336495e-02
5.851743989423591891e-02
5.834289694396489062e-02
5.835221128932525925e-02
5.819307810228144251e-02
5.808054742848228758e-02
5.798512860550546905e-02
5.779296563666009440e-02
5.771753784083188260e-02
5.769226407741267354e-02
5.753803747276420993e-02
5.750923334488157457e-02
5.732510015440046153e-02
5.714975315136269080e-02
5.705802898316952865e-02
5.698684864437463665e-02
5.688781366733103306e-02
5.685340582798842357e-02
5.672595976674634638e-02
5.663550587108365231e-02
5.654116802518920071e-02
5.646671993613072010e-02
5.637341836349584606e-02
5.635137054435534337e-02
5.625747122014515544e-02
5.620318679870001111e-02
5.604805092149537510e-02
5.595334763279537910e-02
5.581775433876392384e-02
5.570435562351536141e-02
5.565538261763006839e-02
5.559942374523405700e-02
5.552028351990121596e-02
5.544673215309155884e-02
5.534099140097544639e-02
5.524131132717138848e-02
5.515841635180481622e-02
5.506257026864740112e-02
5.510604856633685017e-02
5.497539195170173670e-02
5.490055388375067458e-02
5.477126543861268043e-02
5.476377684045197897e-02
5.465090165871305805e-02
5.454343005326016403e-02
5.451703361615391902e-02
5.438940945190282039e-02
5.427234698165176591e-02
5.427133025245683279e-02
5.414146263618421773e-02
5.406802848710665077e-02
5.399537205554041930e-02
5.400054569157987372e-02
5.399890476160044972e-02
5.390320091239209771e-02
5.387075281865122411e-02
5.385107469185448914e-02
5.383406859840762088e-02
5.375120656189096013e-02
5.372013098966900435e-02
5.363363460641562552e-02
5.361439480831638182e-02
5.353594901816473295e-02
5.345666772326131827e-02
5.331381465625967264e-02
5.326266751295898050e-02
5.322148177459520846e-02
5.320702787254074501e-02
5.314912425149736358e-02
5.312145385471287590e-02
5.300751169404369773e-02
5.295658057613501779e-02
5.289048932614001663e-02
5.278169491944419839e-02
5.273587138482096343e-02
5.267136678025571839e-02
5.264136918600693243e-02
5.254961171254838442e-02
5.249842742613966551e-02
5.246725105220214486e-02
5.243324989501140648e-02
5.238296276597429607e-02
5.238881850626243147e-02
5.237290532988707337e-02
5.233919093390237282e-02
5.231127429084661551e-02
5.226730095353396971e-02
5.225362808981370150e-02
5.217572049819924757e-02
5.214067990260633223e-02
5.214657437396005846e-02
5.208374906186154923e-02
5.204910967395291743e-02
5.200000781406365763e-02
5.196332344406795478e-02
5.187994798875490698e-02
5.184111433350727105e-02
5.183840893190178045e-02
5.182828495116729300e-02
5.180595430540715918e-02
5.174160737599027560e-02
5.174136224646074672e-02
5.172709572376866377e-02
5.169941582469808616e-02
5.167023444935770621e-02
5.159611032228144517e-02
5.159945386851070431e-02
5.157627176760630483e-02
5.156792572056771023e-02
5.152194756298467820e-02
5.147591179345189366e-02
5.142552873355597104e-02
5.138232780391446125e-02
5.136655543234389804e-02
5.127932279320902842e-02
5.126315650771216120e-02
5.122131592230341063e-02
5.120901275873567665e-02
5.118969779861003849e-02
5.118405823687090933e-02
5.118234299149415634e-02
5.110305116877197906e-02
5.107764125153863716e-02
5.104746913608911030e-02
5.101021164414233644e-02
5.092981489625986874e-02
5.091445692743144097e-02
5.093797905798332776e-02
5.088517825712247228e-02
5.083089679210462536e-02
5.079918673004499979e-02
5.074149344468574518e-02
5.074157131700796769e-02
5.073696790236726512e-02
5.072557507159806273e-02
5.069758692359954688e-02
5.066028205266465134e-02
5.060681454370432458e-02
5.059961369736958037e-02
5.057848238348696540e-02
5.060315038335654741e-02
5.059251361544532533e-02
5.054733376654350213e-02
5.050729867669234707e-02
5.047864485680068208e-02
5.045554876545420286e-02
5.045879975901278874e-02
5.042476418732270982e-02
5.037972485394977273e-02
5.038819830647552067e-02
5.035742543245261271e-02
5.036096782995938548e-02
5.035108700186648190e-02
5.034073909284095955e-02
5.034251479100623761e-02
5.031763726263260156e-02
5.028998275579644323e-02
5.028175111303627431e-02
5.023902782769350955e-02
5.025532844274965827e-02
5.020152742712286065e-02
5.018438546379408449e-02
5.015389154140567629e-02
5.017462518974236119e-02
5.016084945663745742e-02
5.012566072021188562e-02
5.009183355729305426e-02
5.006371361100618589e-02
5.002055624566406622e-02
5.002404245479361716e-02
5.000841536765281148e-02
4.999566877093583606e-02
4.996273617359817121e-02
4.992053791364726989e-02
4.990935032594457504e-02
4.989497348738344829e-02
4.987889913764232547e-02
4.991057619793574235e-02
4.986801921729273890e-02
4.984914383006246175e-02
4.984808274061688915e-02
4.984076922553219713e-02
4.982003872514221415e-02
4.982267413946989132e-02
4.978230838620786858e-02
4.981539038681251363e-02
4.978606710759606729e-02
4.977372709349103114e-02
4.976982771819447871e-02
4.973795800063996603e-02
4.972547250200964192e-02
4.968821433204188842e-02
4.970023854284977977e-02
4.965518676574767754e-02
4.964892052073491963e-02
4.963388962992830444e-02
4.965377601208819519e-02
4.965320370710008674e-02
4.961945093174385812e-02
4.959105294306569156e-02
4.960622354483740920e-02
4.957227816524755609e-02
4.953449455333415463e-02
4.950422439033271005e-02
4.950049843991595477e-02
4.946105228788082869e-02
4.943995140502122770e-02
4.944620356681091178e-02
4.944343959737806243e-02
4.944850653483373604e-02
4.946093386466501179e-02
4.945045095694722975e-02
4.944098346623868739e-02
4.944055232661408172e-02
4.942088750038970552e-02
4.942825112842665070e-02
4.943604139330227271e-02
4.943693590584812003e-02
4.939935221427838724e-02
4.939424461915994241e-02
4.936341924777334217e-02
4.936844043699784718e-02
4.937005134759006597e-02
4.933177170419709295e-02
4.932504472018037212e-02
4.932673223723942069e-02
4.929571252297809680e-02
4.929629272685691344e-02
4.928692268200411675e-02
4.925793377220020336e-02
4.926827234743450662e-02
4.921435215343738373e-02
4.922746113229506393e-02
4.925952490938272088e-02
4.923527854368064949e-02
4.921786157119020094e-02
4.920442744156800635e-02
4.919280659391704613e-02
4.917463295255553729e-02
4.916131588355583670e-02
4.917367713526952372e-02
4.915035085251910629e-02
4.914797272843299258e-02
4.914579523257035787e-02
4.913510717638316233e-02
4.911693591089498490e-02
4.910154676169233012e-02
4.908705714262565079e-02
4.912469507715989253e-02
4.911524021788992583e-02
4.910956567757027158e-02
4.907002481421998685e-02
4.907335221471592623e-02
4.906287789066614280e-02
4.906627432730137350e-02
4.909733084836651745e-02
4.908357111869343647e-02
4.903889972182445822e-02
4.901535068413540724e-02
4.896933278287995267e-02
4.900630568823943767e-02
4.898324881345787057e-02
4.898591562524711590e-02
4.896583305558615401e-02
4.896436191114866832e-02
4.893577031143753892e-02
4.894790153167562913e-02
4.892485668439941482e-02
4.891246788836667997e-02
4.890983483687229294e-02
4.890712058801009038e-02
4.888872106946744872e-02
4.889779183509337934e-02
4.885830355464823582e-02
4.885825739954409441e-02
4.884222700528920158e-02
4.882020108843268535e-02
4.883362084716219575e-02
4.882419282120111642e-02
4.880088221959971023e-02
4.881155430457678052e-02
4.882351407194764070e-02
4.880249236274731423e-02
4.880744306405793154e-02
4.878023742066715102e-02
4.876933640500762807e-02
4.874453433770350314e-02
4.873994973868825409e-02
4.874772916728804112e-02
4.870266753975172752e-02
4.867261293052536908e-02
4.869140563443064701e-02
4.869944119612285016e-02
4.869208719231352817e-02
4.869003798403321454e-02
4.866536734611659476e-02
4.866478855258127983e-02
4.865500277494877457e-02
4.862948384617785808e-02
4.863768357834954287e-02
4.865072929643814159e-02
4.860534642895997237e-02
4.863947952360131444e-02
4.860449666681952025e-02
4.860151796992714934e-02
4.858666420355424453e-02
4.862089458877512371e-02
4.861280241311426858e-02
4.857662508995293227e-02
4.853645128053604707e-02
4.856270709394872043e-02
4.854508734392332103e-02
4.853438950565656940e-02
4.853711694009740785e-02
4.852931841175516653e-02
4.854414854490389508e-02
4.852264347992283483e-02
4.852164393788428731e-02
4.851837123101925692e-02
4.853909874972105187e-02
4.851273242397527441e-02
4.853351860372959181e-02
4.852949366063016162e-02
4.846474499235879640e-02
4.846822058417459694e-02
4.841001052444329072e-02
4.840414193224638201e-02
4.845480611364998136e-02
4.844016327428000979e-02
4.845383332389554404e-02
4.845269267869403707e-02
4.844427431943269108e-02
4.844222495490318331e-02
4.844748753478090447e-02
4.844491963798076839e-02
4.843554800836868263e-02
4.844411384476038362e-02
4.840890222144028643e-02
4.840770991787348571e-02
4.837358271564527051e-02
4.840479376881003798e-02
4.840982347709252981e-02
4.836120585222520446e-02
4.836428974204642905e-02
4.838089084816716429e-02
4.836075339076243568e-02
4.832078507877016899e-02
4.831639339257441657e-02
4.835886695216718573e-02
4.835422728064819181e-02
4.832990225653633481e-02
4.831965631942894412e-02
4.834437866775573994e-02
4.831619662003336368e-02
4.832559248212327241e-02
4.829075899122553528e-02
4.828980389048018185e-02
4.827614435356103462e-02
4.834445936144420031e-02
4.833304285831827030e-02
4.833555164452218306e-02
4.832958465185452357e-02
4.830761878591374042e-02
4.830427659500512866e-02
4.829155980285895766e-02
4.829086836063998384e-02
4.828462852828781932e-02
4.828469237104489331e-02
4.829292268659916842e-02
4.828671609429575212e-02
4.830444185816406416e-02
4.829136994649847747e-02
4.830992706145127713e-02
4.828006584793387984e-02
4.825861907498969761e-02
4.827108628545870306e-02
4.824047131881253891e-02
4.821067015625311175e-02
4.822359831957622606e-02
4.820545303472047877e-02
4.820957623191407526e-02
4.818576268658558009e-02
4.822469572515616226e-02
4.821858628730509022e-02
4.819382569454631893e-02
4.822270406794608444e-02
4.821500400693447957e-02
4.818502675992468454e-02
4.821164076750511507e-02
4.820126452884175572e-02
4.819505420960656233e-02
4.818139305413138979e-02
4.819157024344431633e-02
4.818018657448724928e-02
4.817760062131275223e-02
4.813099928442431813e-02
4.815376897283562413e-02
4.813556255378445559e-02
4.817172970497178575e-02
4.815370283486204717e-02
4.816661359007737980e-02
4.813351513278720656e-02
4.815381750473369388e-02
4.814814518284262629e-02
4.813003332847491655e-02
4.815145956002339633e-02
4.811458163975868702e-02
4.811523040286606878e-02
4.811984412593045546e-02
4.811011952348129977e-02
4.811918786582278229e-02
4.809534183860794676e-02
4.810431606461192805e-02
4.810793475605065067e-02
4.810078587910900094e-02
4.809675371401293809e-02
4.809699272112341606e-02
4.811825030007810949e-02
4.810202727387058452e-02
4.810059326645581279e-02
4.811994469432367277e-02
4.811391147694979442e-02
4.810927178277205757e-02
4.810238420742298654e-02
4.806905077363306245e-02
4.809526195756334832e-02
4.809465223337639622e-02
4.809390677246116325e-02
4.809686149126427696e-02
4.808964607998809926e-02
4.807737918505865238e-02
4.807691069661722966e-02
4.808234834665531254e-02
4.806057405454713938e-02
4.806468988800377540e-02
4.804117624531506481e-02
4.801100690735037729e-02
4.803350666497149118e-02
4.803060360528579181e-02
4.803960854810278291e-02
4.803725856940907479e-02
4.804429090131025204e-02
4.804278779391516624e-02
4.801771803039790038e-02
4.802008796952790537e-02
4.801737780102434405e-02
4.802049799166354521e-02
4.801447430162115310e-02
4.800581994160148941e-02
4.800541449967785784e-02
4.800275469036389964e-02
4.799567374267810216e-02
4.799623735521670043e-02
4.800467089889324385e-02
4.799342779546091065e-02
4.799137618205143174e-02
4.796978714969383356e-02
4.798090666514462366e-02
4.798712399300526787e-02
4.796387536063081297e-02
4.794757364889563889e-02
4.797026164059894210e-02
4.797785095021522145e-02
4.794656497737179862e-02
4.797088182618623742e-02
4.797330986797669616e-02
4.796474700119873064e-02
4.796996468512267076e-02
4.795313381968533545e-02
4.795774901540629520e-02
4.792981839417632256e-02
4.795570837052627600e-02
4.795672276263737016e-02
4.796092123201999707e-02
4.795900470155929629e-02
4.795102953935723167e-02
4.794776131109948492e-02
4.794375481765889707e-02
4.795814110120736468e-02
4.786631253883639331e-02
4.794477870303903017e-02
4.794880851043754888e-02
4.795133792883829460e-02
4.794849778260778378e-02
4.791486998793779983e-02
4.793211095171977937e-02
4.791276230109080270e-02
4.793256773796830683e-02
4.793497843065300246e-02
4.792726424075637731e-02
4.787444370762427431e-02
4.790220428629915483e-02
4.790045508040250560e-02
4.790353461723901446e-02
4.788747403710658795e-02
4.791767774143220610e-02
4.788228460424951566e-02
4.791527542903792347e-02
4.789439928606235852e-02
4.790509981372821635e-02
4.791409339001091727e-02
4.790909350353857177e-02
4.789663586856478944e-02
4.787859140976324923e-02
4.790837554443520135e-02
4.789601389491655176e-02
4.790026464693457331e-02
4.790744291414661404e-02
4.789656321428415603e-02
4.788332113186972994e-02
4.786825936506541174e-02
4.771676142537719517e-02
4.785835286347675521e-02
4.781597283470334636e-02
4.779017398763265451e-02
4.783232268528941206e-02
4.781106719874753802e-02
4.782091067706759763e-02
4.781315263012368699e-02
4.783819919480061800e-02
4.778680794564221096e-02
4.782050090518372848e-02
4.782249778259291262e-02
4.782844731571387481e-02
4.782323902815275446e-02
4.781469165442268909e-02
4.782130803446459771e-02
4.783266526941028912e-02
4.782731377624111629e-02
4.782868506444229451e-02
4.782516526497856274e-02
4.781584024717418224e-02
4.781021946933623062e-02
4.780280430463772212e-02
4.780626901582446520e-02
4.779896764338307374e-02
4.782137952235712003e-02
4.778991061799305051e-02
4.781339993824003376e-02
4.780939716377691218e-02
4.781227446026150435e-02
4.780282219089178330e-02
4.780871363144098551e-02
4.781512369603383578e-02
4.781362038687688581e-02
4.778414611809333329e-02
4.779589198268999195e-02
4.779902303222561405e-02
4.779510549786571832e-02
4.780179599643009231e-02
4.780891170677325358e-02
4.780844938432369379e-02
4.779975827907098629e-02
4.778327078172234926e-02
4.767471185508845299e-02
4.775769513491875257e-02
4.777679493469207117e-02
4.778088359881842162e-02
4.777622873020326982e-02
4.777110362557645401e-02
4.777004424849181502e-02
4.777754234108505527e-02
4.777896275117649028e-02
4.776665632737735201e-02
4.775943051874950718e-02
4.775397488126167933e-02
4.771472269672376310e-02
4.776225235883718723e-02
4.776280174717593280e-02
4.776763889272422903e-02
4.776125931645298917e-02
4.776004859298723509e-02
4.775012132399616971e-02
4.776331510444101203e-02
4.775238487266109111e-02
4.775075360637855149e-02
4.775222092008898911e-02
4.773216596655686234e-02
4.775728377490337517e-02
4.774934333992711388e-02
4.775702283135400267e-02
4.775932408763337855e-02
4.776258944267613993e-02
4.774968648796213549e-02
4.775289349534958538e-02
4.775643171964632366e-02
4.775354443419296130e-02
4.774769638247802067e-02
4.773874455602049316e-02
4.774008302105210710e-02
4.770741196394563677e-02
4.773450705363480040e-02
4.772393498732077632e-02
4.773397518300909886e-02
4.772728362115809947e-02
4.772826387181832580e-02
4.770972218773018164e-02
4.772706061744853845e-02
4.772151088273789837e-02
4.772572614986726053e-02
4.772410088791247118e-02
4.772779209337481288e-02
4.772591068914335682e-02
4.771922146600568460e-02
4.771763619102741688e-02
4.771475651845040467e-02
4.770938860317186503e-02
4.769460201649732001e-02
4.771367157928815828e-02
4.771472985049959176e-02
4.771428606296994335e-02
4.771486744785091022e-02
4.770191537053435765e-02
4.770233603947260370e-02
4.769998524626553604e-02
4.769980617254485772e-02
4.770686156097871111e-02
4.770262105379648870e-02
4.770004421328138955e-02
4.769900760728860295e-02
4.770190345912709434e-02
4.770221392045608660e-02
4.769912332535544697e-02
4.767778721317302709e-02
4.769590885391962465e-02
4.769738622759806673e-02
4.768498531949708075e-02
4.768252507931568934e-02
4.767992966369737767e-02
4.768526227700709691e-02
4.768270599923227215e-02
4.768506036817829474e-02
4.768944796205538961e-02
4.768918415618027956e-02
4.768993688802362907e-02
4.768857005006019167e-02
4.768688773629265604e-02
4.768368548596434858e-02
4.768369731559005120e-02
4.768135749296048553e-02
4.768286904158144934e-02
4.768456049551559467e-02
4.768336389618266224e-02
4.766406372030274757e-02
4.768019959398752533e-02
4.767991880207268079e-02
4.768074603616687807e-02
4.768016603235833428e-02
4.767270498882503899e-02
4.768052454329630568e-02
4.762998204773844640e-02
4.764813313600051864e-02
4.764535132319135807e-02
4.766703669248840286e-02
4.766587076151197061e-02
4.766931866767255138e-02
4.766685377955586639e-02
4.766606170796032493e-02
4.766298059125196468e-02
4.766330094217760549e-02
4.766089054947920262e-02
4.765953272729123169e-02
4.766072170696412230e-02
4.765939886530757424e-02
4.766090556870904854e-02
4.766169564627983218e-02
4.765872590117092855e-02
4.765974023513986496e-02
4.766010777151875877e-02
4.765749127374787480e-02
4.765476789740170915e-02
4.762824197878393062e-02
4.762856831282260422e-02
4.762300073361742242e-02
4.764155660270780884e-02
4.764255402320822369e-02
4.764295117828911547e-02
4.764368236907794152e-02
4.764228688192629485e-02
4.764327428884027743e-02
4.764059942239638745e-02
4.763965825526825237e-02
4.763503378420195361e-02
4.763920789405455547e-02
4.764002141352005615e-02
4.764034289384448673e-02
4.762342991995662661e-02
4.763692798675110002e-02
4.764008787846488180e-02
4.763983837499261714e-02
4.763821961696403789e-02
4.763836831162240187e-02
4.762622748427900593e-02
4.763476184850778949e-02
4.763491902859724736e-02
4.763543628952196518e-02
4.763408198107305785e-02
4.763069698174318689e-02
4.762108150339950524e-02
4.763241105035612155e-02
4.763080646007938901e-02
4.763189079343741611e-02
4.763157894138558140e-02
4.762929592287625663e-02
4.762152336418744997e-02
4.762854808587957400e-02
4.762810142110152078e-02
4.762193080619518681e-02
4.762422784603283915e-02
4.761924023906335957e-02
4.761975142981456771e-02
4.762022457043264823e-02
4.762307336468600549e-02
4.760029158867964960e-02
4.762146836180955467e-02
4.762145109215822764e-02
4.761550087283449723e-02
4.761601237927256397e-02
4.761801603471989969e-02
4.761875384432217445e-02
4.761532862583786607e-02
4.761771354442975723e-02
4.759108338487696988e-02
4.760978885830802199e-02
4.761293917133389841e-02
4.760509883726372210e-02
4.760926335911448704e-02
4.760949641106773655e-02
4.761285871750850496e-02
4.761364305859067114e-02
4.761288783061113500e-02
4.761141091373758544e-02
4.761101917857801097e-02
4.761426571331343199e-02
4.761383094258821863e-02
4.761374359089155101e-02
4.761036975019727890e-02
4.760893153726046545e-02
4.761294500097530691e-02
4.761065467627603742e-02
4.760868892744763575e-02
4.760562057432499161e-02
4.760748039034047585e-02
4.760603744350865030e-02
4.760735788898218246e-02
4.760494398399800486e-02
4.760828395358315812e-02
4.760674206480006859e-02
4.760515437903631991e-02
4.760608106259501399e-02
4.760277481345242395e-02
4.760258797318996093e-02
4.760331733652930358e-02
4.760153111058065822e-02
4.760329272560050867e-02
4.760453211932267475e-02
4.760452443108045828e-02
4.760434314052691684e-02
4.760379200890604151e-02
4.760246212032516466e-02
4.760257348446095965e-02
4.760090888680416910e-02
4.760134857290610616e-02
4.760216486864532470e-02
4.760285147257112270e-02
4.760259693698892791e-02
4.759877083714835616e-02
4.760038939607132147e-02
4.760129811987669213e-02
4.760199190260095553e-02
4.760103321488436817e-02
4.760122232166397876e-02
4.759988379211685383e-02
4.759901743364285814e-02
4.759751159510991481e-02
