1.279704987843145458e+00
1.227180915540536432e+00
1.175952884221676653e+00
1.131056252697088427e+00
1.085201583995536900e+00
1.040430560558759598e+00
9.984580808011747077e-01
9.603000932410828971e-01
9.229914561239653814e-01
8.889535937934940346e-01
8.547421445490471781e-01
8.242006600441513786e-01
7.956469769154878025e-01
7.672855039413836176e-01
7.412474857346095236e-01
7.172913562574785296e-01
6.945928133887256939e-01
6.731423300025456413e-01
6.517831648002173628e-01
6.325203238370670222e-01
6.134134329870191138e-01
5.959471408110111890e-01
5.791492505287431092e-01
5.638588196284537446e-01
5.501165689845738394e-01
5.370171839205754027e-01
5.249165894059093507e-01
5.132858409630601804e-01
5.022609014299789232e-01
4.918605106137983740e-01
4.814029819341720251e-01
4.723093028062125831e-01
4.628330571517184633e-01
4.549690855166971803e-01
4.473425295200939567e-01
4.399179861324566954e-01
4.326570040584796772e-01
4.263916693574024142e-01
4.204328103857403187e-01
4.144639473289131182e-01
4.090129350749483472e-01
4.038135548281289178e-01
3.988603838492257858e-01
3.940978193907620497e-01
3.895893284417802360e-01
3.852804905809251723e-01
3.808039586094345008e-01
3.772207526898255225e-01
3.733818361439606437e-01
3.695756089069605066e-01
3.662032587208547962e-01
3.628714897364337943e-01
3.599264896449340667e-01
3.572366990765508121e-01
3.545619191248861046e-01
3.521553026411222698e-01
3.492574198807221753e-01
3.464625006250575123e-01
3.439674241268147470e-01
3.412865816873358882e-01
3.387468547986096645e-01
3.361036160418326979e-01
3.337103861967848362e-01
3.316714987035356832e-01
3.296585920790523483e-01
3.273410991842448103e-01
3.253023789113587139e-01
3.233842361908300655e-01
3.210477547668738052e-01
3.190714928714907805e-01
3.169047922860434574e-01
3.146228896851498424e-01
3.128094238496451629e-01
3.108267505408782161e-01
3.086563042279680258e-01
3.066502209446146932e-01
3.044577393332957294e-01
3.023311975270803198e-01
3.002963710381547635e-01
2.979980579220209980e-01
2.960127541678579943e-01
2.938758336317991993e-01
2.916061712419035779e-01
2.892997856928332667e-01
2.867908674957469484e-01
2.841853862470522518e-01
2.819136052475250120e-01
2.792486155186589269e-01
2.767727007538470785e-01
2.743269423900617232e-01
2.717938180591302211e-01
2.691793294407632819e-01
2.663414284246401476e-01
2.635702090258917329e-01
2.608072650985083785e-01
2.582010776284313636e-01
2.551271133742607500e-01
2.522243644375070648e-01
2.493217748319034033e-01
2.465009407213060166e-01
2.436681312853003212e-01
2.407407807983821257e-01
2.375385068411322298e-01
2.345621401948776719e-01
2.314669726958969720e-01
2.285312926035826808e-01
2.255421654746966043e-01
2.223588079032245979e-01
2.195651713825600426e-01
2.163416378151368225e-01
2.134779128406131266e-01
2.103183355289690581e-01
2.070582252313468430e-01
2.039137030534342032e-01
2.007739566319460267e-01
1.976352170284683962e-01
1.945228715391406626e-01
1.914446032205945891e-01
1.883918466759665067e-01
1.852356435529946277e-01
1.821886371154165518e-01
1.790842226737220932e-01
1.759982553821660411e-01
1.729952883772237215e-01
1.699590272299012217e-01
1.666871687083393005e-01
1.639692270930844242e-01
1.609448804219144880e-01
1.581264837001679080e-01
1.553861335489760687e-01
1.527439676738148178e-01
1.499371481834320952e-01
1.474492419117207354e-01
1.448741489987095399e-01
1.422358932389606589e-01
1.399209355703157354e-01
1.375038539575150209e-01
1.352083193780226344e-01
1.329337224451356547e-01
1.306927328931289378e-01
1.286647227898324586e-01
1.265351506166679241e-01
1.245072724841880668e-01
1.224311689274013848e-01
1.203660240198968640e-01
1.183771477493217039e-01
1.165348008170158517e-01
1.146398559114543830e-01
1.128387973379818693e-01
1.111580408876686882e-01
1.094390081933211967e-01
1.077320704665399309e-01
1.061282633272402631e-01
1.045022187653622536e-01
1.028617470000125073e-01
1.013900008754663740e-01
9.992393605172389393e-02
9.860641683998301599e-02
9.717133176620826318e-02
9.586917249007383124e-02
9.461183235728701235e-02
9.331728349281433188e-02
9.196465984552093520e-02
9.072392541618248818e-02
8.958485281805064759e-02
8.851549425229704449e-02
8.749349058988706296e-02
8.644819924561543412e-02
8.532370156791110882e-02
8.424157335378523737e-02
8.327092359190473025e-02
8.234913134334144458e-02
8.142883120615387882e-02
8.066261846451824868e-02
7.979245138721587083e-02
7.891992547515258583e-02
7.802878377440841673e-02
7.731152791327067231e-02
7.653110816852180809e-02
7.574673957833252813e-02
7.510705189893751577e-02
7.452782343023435507e-02
7.391537721224113178e-02
7.324740711671579030e-02
7.252834194842895654e-02
7.188585310367015535e-02
7.136252067522066977e-02
7.075861388131546303e-02
7.029437544976079033e-02
6.979431421982651429e-02
6.929019802750527313e-02
6.875841642286301125e-02
6.812845992129414052e-02
6.772127227105484426e-02
6.727839117565646843e-02
6.683263634733692393e-02
6.646671675389363709e-02
6.604089923897761560e-02
6.561527874057609955e-02
6.518718617538141191e-02
6.475698804828759758e-02
6.434528932571390025e-02
6.399239240517165528e-02
6.367786724276960908e-02
6.337625722630747804e-02
6.301588418948035619e-02
6.274424765879291210e-02
6.251151915395525283e-02
6.222076503076070381e-02
6.193627040307120302e-02
6.167749904158324054e-02
6.141392924596607295e-02
6.115769850616273318e-02
6.093487690075467117e-02
6.075017944343837073e-02
6.049368992313480103e-02
6.026653477488378569e-02
6.008134433751357445e-02
5.986226899041236643e-02
5.967539168975329739e-02
5.948517172993716268e-02
5.926143973030063850e-02
5.905691079072523247e-02
5.884407051373843900e-02
5.867738278632420035e-02
5.854177390956381843e-02
5.837842241878248711e-02
5.823070503292389344e-02
5.805187865092965166e-02
5.792135990959265679e-02
5.782151170234995502e-02
5.769037141651661704e-02
5.758495903162737239e-02
5.747549176184535424e-02
5.734823468736149205e-02
5.720612534481826078e-02
5.702966926813459597e-02
5.686079680638277817e-02
5.670936144535558554e-02
5.661010482501927649e-02
5.649587687793602292e-02
5.641692635769879338e-02
5.629776102425870093e-02
5.614050099860622145e-02
5.605551375716975870e-02
5.595583288571027991e-02
5.583395655774367472e-02
5.575480655342857778e-02
5.565693515258799545e-02
5.554522863115123055e-02
5.543613529556147557e-02
5.534825000393864963e-02
5.526539692104606716e-02
5.518695674454014016e-02
5.511602208951205117e-02
5.503391716693019353e-02
5.495422739197177581e-02
5.487365105691556499e-02
5.477777926503025335e-02
5.467766869798700718e-02
5.459494569117223639e-02
5.452071147733620476e-02
5.445089296671402901e-02
5.438215377153942515e-02
5.431348141198808627e-02
5.423331437247569387e-02
5.416133369608894244e-02
5.408059020123203581e-02
5.403129126901861506e-02
5.396592111088842347e-02
5.388133448063620740e-02
5.382477433131124117e-02
5.374769109318351668e-02
5.364460104911603078e-02
5.358912849291306429e-02
5.349853434942980490e-02
5.348131586190988523e-02
5.343477335593805472e-02
5.337460596236231342e-02
5.331099544841502724e-02
5.326604651490383924e-02
5.319116603262330489e-02
5.314436775983295141e-02
5.309366092404993465e-02
5.303659443256939637e-02
5.299957733397735182e-02
5.295123000220280235e-02
5.288621258317408730e-02
5.282116120150621291e-02
5.276581936042241266e-02
5.271645115792959746e-02
5.266341175983069167e-02
5.262606836765929691e-02
5.258117324137964038e-02
5.252843378616627729e-02
5.247822538696946676e-02
5.245277207615713783e-02
5.239066715339372321e-02
5.234013814445925145e-02
5.227682314428256510e-02
5.222691285996246963e-02
5.216465234926596223e-02
5.212595994361490792e-02
5.207220707993073794e-02
5.203880501035570288e-02
5.201106296792099709e-02
5.197556389858454945e-02
5.193993603074560650e-02
5.191253888620150220e-02
5.189003491308362415e-02
5.185324923774455724e-02
5.181981101357989450e-02
5.177518263686719385e-02
5.176220243600297699e-02
5.172621809242282376e-02
5.167674515024497234e-02
5.164027163474099735e-02
5.161115982953937142e-02
5.159209377132759067e-02
5.154384938554095602e-02
5.151371395924388835e-02
5.150580030726074204e-02
5.149284388702068949e-02
5.146130847489671645e-02
5.141912207955524200e-02
5.138350541898777102e-02
5.135072711644678156e-02
5.132463534412112088e-02
5.130618506576844345e-02
5.126999862743970154e-02
5.124330154980533819e-02
5.121737597107265533e-02
5.117783988930068445e-02
5.112810551711078483e-02
5.107886663502622659e-02
5.105951920917087272e-02
5.102237637835882467e-02
5.101022957791023771e-02
5.097102776991799256e-02
5.095298103341826257e-02
5.093756005808854764e-02
5.089440950382351919e-02
5.087207472168581157e-02
5.085290133711285049e-02
5.082937498238446206e-02
5.077850120188843325e-02
5.075168622327586032e-02
5.071935528871417825e-02
5.070424611119079411e-02
5.066280519996328030e-02
5.064353295852539599e-02
5.061864607212302608e-02
5.059866058026448593e-02
5.057618075519947770e-02
5.054084315787084336e-02
5.051106341293399443e-02
5.047789178228274942e-02
5.046634192530079221e-02
5.044715250578749727e-02
5.043483215119178714e-02
5.040286562465108589e-02
5.038335119947599805e-02
5.036921266465418934e-02
5.033310430885292591e-02
5.031138215819561804e-02
5.027679355415928808e-02
5.026020237515622241e-02
5.024341688321443816e-02
5.022133512421304152e-02
5.020555002860528637e-02
5.018995530687710149e-02
5.016653518377337667e-02
5.014296806302440818e-02
5.012233024681266719e-02
5.011523493814506319e-02
5.009514404458206144e-02
5.008317877799331463e-02
5.007059300976289540e-02
5.005782743585739797e-02
5.003472230921832825e-02
5.000880135768254187e-02
4.999748289385308464e-02
4.996989476559225707e-02
4.995655829344929771e-02
4.992358588159110516e-02
4.990980131247970547e-02
4.989823505970018835e-02
4.988821009764120989e-02
4.986360364985692462e-02
4.984192553900755607e-02
4.982356377146539284e-02
4.981157911496333218e-02
4.980970070170577524e-02
4.978628750805915576e-02
4.977035387741675365e-02
4.976099323406169700e-02
4.974019904152843924e-02
4.971993032656266132e-02
4.970441565297700065e-02
4.968214216061474925e-02
4.966232196887199885e-02
4.966644722711101301e-02
4.964901542272047441e-02
4.963112854175743410e-02
4.961836737647965651e-02
4.960205652871049059e-02
4.958385860607988915e-02
4.957181486433458184e-02
4.954158748608212398e-02
4.953036896360992619e-02
4.950884945101100693e-02
4.950071568760758961e-02
4.949312881497539701e-02
4.948335989272630714e-02
4.946473808649449327e-02
4.945437179529500737e-02
4.944927230617519875e-02
4.943402059496926348e-02
4.942850093465570027e-02
4.941819517740018292e-02
4.941556857091237986e-02
4.940786707388136745e-02
4.939455824867576561e-02
4.939156533039604224e-02
4.937870163579385213e-02
4.936386667234814868e-02
4.935319538953755747e-02
4.934381376471013575e-02
4.933196213479532077e-02
4.932151660792293002e-02
4.930889900790930147e-02
4.929095108629097388e-02
4.928619319128135084e-02
4.927477326694437720e-02
4.925991715763522460e-02
4.925331643384545793e-02
4.924458189340443631e-02
4.923700091469010443e-02
4.923559139914405330e-02
4.923167184220463705e-02
4.922053716554542629e-02
4.921710659922862163e-02
4.920484364545507638e-02
4.918336288065797840e-02
4.917073493170701082e-02
4.915785875277498690e-02
4.915091928321035919e-02
4.914001153569960006e-02
4.913599925832089904e-02
4.912891707699486993e-02
4.911863238614794236e-02
4.912178576689884418e-02
4.910566617669369360e-02
4.910171124122665598e-02
4.909156155129169169e-02
4.908645895970301098e-02
4.907716993707905706e-02
4.907258282938512656e-02
4.905733294373095660e-02
4.904814310398190186e-02
4.904335762619856792e-02
4.903715673467989866e-02
4.903417047590931388e-02
4.902032717020379099e-02
4.901077791764011510e-02
4.900122783760740147e-02
4.899643226518091144e-02
4.899558815915835974e-02
4.899116607855221600e-02
4.898882842742696697e-02
4.897885067029195821e-02
4.896988874147147758e-02
4.896979168240872538e-02
4.896064392106672797e-02
4.894964919331953185e-02
4.894838507936971617e-02
4.894471615148165283e-02
4.894181436995941048e-02
4.893079708927956795e-02
4.892785941753024365e-02
4.892144219244534686e-02
4.891454875252109619e-02
4.890960676518071870e-02
4.890066138947366664e-02
4.888946053182094409e-02
4.888064430910180058e-02
4.887072812666212740e-02
4.887177144491827718e-02
4.886516014297835608e-02
4.885399726015129951e-02
4.884714465945502043e-02
4.883683937885851395e-02
4.882505403468289512e-02
4.881338350790360991e-02
4.880297982920149547e-02
4.879939827970627281e-02
4.879424868052077008e-02
4.878744562894467285e-02
4.878331266008097827e-02
4.877583941939269557e-02
4.876732397246555384e-02
4.875834506449645833e-02
4.875165131998299151e-02
4.873734982508057950e-02
4.872884807178843453e-02
4.871856575489290353e-02
4.871474098614556741e-02
4.871173938480643367e-02
4.869794317276308210e-02
4.869543782623510231e-02
4.868481872860555559e-02
4.867399001971848410e-02
4.866461708552264481e-02
4.865287533979911760e-02
4.863694736754189951e-02
4.862875211056824631e-02
4.862708619738351917e-02
4.862482319563417310e-02
4.861581644915968087e-02
4.861431066434526022e-02
4.860338501254733018e-02
4.859668708348772320e-02
4.858882332087380296e-02
4.858321055111750053e-02
4.857995178866340164e-02
4.856515629251654392e-02
4.855916761720186631e-02
4.855450382908707563e-02
4.854459982655624090e-02
4.853894850935526473e-02
4.853810280547774664e-02
4.853080171153132533e-02
4.852144109362957480e-02
4.851300705498831634e-02
4.850609346229910884e-02
4.850256607984409357e-02
4.849237374228264341e-02
4.848254913493136448e-02
4.847956576661718170e-02
4.847456691396575396e-02
4.847023883985569076e-02
4.846088469663115128e-02
4.845552912974951387e-02
4.845525878293251154e-02
4.844933784474262511e-02
4.843882377443248233e-02
4.843683578133392564e-02
4.843040779821418396e-02
4.842481999834817585e-02
4.842224433070443923e-02
4.841446746667305706e-02
4.840849406800109417e-02
4.840063756162674841e-02
4.839540605241836324e-02
4.839480684910114905e-02
4.838552962586991496e-02
4.838097983494726861e-02
4.837877987036858646e-02
4.837888287598000187e-02
4.837726358575001467e-02
4.837479542686395212e-02
4.837670183470346719e-02
4.836526202680194869e-02
4.836008780109993938e-02
4.835685213960344564e-02
4.834906375262355144e-02
4.834131151950304267e-02
4.833343450811423969e-02
4.832819151282807812e-02
4.832031289584663714e-02
4.830988554007308033e-02
4.830661674209767165e-02
4.830304510193347139e-02
4.830123845846696906e-02
4.829366463675460741e-02
4.829411274770469692e-02
4.828838322914329184e-02
4.828178190559801602e-02
4.827740530789037532e-02
4.827518076802293084e-02
4.826782852729259721e-02
4.825973735559320466e-02
4.825682433101677327e-02
4.825588070571105309e-02
4.825518489498057534e-02
4.825112976774692530e-02
4.824516194756166276e-02
4.824320453289851485e-02
4.823928108400635240e-02
4.823914749405873448e-02
4.823542788561162309e-02
4.823376488471785989e-02
4.822914081836917471e-02
4.822486714578625572e-02
4.822727466472255531e-02
4.822649248268679606e-02
4.822092771711240788e-02
4.821747407221033815e-02
4.821675816894527983e-02
4.821410469437597407e-02
4.820921791156795172e-02
4.820385423996916691e-02
4.820348217298245364e-02
4.819827403433815660e-02
4.819076693996773159e-02
4.818817530332939608e-02
4.818321585479155150e-02
4.817725183890118890e-02
4.817241492507814971e-02
4.817074019766447168e-02
4.816688515108909913e-02
4.816590461328969230e-02
4.816454758251122181e-02
4.816218173826945781e-02
4.816096595675932457e-02
4.815404194400557669e-02
4.815185618479767005e-02
4.814521911341047150e-02
4.813857699582152483e-02
4.813506849088610567e-02
4.812769812297168492e-02
4.812381334538372302e-02
4.812046612069669632e-02
4.811869047858827186e-02
4.811393330205481628e-02
4.811740554879940374e-02
4.811802290585377034e-02
4.811277607496838860e-02
4.811005508705240574e-02
4.810430889370821000e-02
4.809706006222804614e-02
4.809233296546593095e-02
4.808843100993451247e-02
4.808564902816894054e-02
4.808185540782673739e-02
4.808188003699798152e-02
4.807773840224137396e-02
4.807537133490303455e-02
4.807740667631425074e-02
4.807450520314580922e-02
4.807284632235900995e-02
4.806971361261493103e-02
4.806798632612172689e-02
4.806766521245429968e-02
4.806400060308266969e-02
4.806503556148908340e-02
4.806279820920388024e-02
4.806007095822030506e-02
4.805998724132769240e-02
4.805475192101372334e-02
4.804908324808214448e-02
4.804617964740529740e-02
4.804480469108218105e-02
4.804231829147335292e-02
4.803978989869245320e-02
4.803943144686809857e-02
4.803718114336037043e-02
4.803529147493362100e-02
4.803209290345199917e-02
4.803112238119436328e-02
4.802571849484069816e-02
4.802184344141652989e-02
4.801749110501462442e-02
4.801737370107868330e-02
4.801239946043947548e-02
4.800885861843624119e-02
4.800851860402686327e-02
4.800807325821405958e-02
4.800382982438278906e-02
4.800113332857849913e-02
4.799773770611833607e-02
4.799562149359978130e-02
4.799189161305147250e-02
4.798813212959305435e-02
4.798709948460273822e-02
4.798796921507494928e-02
4.798575588891841603e-02
4.798496023448095560e-02
4.798658642236676430e-02
4.798145966774942928e-02
4.797829473307384240e-02
4.797862071869811451e-02
4.797367254116448321e-02
4.797148749075087065e-02
4.796537999379943407e-02
4.796017448035378578e-02
4.795592737019908208e-02
4.795201309766730646e-02
4.795105292194930952e-02
4.794980371988662865e-02
4.794876864513038239e-02
4.794704336826244306e-02
4.794601995623559709e-02
4.794270338154764388e-02
4.794172615376147278e-02
4.793517094524804567e-02
4.793261818653964806e-02
4.792773435924238545e-02
4.792438905444769415e-02
4.792290969819253815e-02
4.791789730319164636e-02
4.791605284440550450e-02
4.791843835624724074e-02
4.791525008733452801e-02
4.791185824880756644e-02
4.791001223542790122e-02
4.790673753995314255e-02
4.790696858463620866e-02
4.790517317537688891e-02
4.790255263112237066e-02
4.790221175676689924e-02
4.789988267278603995e-02
4.789536254652337205e-02
4.789250135891100907e-02
4.789143802296313285e-02
4.788754227505169492e-02
4.788531757317245757e-02
4.788594083529931766e-02
4.788491360810847447e-02
4.788226075480241095e-02
4.787958796734084754e-02
4.787938293843295445e-02
4.787714201652484847e-02
4.787513589848325229e-02
4.787265822372695212e-02
4.787102942669932415e-02
4.787093806584516442e-02
4.786778336025119401e-02
4.786982410323394749e-02
4.786873287686306544e-02
4.786678399542448892e-02
4.786653973761417769e-02
4.786731947655275404e-02
4.786420851268553822e-02
4.785961304427469032e-02
4.786028747607547901e-02
4.785508228364328959e-02
4.785261932389775485e-02
4.784601323081671964e-02
4.784195661724302551e-02
4.783773981481496268e-02
4.783335545539355721e-02
4.783069603019728805e-02
4.782797862361379965e-02
4.782698484414468765e-02
4.782314820643284586e-02
4.781911593151911416e-02
4.781598458057736978e-02
4.781353642478940874e-02
4.781362100758258793e-02
4.781053217446211423e-02
4.780873364489928584e-02
4.780634769425370911e-02
4.780546585585241509e-02
4.780304615879128749e-02
4.780334729397633931e-02
4.780099437423173531e-02
4.779812306913748532e-02
4.779508941633287683e-02
4.779381371295469277e-02
4.779279873236413206e-02
4.779113219183948880e-02
4.778887159910005095e-02
4.778855107922048290e-02
4.778739587508790132e-02
4.778859527759451997e-02
4.778561484581012736e-02
4.778629605873193492e-02
4.778535031985948339e-02
4.778204402219517893e-02
4.778092385625840738e-02
4.777985678622306137e-02
4.777820665267307199e-02
4.777736321389548096e-02
4.777683923080359302e-02
4.777619199739484984e-02
4.777425373142027420e-02
4.777301121945817103e-02
4.777173155419191242e-02
4.776500996500793184e-02
4.776260740885306111e-02
4.776179213016292641e-02
4.775873791785756328e-02
4.775868463270380171e-02
4.775985583932950557e-02
4.776166380473181872e-02
4.775934228979430290e-02
4.775651018342438880e-02
4.775530583049195782e-02
4.775244044978435576e-02
4.774861478483870270e-02
4.774628897690422202e-02
4.774609677800224772e-02
4.774679006060465053e-02
4.774727456379861124e-02
4.774663523814471483e-02
4.774630518484565544e-02
4.774627838117099371e-02
4.774646203632501584e-02
4.774451760862655908e-02
4.774447527601412972e-02
4.774371806903648235e-02
4.774045957379902116e-02
4.773979770322654692e-02
4.773657265802389027e-02
4.773830589847861960e-02
4.773753879718251741e-02
4.773531566602169651e-02
4.773446982614371753e-02
4.773299541468607049e-02
4.773249603116839351e-02
4.772991235060429493e-02
4.772878237668261303e-02
4.772758358592669309e-02
4.772662385298592075e-02
4.772482239272964749e-02
4.772388166919221131e-02
4.772378620678743855e-02
4.772408508195819660e-02
4.772381751128350336e-02
4.772209708506210124e-02
4.772138371517274658e-02
4.771922754862224086e-02
4.771786211939772759e-02
4.771514177402379209e-02
4.771542147525212330e-02
4.771496499915478529e-02
4.771453873886965374e-02
4.771356694736635790e-02
4.771043196829342914e-02
4.770719362040036493e-02
4.770663567131983723e-02
4.770441730671270281e-02
4.770334133688068634e-02
4.770438302369180150e-02
4.770513799914959108e-02
4.770309975899690580e-02
4.770092673146949375e-02
4.770050288790737836e-02
4.769914858276406294e-02
4.769989327858138728e-02
4.769824184639136211e-02
4.769683029764854726e-02
4.769510135155050762e-02
4.769484817872435278e-02
4.769389225449990888e-02
4.769351867115090987e-02
4.769278152888073441e-02
4.769023122871653836e-02
4.768962468401913291e-02
4.768836704713810826e-02
4.768674687927706296e-02
4.768413189169923988e-02
4.768210510962500592e-02
4.768275392076518765e-02
4.768189278060371017e-02
4.768136371193231610e-02
4.768129574972870821e-02
4.768139185848666722e-02
4.767945237502314165e-02
4.767850339047964570e-02
4.767752256027123214e-02
4.767688101445240190e-02
4.767708470713322155e-02
4.767598664355983396e-02
4.767554440241902891e-02
4.767390990859426275e-02
4.767284651850841465e-02
4.767159651914392587e-02
4.767131410619797338e-02
4.767016368692623268e-02
4.766960210970592332e-02
4.766884908580669433e-02
4.766786102828482474e-02
4.766747314527310792e-02
4.766437531696643415e-02
4.766151336173656688e-02
4.765948177636963878e-02
4.765714917088732100e-02
4.765931322705758283e-02
4.765897413710629832e-02
4.765820794231941798e-02
4.765808607733096336e-02
4.765595840073897499e-02
4.765531674175935845e-02
4.765536758733784906e-02
4.765516145731234915e-02
4.765327185573389746e-02
4.765259168840065007e-02
4.765286834708776925e-02
4.765188639394376396e-02
4.765078018909026797e-02
4.764929735944973405e-02
4.764913101592743727e-02
4.764870442150640623e-02
4.764860050824039350e-02
4.764594040831718336e-02
4.764456296401540364e-02
4.764220082444423771e-02
4.764139145347508209e-02
4.764084970152661358e-02
4.763994274381170430e-02
4.763908594800380508e-02
4.763747801895763800e-02
4.763594308920507392e-02
4.763487240740804651e-02
4.763465077740373227e-02
4.763305234982632974e-02
4.763192772153976295e-02
4.763124343601687211e-02
4.763093172568797634e-02
4.763127359897267876e-02
4.762967329640328124e-02
4.762939574018720812e-02
4.762936315329840270e-02
4.762907111896820533e-02
4.762807075774797699e-02
4.762676776955022256e-02
4.762760002186568892e-02
4.762746356001529985e-02
4.762592891659483268e-02
4.762626311833992321e-02
4.762511076954221295e-02
4.762458582814979580e-02
4.762405191851461911e-02
4.762483500699907224e-02
4.762454001792577191e-02
4.762392172710562532e-02
4.762364975487243940e-02
4.762315556327762628e-02
4.762286888658289613e-02
4.762240421830403470e-02
4.762138330432950928e-02
4.762165584949601405e-02
4.761972567518866356e-02
4.761851411300308673e-02
4.761772990986300885e-02
4.761722810723317822e-02
4.761575010550121723e-02
4.761581701150010421e-02
4.761462155701092630e-02
4.761423686149376944e-02
4.761434923874142966e-02
4.761321968381452413e-02
4.761298274616811155e-02
4.761246785803036757e-02
4.761136492831886252e-02
4.760980153359156003e-02
4.760925648921893183e-02
4.760895281109753935e-02
4.760869362552184320e-02
4.760721917809149217e-02
4.760652421234802534e-02
4.760634353335392588e-02
4.760606377375575099e-02
4.760622892229997988e-02
4.760556255915657925e-02
4.760555314555532658e-02
4.760606949221595635e-02
4.760575201011475049e-02
4.760551295075649003e-02
4.760530387956526249e-02
4.760470197490411504e-02
4.760558157635617210e-02
4.760503041369693045e-02
4.760447621963601744e-02
4.760318837728664404e-02
4.760273409241064235e-02
4.760177883490270684e-02
4.760170299188824783e-02
4.760156102768497988e-02
4.760130489240881058e-02
4.760020155337656156e-02
4.760023165826814812e-02
4.759939524767892866e-02
4.759883774150869967e-02
4.759861392796276708e-02
4.759804577493231131e-02
4.759801654233240809e-02
4.759748191217609559e-02
4.759727404005571760e-02
4.759631226207921423e-02
4.759624430969024850e-02
4.759700117001479380e-02
4.759663621790981292e-02
4.759580802872764860e-02
4.759528250544298178e-02
4.759504605078967304e-02
4.759520075420996255e-02
4.759408043902870616e-02
4.759375544074014031e-02
4.759431371680686307e-02
4.759383251978565460e-02
4.759409813565720210e-02
4.759314201528409838e-02
4.759231881775100731e-02
4.759229225406391706e-02
4.759286196750878856e-02
4.759244672546100036e-02
4.759222658072166656e-02
