1.322041782347537886e+00
1.309790367211456807e+00
1.297328855420085914e+00
1.284797762716591851e+00
1.272107712427401616e+00
1.260104885356809534e+00
1.247872752930892393e+00
1.235874244413543765e+00
1.224314781149349773e+00
1.212795983569075808e+00
1.201035889814519475e+00
1.189377961566610020e+00
1.177831302684763548e+00
1.166947849431203110e+00
1.156133402974116153e+00
1.145459502704564869e+00
1.134560734413656347e+00
1.123735805047400005e+00
1.113501950961110154e+00
1.103129619466952871e+00
1.092804064423531951e+00
1.082604201453061687e+00
1.072707374186389950e+00
1.063109450262165412e+00
1.053446766950792979e+00
1.043973568403282259e+00
1.034705039049423014e+00
1.025284336467799706e+00
1.015853265782357573e+00
1.006802803060061313e+00
9.979223102459389150e-01
9.892795801082995277e-01
9.805446996765680989e-01
9.719053259338559236e-01
9.635472501356171504e-01
9.553113067344928266e-01
9.470423837269298373e-01
9.389733737369664324e-01
9.308264064716077479e-01
9.231056359968293767e-01
9.152988928307240757e-01
9.076122430752955328e-01
9.001583805965930329e-01
8.925288429570092941e-01
8.851771485693680219e-01
8.777100051327015873e-01
8.704289053938857323e-01
8.631454980633800345e-01
8.557943058021603155e-01
8.487732781655878966e-01
8.418979169984011079e-01
8.349687576617575990e-01
8.286362484488239977e-01
8.220211102122167990e-01
8.155793712630112768e-01
8.093533113048119176e-01
8.028242718376402687e-01
7.966468538812558897e-01
7.906578457645384583e-01
7.846223200852795454e-01
7.787690543405753063e-01
7.728412858969477828e-01
7.670723293722707670e-01
7.613856839925492448e-01
7.555119615119252341e-01
7.501535243134791475e-01
7.446038439362880901e-01
7.393188558886071293e-01
7.341159428788150976e-01
7.289486223834357181e-01
7.238248554819459724e-01
7.188095692092755229e-01
7.139515075991377246e-01
7.089797469704579580e-01
7.040499337862112794e-01
6.991938724652242421e-01
6.944517237870101445e-01
6.897992472049205848e-01
6.853627517971062622e-01
6.807358031210233307e-01
6.763041322935310351e-01
6.720137217259718465e-01
6.676662984602220741e-01
6.634776170936055317e-01
6.593467722658183927e-01
6.551352132580923193e-01
6.509268880734804252e-01
6.469913745836618491e-01
6.431428826806072641e-01
6.393667488316394643e-01
6.355937725730582688e-01
6.318390492111644052e-01
6.283178803277296165e-01
6.247556787558022906e-01
6.212386036523372956e-01
6.177052687042056123e-01
6.142069258594173853e-01
6.107440434611739466e-01
6.073275683320410456e-01
6.039626430434528181e-01
6.006489047316517782e-01
5.972882652286112259e-01
5.940770393641869873e-01
5.909678851159682056e-01
5.881182274287283240e-01
5.850821066657746483e-01
5.822487853189816098e-01
5.794730642309904312e-01
5.768013366789803698e-01
5.741655950138074838e-01
5.714080522692768227e-01
5.687709181820485016e-01
5.663471385039360317e-01
5.638619046221682307e-01
5.614699560241191989e-01
5.590698999138651315e-01
5.566707100711278944e-01
5.544860232337870398e-01
5.521188770910095966e-01
5.497693277711426241e-01
5.473642429731794268e-01
5.452119970041947594e-01
5.430944993578780133e-01
5.409194288918417470e-01
5.388662439388168801e-01
5.367510268554653852e-01
5.344560017561902354e-01
5.322813087678172073e-01
5.302020717295858887e-01
5.281800543826883354e-01
5.262355604280004595e-01
5.242334112976603233e-01
5.222300398386039433e-01
5.203787692066310644e-01
5.186648073725885766e-01
5.168380056423043101e-01
5.150820625018868171e-01
5.135558968985642903e-01
5.120108021132410148e-01
5.104674123882582126e-01
5.089272455125265493e-01
5.074017232618536211e-01
5.060559128048109923e-01
5.047449570948391306e-01
5.034614489293490758e-01
5.019951862728294634e-01
5.007066638244843659e-01
4.994261156731008566e-01
4.981958828595283162e-01
4.968548041338001209e-01
4.955959100869440359e-01
4.943603814827973175e-01
4.930239135676627305e-01
4.917833244845846163e-01
4.906207045895032981e-01
4.895797962220814759e-01
4.884466613156128179e-01
4.872424037204183822e-01
4.862445143872460851e-01
4.851445972449637267e-01
4.841640213568546569e-01
4.832640336780270607e-01
4.823386497019269692e-01
4.813727736825883508e-01
4.803802861683976744e-01
4.795226364730962865e-01
4.786817333491750759e-01
4.778528049407916312e-01
4.770998300920827884e-01
4.764015783819935401e-01
4.755114953265621724e-01
4.746743810571069089e-01
4.738587878089874916e-01
4.730809628834550251e-01
4.722854861973266316e-01
4.715604506240524407e-01
4.707832082944616303e-01
4.700629931832286390e-01
4.692673654176046649e-01
4.685775164412772087e-01
4.679010546369996582e-01
4.672452069830216881e-01
4.665897188722771816e-01
4.659272081312904601e-01
4.653209614692754292e-01
4.647193444602051304e-01
4.642386865124634165e-01
4.636621748152651157e-01
4.630870829811730149e-01
4.624741716742679087e-01
4.619793457887639287e-01
4.613703516148123795e-01
4.608062953940159079e-01
4.603326669600941168e-01
4.598399801465152259e-01
4.593250000729370841e-01
4.588317768823170772e-01
4.583570698069124871e-01
4.579579420211166707e-01
4.575913211333561548e-01
4.572046220973979835e-01
4.568153359144143666e-01
4.563878933561483775e-01
4.560679429933647278e-01
4.557697762212472026e-01
4.554115326219087545e-01
4.550122459918475859e-01
4.547000960569000383e-01
4.544000426019579875e-01
4.540169350543270532e-01
4.537240774354329709e-01
4.534120543190727215e-01
4.530624621052102285e-01
4.528142211301768860e-01
4.525779679093018815e-01
4.522195396946400159e-01
4.519619078517558841e-01
4.517949956098386566e-01
4.515550300910923243e-01
4.514098602618836775e-01
4.512306218040397776e-01
4.510025732434425616e-01
4.507207201202833025e-01
4.504193776438017993e-01
4.502070248553705634e-01
4.500174867670275747e-01
4.497405435275445562e-01
4.494642982405588350e-01
4.492977568637334107e-01
4.490542634095128216e-01
4.488491614880742442e-01
4.486377027524952599e-01
4.484913285023170992e-01
4.482104294629337127e-01
4.479169159207259110e-01
4.477529041621047257e-01
4.475138446954875504e-01
4.473346368986656496e-01
4.471286557280855223e-01
4.469613750602177138e-01
4.467948876246151668e-01
4.465662741881793463e-01
4.463674619123061404e-01
4.461949493248473786e-01
4.459622358250093233e-01
4.457478921784079895e-01
4.456057009558641591e-01
4.454231610932348207e-01
4.451968638654177912e-01
4.449477353801566948e-01
4.447156946603478267e-01
4.444957994552782288e-01
4.443148370120765245e-01
4.440414229327060425e-01
4.438095683525195567e-01
4.436131524693048833e-01
4.434287953182055597e-01
4.432345709935176514e-01
4.429888463630686779e-01
4.426933124550420096e-01
4.424991168415941534e-01
4.423510990900675899e-01
4.421568940455861685e-01
4.419903641685732354e-01
4.418275770626775012e-01
4.415927128379631417e-01
4.413394918961588975e-01
4.411367273432763025e-01
4.409192401072123957e-01
4.407033822833836822e-01
4.404787993854075712e-01
4.402899222662885470e-01
4.400811589921764799e-01
4.399400218999419132e-01
4.397206505249630082e-01
4.395562972929672463e-01
4.393428478206626298e-01
4.392159729138402358e-01
4.390229842399154259e-01
4.388154325544557643e-01
4.386506870474889963e-01
4.385163209171294429e-01
4.383500934224983103e-01
4.381125599082264510e-01
4.379654742418780944e-01
4.377765718416700147e-01
4.375721300607020581e-01
4.374398742843149113e-01
4.373063864564205039e-01
4.371595686176975581e-01
4.369392642834465934e-01
4.367601493137605040e-01
4.365822748940269560e-01
4.363571087769982926e-01
4.361507038441397310e-01
4.359801571494841266e-01
4.358079721548865360e-01
4.356760960174074215e-01
4.355683676139991967e-01
4.353399476801337875e-01
4.351842280303206967e-01
4.349484619349354153e-01
4.347219309534595677e-01
4.345674258196833839e-01
4.343307431788238082e-01
4.341938609966931595e-01
4.340141318420004390e-01
4.338374134266967386e-01
4.335843346575252166e-01
4.333611217641026858e-01
4.331435118920939908e-01
4.330143843968315975e-01
4.327742630188133321e-01
4.325595887724273947e-01
4.323714746937705744e-01
4.321827186863975712e-01
4.320329290032253744e-01
4.318560014789640245e-01
4.316464931096092306e-01
4.314910360852520221e-01
4.313375731217497511e-01
4.311307229619626979e-01
4.309650704096511520e-01
4.307889960835611376e-01
4.306190017378224155e-01
4.304634403314366864e-01
4.302734043175136525e-01
4.300674926428469935e-01
4.298568028763065652e-01
4.297142361180156245e-01
4.295424994143209885e-01
4.293990927174267114e-01
4.291802781882445017e-01
4.289400018807833503e-01
4.287619644164595289e-01
4.286341123107293427e-01
4.283893476278681223e-01
4.281611268567308559e-01
4.279565625211402269e-01
4.278137066421528467e-01
4.276361213051266263e-01
4.273897064843280580e-01
4.271818196331207407e-01
4.270186836291333665e-01
4.268265648627652120e-01
4.266151338878258481e-01
4.264544303127042468e-01
4.263056767875768593e-01
4.261813508712706811e-01
4.259589381433754318e-01
4.257064842305622876e-01
4.255244559650777636e-01
4.253356217478090895e-01
4.250955533959970278e-01
4.248452661966443111e-01
4.246456534482731526e-01
4.244323063900848902e-01
4.242443586810721312e-01
4.241222596754523622e-01
4.239482938693123204e-01
4.237482299171331790e-01
4.235371584250811061e-01
4.233252436069451230e-01
4.231266717824624934e-01
4.229032776405185490e-01
4.226662390610714248e-01
4.224864594789261019e-01
4.223123891591699097e-01
4.221057829104161163e-01
4.218977478642329526e-01
4.217210528363557476e-01
4.215539501431830871e-01
4.213635423476640440e-01
4.211231531240495207e-01
4.209159633206226991e-01
4.207316045873836785e-01
4.205014254211902891e-01
4.202425273731182909e-01
4.200194953382578866e-01
4.197808007284178355e-01
4.195515162947325849e-01
4.193450713975145905e-01
4.191042754582603447e-01
4.189283723690811478e-01
4.187118318675373541e-01
4.184812677310056905e-01
4.183089512951394529e-01
4.180896810055595991e-01
4.178894021952559990e-01
4.176566221124144995e-01
4.174182026190795813e-01
4.171776543281912608e-01
4.169863978442837071e-01
4.167329091400056584e-01
4.164880275829483391e-01
4.162397381645842054e-01
4.160080789294522963e-01
4.157885107833783067e-01
4.155715677115967011e-01
4.153324917143874639e-01
