3.276781493428614911e-01
3.305939632444421794e-01
3.334314844920332477e-01
3.403973930066569453e-01
3.462841313608488458e-01
3.473710884272090405e-01
3.463777237193216840e-01
3.443730173148725204e-01
3.500768120783298576e-01
3.469561549792351540e-01
3.532340951052014288e-01
3.562472695625072405e-01
3.611367463674008405e-01
3.674321437650333588e-01
3.689139724445428814e-01
3.700931367765709079e-01
3.784566736013621480e-01
3.846012034626372089e-01
3.834806428341536177e-01
3.830610853895639600e-01
3.835882752087688141e-01
3.846944507583311967e-01
3.871261074857723083e-01
3.937816090860158380e-01
3.976822725297352590e-01
4.021162784562515302e-01
4.081685423462272366e-01
4.107943502571819172e-01
4.094774947693569644e-01
4.187998367414760836e-01
4.217038421344532217e-01
4.218391234769839904e-01
4.228726800679060149e-01
4.246211722701429547e-01
4.245379098873276469e-01
4.222197102122597911e-01
4.310968686963457808e-01
4.268425193409752794e-01
4.275367873272181152e-01
4.274639446414754129e-01
4.129493372260474859e-01
4.085759075860930234e-01
4.079478088100148003e-01
4.136914095492625898e-01
4.209244429962944456e-01
4.196244424394937611e-01
4.208494115591391305e-01
4.217211328223781641e-01
4.314680517465833698e-01
4.335336781314621524e-01
4.380415187907197860e-01
4.375456821014817033e-01
4.403714707426428232e-01
4.291288164364054913e-01
4.359729229826172503e-01
4.308604827826467143e-01
4.362594581141394090e-01
4.376481152950708053e-01
4.426978375797427367e-01
4.354161345294573215e-01
4.344839526382358597e-01
4.379040268234750122e-01
4.392840079003201281e-01
4.372817870814865171e-01
4.430923687481530537e-01
4.499116179197740206e-01
4.471229779119856307e-01
4.526673228447665731e-01
4.569197710363629983e-01
4.607466297645683717e-01
4.539948945996197804e-01
4.534256655072063102e-01
4.435278176813231554e-01
4.287658453645492029e-01
4.306942826648524902e-01
4.389304218072778707e-01
4.333976004546620242e-01
4.400097501556643476e-01
4.477049226693080586e-01
4.486420099504295766e-01
4.526899729482806167e-01
4.439056574076799544e-01
4.448991019214079690e-01
4.406447550906066879e-01
4.381534887711858728e-01
4.446347366273573076e-01
4.471300826571505405e-01
4.370091918997826563e-01
4.303312901372961519e-01
4.260363444330088623e-01
4.315718303399931899e-01
4.422420810688211801e-01
4.428314212094296431e-01
4.403930530810787891e-01
4.387463567637350792e-01
4.306118369646486643e-01
4.217591494785703499e-01
4.067385087658027532e-01
3.988856781358754433e-01
4.057635521805825207e-01
4.108390529620728482e-01
4.166580293673896596e-01
4.190103418261838519e-01
4.276131172391130497e-01
4.276063560142185360e-01
4.367474890965979406e-01
4.199107784718515424e-01
4.158980735747803692e-01
4.237234524641560474e-01
4.079512944726688684e-01
3.986967447383059637e-01
4.133209898268947469e-01
4.179250954826413400e-01
4.150267597441554268e-01
4.189685814348924620e-01
4.097042843435163562e-01
4.140554985378299691e-01
4.228048120577624913e-01
4.246929545347442603e-01
4.101702840433149588e-01
3.906812227682194827e-01
4.052190702002691491e-01
4.084003838109819262e-01
4.048549830108540970e-01
3.980434733667093661e-01
3.905673344341268893e-01
3.767401299629958844e-01
3.754148925687317839e-01
3.734132449403855247e-01
3.744085075451550337e-01
3.675669194313060384e-01
3.626696035461937639e-01
3.791428473581989755e-01
3.789931904302632493e-01
3.679332654337452158e-01
3.766340813667851117e-01
3.882336167419097595e-01
3.809567133134898476e-01
3.882647853104020941e-01
3.964662853195294323e-01
3.985036598543342246e-01
4.043560226881163788e-01
4.074077509360415905e-01
3.999201279017607913e-01
3.966555250346486261e-01
3.988750503184751994e-01
3.908057398424767959e-01
3.975990115995736152e-01
3.919159498465475955e-01
3.828073040018624140e-01
3.828357863765836089e-01
3.829581958902020244e-01
3.890652492100247217e-01
3.917555397341050405e-01
4.000594865155592816e-01
3.908138695299160914e-01
3.798302440343017117e-01
3.818392066156943709e-01
3.984553342005918708e-01
4.018889529701721308e-01
4.089936808359448395e-01
3.969747144839917419e-01
3.955234457396576975e-01
3.810469026183696539e-01
3.863813769623991590e-01
3.969081948971864282e-01
3.968676162293116039e-01
4.012309585452173422e-01
3.866552416405363846e-01
3.761371157534723619e-01
3.787521012241561458e-01
3.809823949495257933e-01
3.758575856233225543e-01
3.663975058649660554e-01
3.685555011667207004e-01
3.802594808059752696e-01
3.779563265991257026e-01
3.756073042445045584e-01
3.836399427964000686e-01
3.784370894663210416e-01
3.850936250325704413e-01
3.848984556784568190e-01
3.868512399554541736e-01
3.873826145751340655e-01
3.870222798693030430e-01
3.877754414603655220e-01
3.864908323363454024e-01
3.829314599030478328e-01
3.781037287837744065e-01
3.803039211007385179e-01
3.767292461863051001e-01
3.762720499954962383e-01
3.734413064509208846e-01
3.764879643380638075e-01
3.747899012406565866e-01
3.813377274804717887e-01
3.814168905380462271e-01
3.806685960251408596e-01
3.849445632961471242e-01
3.839710065869834654e-01
3.885951233639650670e-01
3.898161966386583521e-01
3.878623031621845074e-01
3.857382495243248943e-01
3.857928691996035386e-01
3.829220815229241182e-01
3.819937331450529161e-01
3.810276616405516292e-01
3.861229114502649495e-01
3.905988217699881693e-01
3.925570376661093319e-01
3.945700611754312526e-01
3.955986413848216476e-01
3.916483238103166675e-01
3.905464159121694867e-01
3.901216275773203290e-01
3.900104538531241061e-01
3.880193482453438425e-01
3.904430814403982430e-01
3.905305856622082183e-01
3.910410797022775831e-01
3.926382243339330835e-01
3.942122330884280657e-01
3.904775381893960673e-01
3.878281392882713674e-01
3.861812574575748669e-01
3.918443647868550261e-01
3.900213989968236983e-01
3.877651589904657636e-01
3.901083614067470950e-01
3.909607713403266405e-01
3.875732191260017334e-01
3.847621081460875780e-01
3.842280138332140327e-01
3.851518241584502289e-01
3.862002508636305231e-01
3.855576092888046147e-01
3.830469653125112561e-01
3.831556102604855574e-01
3.800586643918349994e-01
3.815508588461521966e-01
3.808541614120236063e-01
3.752185724049814097e-01
3.748592389853904749e-01
3.771955894056822634e-01
3.744252736246748148e-01
3.782153498183519758e-01
3.743791215760037816e-01
3.747120844989217936e-01
3.712459572469287150e-01
3.719047342626983776e-01
3.696663428920240468e-01
3.701603525523901039e-01
3.715439848578511728e-01
3.736376705248040664e-01
3.716099125629347966e-01
3.709205740341936508e-01
3.699027228415159851e-01
3.672908692187643043e-01
3.672886503161759131e-01
3.668432389174173247e-01
3.694334548863933421e-01
3.692699083718881115e-01
3.689351200346296378e-01
3.698650444405178206e-01
3.694437904341774104e-01
3.706298802326197239e-01
3.701866515724756002e-01
3.722050542087253500e-01
3.710142009822265940e-01
3.698335378821905883e-01
3.699847871712128033e-01
3.684335649728205375e-01
3.674749648797686064e-01
3.669434660408238402e-01
3.666323105957777218e-01
3.658378455977183696e-01
3.655720655915706829e-01
3.650003129681074765e-01
3.655197833298127197e-01
3.650444551521253578e-01
3.657579664169152145e-01
3.655252446525395493e-01
3.646770889873871546e-01
3.646637870789002922e-01
3.649263337027745524e-01
3.648718627485057486e-01
3.646362383595719847e-01
3.643678918899591057e-01
3.642795315790600674e-01
3.640625053682673973e-01
3.647220053314982335e-01
3.648341183687269784e-01
3.653201068006565744e-01
3.653651243005465732e-01
3.654679191481033929e-01
3.596350790516577023e-01
3.600524818786769443e-01
3.613309631185419590e-01
3.558295449955513057e-01
3.454358691092540568e-01
3.411650049739860524e-01
3.465230517271613575e-01
3.463871453021885594e-01
3.464002245645863565e-01
3.461004772781844374e-01
3.463709561711144636e-01
3.476161026312071245e-01
3.471433579089305277e-01
3.477975748465805816e-01
3.476299321096186778e-01
3.477077324655104551e-01
3.476128387242878315e-01
3.473086232836283260e-01
3.476478660685173860e-01
3.471385622062599374e-01
3.471224585253018802e-01
3.476163163804997791e-01
3.471579069945818219e-01
3.416083666015503062e-01
3.417539608344242752e-01
3.415215556137786712e-01
3.415575444058697729e-01
3.414404160165299129e-01
3.415939920760928117e-01
3.417598672813994543e-01
3.416873519721753127e-01
3.407433384249496378e-01
3.407571380689674578e-01
3.415339189736720238e-01
3.412745860250482322e-01
3.413794932971610518e-01
3.414673839576565229e-01
3.413968635243512795e-01
3.409178750407365621e-01
3.411600570590946346e-01
3.389806172625905445e-01
3.391961472294285906e-01
3.393920622438309498e-01
3.396726824056950922e-01
3.395829606358237718e-01
3.397246818004540092e-01
3.397335379910643716e-01
3.397147242147971480e-01
3.394039069549075749e-01
3.391983713344293161e-01
3.387351060903466271e-01
3.389643777261087676e-01
3.361025656830319841e-01
3.360080686387719728e-01
3.333853918680556583e-01
3.334669724270713509e-01
3.342349623001591441e-01
3.342237739523626905e-01
3.345268491251043308e-01
3.344891486605064412e-01
3.344150386754080606e-01
3.345800173602500038e-01
3.346870853717637817e-01
3.344571797741120456e-01
3.339529675939553188e-01
3.341253018246946316e-01
3.339022941573311920e-01
3.308317701868011551e-01
3.315683156669032572e-01
3.316975629475816811e-01
3.312216081836344417e-01
3.280612828551470739e-01
3.282769449106923143e-01
3.284478828449751697e-01
3.282553604586069262e-01
3.274788521087676485e-01
3.274177527854962855e-01
3.275954150040859547e-01
3.276618476546259706e-01
3.275951567662337971e-01
3.276542245416638188e-01
3.277882717841258398e-01
3.282569328200264924e-01
3.283137033620189826e-01
3.283655741971440167e-01
3.285776984672580392e-01
3.284954923286672046e-01
3.284630511284800103e-01
3.286197098952603479e-01
3.286019454102019344e-01
3.285908719509051390e-01
3.251204315329832562e-01
3.251668010961398791e-01
3.251283212165622660e-01
3.248907472251345574e-01
3.254637369737487518e-01
3.232024103598665765e-01
3.236472005079762959e-01
3.238487267153489779e-01
3.233647398269125506e-01
3.233576612024391395e-01
3.233893453297470022e-01
3.233062952320546746e-01
