3.358779798460635568e+00
3.248653357807560926e+00
3.219316147038619125e+00
3.124100192367608830e+00
3.051031920840896028e+00
3.020181700526515467e+00
2.974210918411611893e+00
2.955287092980469765e+00
2.923138749652815616e+00
2.882594541499918339e+00
2.831340201778306920e+00
2.812637386800241224e+00
2.778315360911808973e+00
2.757883059811559345e+00
2.734436692802406643e+00
2.726772871119297115e+00
2.685990727787033183e+00
2.666133915346409200e+00
2.631314033885308934e+00
2.594012150660574889e+00
2.577586795340194303e+00
2.562136355278076927e+00
2.533002824735497427e+00
2.521693446060761623e+00
2.497537692907923379e+00
2.458032840888970672e+00
2.452610120567463969e+00
2.415105457592771288e+00
2.387242239066844629e+00
2.381791100840938036e+00
2.358441656332052272e+00
2.324705741451849050e+00
2.307742341035752709e+00
2.269533915691237524e+00
2.242241553008558430e+00
2.219172805976890483e+00
2.194016009122216726e+00
2.175138574434431149e+00
2.175786389824610367e+00
2.153084084085739036e+00
2.160063204952372029e+00
2.135639372065035069e+00
2.109430857869436959e+00
2.099934440320786688e+00
2.084457989555600577e+00
2.068557589516773376e+00
2.060395956202281553e+00
2.066068255156150446e+00
2.044645483342454995e+00
2.031278192084009948e+00
2.028936772203705718e+00
2.001142603454819646e+00
2.000878469798174297e+00
1.998770721655151350e+00
1.974416658624755572e+00
1.969955119526630272e+00
1.946706438373843939e+00
1.935715801571084915e+00
1.928838287990416900e+00
1.900800876337315426e+00
1.886759048771784242e+00
1.865878391604534281e+00
1.840986815029962642e+00
1.830952917439264027e+00
1.830030951770227787e+00
1.802209172597147635e+00
1.788363706308167655e+00
1.788118355750512478e+00
1.773067917360586998e+00
1.765702857194098696e+00
1.741076241770469712e+00
1.739387799672300838e+00
1.732363050861391196e+00
1.707086356712641750e+00
1.697464913469074244e+00
1.676091609211615818e+00
1.669579842604078435e+00
1.652962181377997108e+00
1.630086232232675902e+00
1.626446378995688669e+00
1.620436820921137500e+00
1.604788665940512837e+00
1.596364378084700553e+00
1.589356510904256448e+00
1.573329941556919742e+00
1.577492436669121201e+00
1.571014197047181593e+00
1.561625530233324177e+00
1.537739100307546680e+00
1.519322152310545571e+00
1.516592638223187128e+00
1.510918720259194048e+00
1.502574006652782179e+00
1.491547333457672764e+00
1.481410879556138926e+00
1.469969925997292037e+00
1.466529526777548442e+00
1.466020463774046378e+00
1.457891539817339321e+00
1.453602034632952567e+00
1.445211613785892801e+00
1.445375062286290202e+00
1.444324270969172597e+00
1.441924688577233882e+00
1.434983447919368604e+00
1.429882771221595128e+00
1.424405539609065352e+00
1.420003797138841062e+00
1.402191867858304075e+00
1.389589324884548116e+00
1.381616691981961464e+00
1.384996027869274782e+00
1.366210200613765746e+00
1.366831623917382998e+00
1.364194173997861137e+00
1.361308066042360876e+00
1.362105345658995548e+00
1.347514978825521625e+00
1.337953147498093909e+00
1.326815095532613231e+00
1.328041318703436779e+00
1.321801063481964800e+00
1.319850043031801867e+00
1.313460975901670880e+00
1.304068461756561659e+00
1.301461157914111766e+00
1.282461701297832324e+00
1.268296629826794142e+00
1.267314108520284588e+00
1.261017286179849650e+00
1.250047060086271866e+00
1.245013484917554925e+00
1.239942902416591108e+00
1.239084586978287827e+00
1.228737146464955021e+00
1.227871385744645938e+00
1.224800476928699533e+00
1.215862775586656674e+00
1.212668960127854190e+00
1.204076363856542375e+00
1.200097298296564974e+00
1.200750595355206896e+00
1.188274073375842343e+00
1.181310333064957696e+00
1.182935875219812027e+00
1.166700881107688881e+00
1.154432396921520665e+00
1.144488867246989061e+00
1.136563329931414845e+00
1.136177457806921254e+00
1.139239163636995844e+00
1.135101210703553187e+00
1.120875934889356884e+00
1.119995675735498297e+00
1.110586885935084256e+00
1.101978581041042737e+00
1.094041738947854947e+00
1.085165801844137468e+00
1.088445047921044129e+00
1.080923177265721957e+00
1.075094781983754855e+00
1.077558510911002188e+00
1.076447507290712480e+00
1.069795035846619502e+00
1.060821552865882866e+00
1.061204363864146183e+00
1.056245914273219233e+00
1.048917008785962501e+00
1.040516363578534831e+00
1.040120561730901505e+00
1.041418527167052632e+00
1.034356487402997349e+00
1.032099825895165912e+00
1.030038799037434893e+00
1.026086400084641248e+00
1.024146642925303885e+00
1.019008461350922046e+00
1.013469380477940884e+00
1.011224197466399133e+00
1.005270887062668317e+00
1.005762050146033815e+00
1.005887199086722639e+00
1.001384248518103703e+00
1.003745827082308528e+00
1.000738714653663264e+00
9.985190761155697814e-01
9.907475416894445663e-01
9.897740298118381519e-01
9.837931175672290918e-01
9.815700322757692220e-01
9.814155274149718444e-01
9.765036537008191520e-01
9.749616626886836723e-01
9.692788139786142620e-01
9.661135054397671507e-01
9.684436494589477862e-01
9.556607241824842669e-01
9.518730816329578071e-01
9.503082721585697223e-01
9.422182055726682215e-01
9.419592793798386987e-01
9.428548289521482273e-01
9.382455187422205078e-01
9.403253605204271448e-01
9.364594538393575807e-01
9.357544289093162604e-01
9.319329582742323925e-01
9.300066910060784675e-01
9.304619483839117189e-01
9.302910324449285007e-01
9.302663648600428825e-01
9.265255083590265839e-01
9.201590839228214191e-01
9.182773019102515866e-01
9.170139941795767413e-01
9.153287934116902669e-01
9.122761538920128865e-01
9.061543311223525521e-01
9.063358539351495935e-01
9.026576732579973950e-01
9.001988135456732154e-01
8.983346886625277472e-01
8.987958240924102116e-01
8.949443500062200796e-01
8.942678368522316568e-01
8.911245115813076767e-01
8.856214300333017375e-01
8.776084295311803452e-01
8.781565520029995797e-01
8.766202771802591442e-01
8.759483849023278479e-01
8.736345197258635897e-01
8.712074278904590185e-01
8.705190456074772820e-01
8.680392850631147850e-01
8.655410971950801002e-01
8.634174679109856143e-01
8.605606376053972495e-01
8.574067471327623258e-01
8.577157804746918801e-01
8.572695203468592151e-01
8.488722996197154425e-01
8.368108280864362536e-01
8.388994598350377752e-01
8.408870313143836928e-01
8.397468319053831287e-01
8.321191641022259722e-01
8.345304884181227179e-01
8.274851289101654572e-01
8.244904455776249641e-01
8.278379364004179175e-01
8.234676066391567462e-01
8.247042410935786494e-01
8.230683766629760534e-01
8.180881801017914068e-01
8.161451767979525096e-01
8.153100246363073067e-01
8.110049071740006443e-01
8.117605467277547726e-01
8.099336534862956460e-01
8.123924730577182229e-01
8.049393148337966597e-01
8.077154901635852369e-01
8.056863116388157664e-01
8.037937360427952482e-01
8.020202309854802536e-01
8.035526786939957145e-01
7.996300437290909668e-01
7.991513803184726594e-01
7.989587097803168003e-01
7.978201938118598679e-01
8.000879980768764721e-01
8.019093834138887322e-01
8.008553574678919373e-01
8.013161550058343074e-01
7.948437026618323520e-01
7.895580652096400032e-01
7.894617269568137141e-01
7.869569388038020197e-01
7.854075903015190763e-01
7.833778865195243357e-01
7.822881589142194336e-01
7.834521098043809584e-01
7.820674609772204633e-01
7.789283747321402718e-01
7.774532447542809033e-01
7.772301053975890772e-01
7.766939332157138942e-01
7.748647913143639210e-01
7.760266088811462737e-01
7.740679378687254086e-01
7.657613074729688885e-01
7.648955211286952993e-01
7.613035180153042702e-01
7.606223596432793999e-01
7.602347188443913106e-01
7.612818586660516917e-01
7.611045127392315202e-01
7.616118281040300531e-01
7.600194905405502910e-01
7.598778331811278930e-01
7.577280341690989518e-01
7.596383025234407782e-01
7.547613219912657767e-01
7.484165995548320849e-01
7.493225591629076865e-01
7.466225164617803500e-01
7.446451367755719808e-01
7.411290149851823550e-01
7.438484449209760152e-01
7.418072968470089679e-01
7.410414747846928440e-01
7.420684557385150981e-01
7.427347991651201964e-01
7.409095719801169766e-01
7.365297169199035432e-01
7.343351499415936567e-01
7.356898832795079057e-01
7.337475950057520402e-01
7.321119913001244983e-01
7.326386415824250875e-01
7.303867718942325116e-01
7.285553576686158994e-01
7.265733773620526303e-01
7.248574108192127330e-01
7.258790036074129759e-01
7.228485935785612382e-01
7.204462881889406312e-01
7.211306589872344963e-01
7.217340314338432927e-01
7.211101609758270303e-01
7.202365370388063015e-01
7.195064576590561867e-01
7.189990549262219588e-01
7.191091768941769713e-01
7.143305248405914520e-01
7.116308196049889734e-01
7.082611135426394311e-01
7.066374401587404153e-01
7.064582221635612447e-01
7.077890812257442432e-01
7.077791500155757864e-01
7.084686111625891902e-01
7.086796622515106892e-01
7.085154872770013101e-01
7.078520396250322921e-01
7.042990653004913559e-01
7.045344536423514548e-01
7.038035119089158798e-01
7.036268790599905509e-01
7.007660899174814606e-01
6.994376989792840948e-01
6.984184672086577450e-01
6.965773522647592531e-01
6.971157781878765114e-01
6.981951580774936605e-01
6.953571068984690795e-01
6.953421284132084157e-01
6.948435067719569425e-01
6.952438057641847635e-01
6.941811513114420906e-01
6.897419026162500133e-01
6.907442267244847667e-01
6.891083374714505050e-01
6.893516805476328502e-01
6.869355871318282292e-01
6.875979193404292422e-01
6.885434024377077300e-01
6.891043810013488535e-01
6.879634317045362213e-01
6.850677160144341693e-01
6.836784315924465671e-01
6.806816375275994702e-01
6.808901322193137151e-01
6.825647355611407230e-01
6.814065902131960506e-01
6.792746348638653009e-01
6.801283527341323021e-01
6.798771610054147319e-01
6.782913569052765324e-01
6.762099611999002891e-01
6.748107042976091430e-01
6.746199792521325733e-01
6.710189984972428912e-01
6.714688395382728547e-01
6.739208624767876188e-01
6.724601074664200429e-01
6.734327510142228412e-01
6.736458258975734914e-01
6.725413431194047220e-01
6.707008678295792725e-01
6.704847898705275089e-01
6.710049334971851520e-01
6.702797190545546346e-01
6.683606980676048970e-01
6.686771401966078443e-01
6.681768730713757432e-01
6.683445654065917063e-01
6.684886758315647937e-01
6.672267764989533445e-01
6.675709303434769204e-01
6.690938277292889369e-01
6.672475735800525998e-01
6.720809587484830594e-01
6.676354884193493877e-01
6.673662255754971850e-01
6.673549079777516546e-01
6.672116249921722364e-01
6.667191171043181930e-01
6.656081614723247109e-01
6.639957189751035660e-01
6.634157433919782854e-01
6.643436903785965297e-01
6.618441497602743917e-01
6.612373336655440470e-01
6.637804815370492717e-01
6.621847229514828959e-01
6.614018150307515720e-01
6.610457013407574633e-01
6.596303831729293243e-01
6.588585634925056000e-01
6.588898482418380498e-01
6.578628139286114562e-01
6.541972775257405281e-01
6.537722666939437266e-01
6.518846205421087170e-01
6.510442924313000201e-01
6.525556988550763604e-01
6.498711583498842925e-01
6.484233216645430842e-01
6.473738949351272032e-01
6.461183075288825517e-01
6.485746891030480521e-01
6.494234177477783421e-01
6.473995104753919039e-01
6.461226464848762729e-01
6.462720607502088210e-01
6.453766984511735139e-01
6.435187862073172838e-01
6.422533579597693443e-01
6.404490031809315642e-01
6.404175176846463868e-01
6.407698880976130384e-01
6.415336439931005330e-01
6.411613484338835045e-01
6.413565376936614104e-01
6.408876405112272634e-01
6.425688397449036415e-01
6.422831582615142754e-01
6.425488659481989329e-01
6.415212887647002704e-01
6.416615819000098808e-01
6.404351315694636337e-01
6.404655031065107362e-01
6.393060103944281369e-01
6.395541767066739158e-01
6.399920919467452229e-01
6.396185028935693628e-01
6.408896011702809314e-01
6.403884290390955414e-01
6.394402778685399635e-01
6.393004542205202867e-01
6.392982115578220714e-01
6.400593010053603482e-01
6.402557155025182523e-01
6.385675156007397657e-01
6.401080538376383577e-01
6.392857351689730239e-01
6.364139128643420129e-01
6.366199521085038615e-01
6.362634027019483662e-01
6.358569501172034455e-01
6.346881106394789418e-01
6.339360206432319567e-01
6.339591421701290530e-01
6.344855217055866969e-01
6.333831540540236782e-01
6.331323233176141541e-01
6.329603742060576632e-01
6.315793534544899002e-01
6.335553024637586850e-01
6.336251540428474716e-01
6.329353353226268020e-01
6.329540493447719518e-01
6.318954037900454956e-01
6.307686153726576039e-01
6.311201622939708322e-01
6.312613657572572201e-01
6.312428884331607870e-01
6.300500483006226116e-01
6.302289639778890784e-01
6.296456758092208172e-01
6.294771429573419175e-01
6.279260102035497670e-01
6.276250882513989549e-01
6.273190567086370795e-01
6.269385475614082104e-01
6.258659958898004083e-01
6.246358102476166074e-01
