1.282855106468470563e+00
1.231726128977287393e+00
1.182315185242889921e+00
1.135332043144587466e+00
1.089811380226556548e+00
1.044614903802370875e+00
1.002879392247719270e+00
9.604236745004326448e-01
9.206044414466152404e-01
8.817226397006756589e-01
8.445052349874064834e-01
8.082215522853233303e-01
7.754816286576802220e-01
7.437649162687702820e-01
7.130229905910260291e-01
6.831534883727466978e-01
6.545734677842667271e-01
6.268712233393932687e-01
6.006030996572510050e-01
5.756323632162094750e-01
5.518134911974188483e-01
5.282717664052996032e-01
5.056606021526544037e-01
4.846917038218148677e-01
4.646610003924129262e-01
4.451324604132584906e-01
4.262263935074420695e-01
4.078798143781998675e-01
3.910533967817200751e-01
3.746499638102253060e-01
3.589072149832223113e-01
3.440355118471576934e-01
3.292626670868445959e-01
3.150136479554794811e-01
3.019308610645170532e-01
2.891243156278782145e-01
2.769039874634550147e-01
2.657143794264632541e-01
2.543079272658247403e-01
2.434797600364497216e-01
2.330434694381274263e-01
2.232366122887162185e-01
2.137743048492402043e-01
2.045644973381230136e-01
1.958605196147192862e-01
1.873238552506965304e-01
1.793253492775714886e-01
1.720168356154465616e-01
1.648390315917146465e-01
1.579485313441392202e-01
1.512665763418690745e-01
1.447892020232801058e-01
1.387587739979377066e-01
1.328150901361281888e-01
1.271425208902682014e-01
1.216777053453906854e-01
1.166403524952907000e-01
1.117009877324165179e-01
1.068294001052796371e-01
1.023633882434925868e-01
9.799925963868585943e-02
9.384234930155090082e-02
8.988671251103165505e-02
8.600880292343771050e-02
8.234014951175377961e-02
7.887404117026994288e-02
7.566536722506542190e-02
7.249148481281472711e-02
6.948049373863607325e-02
6.658476052794976008e-02
6.378523502580145388e-02
6.112801067549204770e-02
5.850975929231848338e-02
5.604267719329260322e-02
5.371189516012123133e-02
5.143291097681865209e-02
4.924911326077453799e-02
4.718693674302190666e-02
4.520224155886116979e-02
4.323871647001244906e-02
4.139789199308549494e-02
3.968019540435141490e-02
3.810625827871901711e-02
3.652313096565060202e-02
3.492336992511704818e-02
3.340639054300496846e-02
3.202029598216980799e-02
3.063280342802113601e-02
2.932283029938831734e-02
2.802268234385788676e-02
2.686242490141830738e-02
2.571563384707820088e-02
2.463197231805139623e-02
2.360482932313084231e-02
2.263893047389766919e-02
2.169178221329227593e-02
2.078875192434585795e-02
1.990020491211762568e-02
1.904425512915466218e-02
1.823974678953991374e-02
1.748193790175413612e-02
1.673606419877548407e-02
1.603264642724742256e-02
1.535433109980328253e-02
1.471052584315431060e-02
1.408845609128017706e-02
1.350071066074728238e-02
1.293100620518569319e-02
1.239951194972828581e-02
1.188292619724104840e-02
1.135781638542353658e-02
1.086780325620111468e-02
1.039444412855102667e-02
9.958744696496549947e-03
9.533142330212528853e-03
9.141661226938709722e-03
8.749668884280494691e-03
8.391128817222585912e-03
8.021303220164227588e-03
7.682193627126915857e-03
7.368884716197290734e-03
7.055323660137318570e-03
6.754020168163009895e-03
6.483001994562375553e-03
6.196535833604126242e-03
5.935387467713105526e-03
5.688460296220141515e-03
5.457128634453066798e-03
5.228269079684915582e-03
5.005213479585038025e-03
4.800956697731529124e-03
4.601895039656970360e-03
4.412844960658096442e-03
4.225841659423008531e-03
4.056658005143451082e-03
3.892335442680959837e-03
3.741851329049865945e-03
3.588310038459750079e-03
3.444955149117360366e-03
3.307128510405264819e-03
3.169584071262750505e-03
3.046546795655472734e-03
2.927922203522057617e-03
2.814271280501095575e-03
2.697701341962596960e-03
2.583465323222035141e-03
2.480909630305297431e-03
2.382766983248672723e-03
2.286106702568069249e-03
2.195301400254361102e-03
2.108115091341184431e-03
2.026765818065559555e-03
1.949462772828755748e-03
1.878346874228631249e-03
1.804707179447861097e-03
1.733887530142139317e-03
1.665504216273993015e-03
1.601138854230881557e-03
1.545279361643467440e-03
1.486317948551005340e-03
1.427673148421161392e-03
1.375445536837786344e-03
1.321223962281996549e-03
1.271253028592315114e-03
1.222903174118814863e-03
1.176810569142943200e-03
1.136911752758258719e-03
1.096590269751487792e-03
1.061698641594462263e-03
1.026199814817842747e-03
9.885603743348516173e-04
9.554243885861676572e-04
9.215371245125826951e-04
8.888181857288641324e-04
8.596889718097268200e-04
8.306082924211260913e-04
8.052463595888371354e-04
7.790184150024853128e-04
7.550587318901089227e-04
7.312736533128202411e-04
7.104116714113191053e-04
6.901541311375514534e-04
6.692517589424487557e-04
6.520284726742131640e-04
6.340802743337422198e-04
6.175909620582131516e-04
6.008652871434924832e-04
5.850780824644154481e-04
5.709817309796673401e-04
5.563169164396994685e-04
5.438598647279174704e-04
5.310522458188651112e-04
5.193025909948332814e-04
5.075145096850135207e-04
4.964915121175675914e-04
4.867213549685941954e-04
4.768190000284348992e-04
4.678279551468482022e-04
4.580902611784100353e-04
4.500715986527580297e-04
4.411990870814595312e-04
4.337763542677873898e-04
4.266235751733733913e-04
4.199542285638789216e-04
4.135925623722827007e-04
4.073197054334457695e-04
4.016516365975936979e-04
3.961925708184549670e-04
3.903042079956174290e-04
3.847831112885712187e-04
3.802612275043910960e-04
3.759946498988339051e-04
3.715107445410763872e-04
3.676465209971939646e-04
3.634437265526724867e-04
3.586350688772911295e-04
3.543999810286096184e-04
3.505930476154232780e-04
3.465951538784127223e-04
3.431222117038095517e-04
3.396771069642001185e-04
3.367565604209275050e-04
3.337337236119318875e-04
3.309990038287686349e-04
3.281223756646893790e-04
3.257772970138098903e-04
3.234838192383231821e-04
3.212849893258687547e-04
3.192701651135639593e-04
3.171528972306840791e-04
3.153323649582679073e-04
3.134205294370097134e-04
3.115993089223318031e-04
3.098731590595995363e-04
3.082155087923681841e-04
3.068066486790717914e-04
3.053227385515689838e-04
3.038967237255716649e-04
3.027557429716123310e-04
3.016414814926610165e-04
3.005663424193144692e-04
2.997213075475439357e-04
2.987089322929811644e-04
2.978562113664882656e-04
2.969446075029542409e-04
2.960801810972302000e-04
2.952545207251875271e-04
2.946247303180405839e-04
2.940081884104622074e-04
2.932288353689571463e-04
2.925997251970272614e-04
2.920097562631543430e-04
2.915277304014414527e-04
2.908826134604585497e-04
2.902466084380365789e-04
2.897385157985603809e-04
2.893497022514229171e-04
2.889769565276151773e-04
2.886078223909015498e-04
2.882044821343754133e-04
2.877737938619394668e-04
2.874605767950734166e-04
2.871572353714041317e-04
2.867726065422394194e-04
2.864414974176234929e-04
2.860833295747863174e-04
2.858223490523188704e-04
2.855428474431953275e-04
2.853087640820932370e-04
2.850151139487591277e-04
2.847470582833213281e-04
2.845189387137888183e-04
2.842930711946401595e-04
2.840727388109898308e-04
2.838619685745180600e-04
2.836562964624628918e-04
2.834612741094724134e-04
2.832973323174950908e-04
2.831445991640978242e-04
2.829970488012485252e-04
2.828770818252414701e-04
2.828145465075216844e-04
2.826809809411611417e-04
2.825840845649602896e-04
2.824471786047022775e-04
2.823549928702256658e-04
2.822302823459707272e-04
2.821230658210178077e-04
2.820322845425900509e-04
2.819609675049750521e-04
2.818980829739122364e-04
2.818057599617143161e-04
2.817266044295717612e-04
2.816528542286764756e-04
2.816233911220326533e-04
2.815450315202728984e-04
2.814777203539587497e-04
2.814225364648328194e-04
2.813598319530681915e-04
2.812904063558267667e-04
2.812601867058641758e-04
2.812175659012093034e-04
2.811636927334495604e-04
2.811400651952306517e-04
2.810529762217832666e-04
2.809972876546544432e-04
2.809559669203580672e-04
2.809023100629395994e-04
2.808537009540188574e-04
2.808190652269919622e-04
2.807886097463952162e-04
2.807304522889188594e-04
2.806919909314729042e-04
2.806578535745157766e-04
2.806018036908992106e-04
2.805720341705592144e-04
2.805427307158131055e-04
2.805112007251780136e-04
2.804902246132223286e-04
2.804643180643233229e-04
2.804438581092470284e-04
2.803847637369413694e-04
2.803479513853635746e-04
2.803125033593561587e-04
2.802730667176109736e-04
2.802161131534921254e-04
2.801830448671057284e-04
2.801468682926587994e-04
2.801058339773789658e-04
2.800806864971433540e-04
2.800441405052385381e-04
2.800196232499435199e-04
2.799961817865774028e-04
2.799743640309385853e-04
2.799436950299509638e-04
2.799190071967814749e-04
2.799023713672517876e-04
2.798865853360163339e-04
2.798662811121720401e-04
2.798453773804554187e-04
2.798268282161924599e-04
2.798093835522109376e-04
2.797912108524113145e-04
2.797736871325624711e-04
2.797619092373414035e-04
2.797463439593574574e-04
2.797265598491554227e-04
2.797066294345135792e-04
2.796868035550416440e-04
2.796598704412812551e-04
2.796543788930982142e-04
2.796325781353228542e-04
2.796141029989557421e-04
2.795973955155184754e-04
2.795757740475884011e-04
2.795658122324320939e-04
2.795445742691569186e-04
2.795304418765942904e-04
2.795208463334626289e-04
2.795021885011233424e-04
2.794867258909802593e-04
2.794750098502760344e-04
2.794586067923394176e-04
2.794486858601671203e-04
2.794313872797226836e-04
2.794228318898709360e-04
2.794079745976147050e-04
2.793920519808004667e-04
2.793848227647292653e-04
2.793700982047193438e-04
2.793551428277227505e-04
2.793359009935618984e-04
2.793318206157931584e-04
2.793128545448362449e-04
2.793033474173175221e-04
2.792958683604368757e-04
2.792869589141869962e-04
2.792795986721117291e-04
2.792656884187442144e-04
2.792577487478723375e-04
2.792439912591171977e-04
2.792398157988540625e-04
2.792310394764352605e-04
2.792228867891783078e-04
2.792189494101746322e-04
2.792151571014322075e-04
2.792145846829731121e-04
2.792091601258865521e-04
2.792020373561356419e-04
2.791889447297168036e-04
2.791865796088739780e-04
2.791776441386842594e-04
2.791709849515266692e-04
2.791605367505548951e-04
2.791521195740371544e-04
2.791445225362980268e-04
2.791421074761888288e-04
2.791386428080586905e-04
2.791331734233015293e-04
2.791237797716588005e-04
