2.861173692893334009e-01
2.821590976926438010e-01
2.743154633306214008e-01
2.728425995949143035e-01
2.681807629922602354e-01
2.677328818190253257e-01
2.652938796100794971e-01
2.629992996909873426e-01
2.643579828187517244e-01
2.648036835517424969e-01
2.650812600444037437e-01
2.632435043666434549e-01
2.615372765915077724e-01
2.614689856923496647e-01
2.559772785013843532e-01
2.515129557478792410e-01
2.517982001475404519e-01
2.560653241145517400e-01
2.559039713820219775e-01
2.534845956966289560e-01
2.548723055684892214e-01
2.559885184774598477e-01
2.568371664670772159e-01
2.554418280989174672e-01
2.559407555551783120e-01
2.518746798551841914e-01
2.512290797841354451e-01
2.537111688281354915e-01
2.533479513298907415e-01
2.550194476600039506e-01
2.521077987201013615e-01
2.519006363504315837e-01
2.518445625383681774e-01
2.506803887798346731e-01
2.506410055302841222e-01
2.516028238909244763e-01
2.531137376703168629e-01
2.529423254218422512e-01
2.513474000421898613e-01
2.524972332150238197e-01
2.518488008352495755e-01
2.517569360407570511e-01
2.518826008071359812e-01
2.516699876118652091e-01
2.520984830798577714e-01
2.516373056976204392e-01
2.512319328204938307e-01
2.508862722093752051e-01
2.509646825462874542e-01
2.507814768377555348e-01
2.503485863250797250e-01
2.507152540290480403e-01
2.509394780373324085e-01
2.512519798432114038e-01
2.511224352073414545e-01
2.510935410950387858e-01
2.510803141282244022e-01
2.511296077034708141e-01
2.511107107409090711e-01
2.505763228184963998e-01
2.503634658257964940e-01
2.499491068821605433e-01
2.503328462496108853e-01
2.503190613850228008e-01
2.501093224267776360e-01
2.503451816078368086e-01
2.503932657770345238e-01
2.502492738878873135e-01
2.505548448035245235e-01
2.506695491116632812e-01
2.506166512926901735e-01
2.505423149624967927e-01
2.504213130406338639e-01
2.503277057997404520e-01
2.502049117243069221e-01
2.502274185139856666e-01
2.504509999446301038e-01
2.505845021745043422e-01
2.504902804272121641e-01
2.505073324745074603e-01
2.504914576723889508e-01
2.503900305573277807e-01
2.502163800363405022e-01
2.502131743715019230e-01
2.502442980809181372e-01
2.503169717500540736e-01
2.503534576079089469e-01
2.502936923470560626e-01
2.503813636027761858e-01
2.504098782138384771e-01
2.503809108544563511e-01
2.503700185520019161e-01
2.502627126444094685e-01
2.502535848731018420e-01
2.501928892645211011e-01
2.502586434562532602e-01
2.502062375518849247e-01
2.501313314297624602e-01
2.501540838842328807e-01
2.501741158061273618e-01
2.501503527363544421e-01
2.501428253140249303e-01
2.501384847833139080e-01
2.501593498007530503e-01
2.501299223114977210e-01
2.501129490953362122e-01
2.500836003831687915e-01
2.500811255213177819e-01
2.500866705770156129e-01
2.500879283342943293e-01
2.501287988234983661e-01
2.501152095009714360e-01
2.501089730392770383e-01
2.501121907951537326e-01
2.500854035729867531e-01
2.500980376238875480e-01
2.500965667933831571e-01
2.501227904570555438e-01
2.501359433353104178e-01
2.501234599365807498e-01
2.501276735611608348e-01
2.501423102423300793e-01
2.501421496175173509e-01
2.501511288009349299e-01
2.501504743247308094e-01
2.501490488114573862e-01
2.501414646142785525e-01
2.501606801803206714e-01
2.501663164572890397e-01
2.501509211025024770e-01
2.501366647386299435e-01
2.501332688477158062e-01
2.501280806330485884e-01
2.501217970740832186e-01
2.501188495148651825e-01
2.501077001664711030e-01
2.501057263780628870e-01
2.501077468338768206e-01
2.501028778154777976e-01
2.501113161061044865e-01
2.501076407155313763e-01
2.500972841327721019e-01
2.500971098762809763e-01
2.501049083762505454e-01
2.501009909567502021e-01
2.500968744728702120e-01
2.500970205659681089e-01
2.500938144339380775e-01
2.500948111445640554e-01
2.500929159141334068e-01
2.500823756265944109e-01
2.500784991188234607e-01
2.500832544632350940e-01
2.500764886398815778e-01
2.500736391237866618e-01
2.500658069361275659e-01
2.500635655729590012e-01
2.500650776369498507e-01
2.500668459884671235e-01
2.500684684119288681e-01
2.500701549963963433e-01
2.500699281666767249e-01
2.500653782786572132e-01
2.500659492316795185e-01
2.500684412808603097e-01
2.500655561565061635e-01
2.500613455653948325e-01
2.500614080267313799e-01
2.500636321796798622e-01
2.500657081357120504e-01
2.500642271582875775e-01
2.500625380129296582e-01
2.500615114963020691e-01
2.500603052142207905e-01
2.500618848393216243e-01
2.500641505649451313e-01
2.500631418571363507e-01
2.500592986164541509e-01
2.500606701423568334e-01
2.500561397917846485e-01
2.500577261071003088e-01
2.500577529214023653e-01
2.500605210251309884e-01
2.500607135986209761e-01
2.500600537735488960e-01
2.500611096103915187e-01
2.500606218233449862e-01
2.500633644901626984e-01
2.500650268022461820e-01
2.500642220071159771e-01
2.500630057559666275e-01
2.500641282656045350e-01
2.500630864606837589e-01
2.500623654955207997e-01
2.500618672491649042e-01
2.500617500764264478e-01
2.500621650216823255e-01
2.500609447904689198e-01
2.500614005924116090e-01
2.500607826703455938e-01
2.500621824108246738e-01
2.500618704128660941e-01
2.500596175785793074e-01
2.500599435055965714e-01
2.500597344394600574e-01
2.500568533649201175e-01
2.500576569883818934e-01
2.500559029673122824e-01
2.500555892210596376e-01
2.500550875091241410e-01
2.500546183925584920e-01
2.500533657734182458e-01
2.500522034019617701e-01
2.500526178741940830e-01
2.500526058891692771e-01
2.500525154824697616e-01
2.500517933247891067e-01
2.500524414342867319e-01
2.500521204730363767e-01
2.500524745326466736e-01
2.500536612878819787e-01
2.500524538059262225e-01
2.500532978788176930e-01
2.500533057030853712e-01
2.500527106992279647e-01
2.500519744489597684e-01
2.500524427541500616e-01
2.500520653080825495e-01
2.500521234648092062e-01
2.500520927237360747e-01
2.500524520738911516e-01
2.500521920910731555e-01
2.500517089180684938e-01
2.500509578315049941e-01
2.500511954743097065e-01
2.500512961802351386e-01
2.500512303303902284e-01
2.500513063664595026e-01
2.500510047859860197e-01
2.500514261527494453e-01
2.500517067314285691e-01
2.500515116757425771e-01
2.500514302582153014e-01
2.500512902129514714e-01
2.500513687548251429e-01
2.500513389357618688e-01
2.500504540174103285e-01
2.500504552439429817e-01
2.500500704756409287e-01
2.500499156504591980e-01
2.500499542498144656e-01
2.500495601246081612e-01
2.500495970336722995e-01
2.500494843780697862e-01
2.500502998763892704e-01
2.500501026824276662e-01
2.500497971912362671e-01
2.500496061593727171e-01
2.500489560944285650e-01
2.500491352397419820e-01
2.500490007677723669e-01
2.500497242196214609e-01
2.500497758160725725e-01
2.500503598401273564e-01
2.500503512663844186e-01
2.500503538758207522e-01
2.500503845030641603e-01
2.500488375933836438e-01
2.500488806261366159e-01
2.500486022987346013e-01
2.500486141012738806e-01
2.500484132999989950e-01
2.500483950037439840e-01
2.500485380187171813e-01
2.500485061305388612e-01
2.500492166766937197e-01
2.500488501702764488e-01
2.500485100602047872e-01
2.500482722684583270e-01
2.500482480484573222e-01
2.500488478881356391e-01
2.500487999461431521e-01
2.500487901884643205e-01
2.500486597322805760e-01
2.500485867089040082e-01
2.500485362102166098e-01
2.500485597364456858e-01
2.500484851318062196e-01
2.500483931908354940e-01
2.500485385220981849e-01
2.500485333162895119e-01
2.500484906734128376e-01
2.500426201999150777e-01
2.500484243271562934e-01
2.500475614296426285e-01
2.500476176171698706e-01
2.500470127387813823e-01
2.500470807691094199e-01
2.500471441681659801e-01
2.500472667241708802e-01
2.500472790641561915e-01
2.500479107410210067e-01
2.500478495520853106e-01
2.500478426399052045e-01
2.500478522439307794e-01
2.500478410758700809e-01
2.500479054587664285e-01
2.500478943446570734e-01
2.500479310626588236e-01
2.500479088137279593e-01
2.500478170113876186e-01
2.500479078889782381e-01
2.500479299851655623e-01
2.500478623583890503e-01
2.500478828778761597e-01
2.500478804620104301e-01
2.500478616880654203e-01
2.500478643762661379e-01
2.500478599153532766e-01
2.500478530392151177e-01
2.500478337717229049e-01
2.500477932482186305e-01
2.500478143158152422e-01
2.500478116293819442e-01
2.500478139290185364e-01
2.500477904882739688e-01
2.500478048866262570e-01
2.500478080653057433e-01
2.500477986030146260e-01
2.500478055686594647e-01
2.500477807561547472e-01
2.500477769017798169e-01
2.500477830439250537e-01
2.500477902566045074e-01
2.500477893343997504e-01
2.500477873236618409e-01
2.500477817273097925e-01
2.500476544662283973e-01
2.500476556833519659e-01
2.500476561289821653e-01
2.500476398624632557e-01
2.500476543956778319e-01
2.500476529420474492e-01
2.500476542852442252e-01
2.500477369871484390e-01
2.500477364851364515e-01
2.500477412842907476e-01
2.500477402886684408e-01
2.500477131314870483e-01
2.500477222555755885e-01
2.500477216287090854e-01
2.500467789730095314e-01
2.500477229010941160e-01
2.500476443874785071e-01
2.500475718426972693e-01
2.500475774694839171e-01
2.500475765716991261e-01
2.500475697423223398e-01
2.500475685746136878e-01
2.500475675747682591e-01
2.500475523019425328e-01
2.500476740434310896e-01
2.500476278076184666e-01
2.500476239679157442e-01
2.500476249428300046e-01
2.500476212919453545e-01
2.500472810708065374e-01
2.500476697448235086e-01
2.500476686451377217e-01
2.500471398058202732e-01
2.500475496232621442e-01
2.500476466717785895e-01
2.500475987220807106e-01
2.500476391190046277e-01
2.500476222327627229e-01
2.500476360250957208e-01
2.500476434116442048e-01
2.500476446150845522e-01
2.500476398539356326e-01
2.500476211323001685e-01
2.500476196220490221e-01
2.500475733681788992e-01
2.500475396763155445e-01
2.500422468636931406e-01
2.500471447062861952e-01
2.500469911975065629e-01
2.500477727833559372e-01
2.500477848384986546e-01
2.500511588609272695e-01
2.500475936843477021e-01
2.500472478787940100e-01
2.500562060908840811e-01
2.500485293267927789e-01
2.500477515134639228e-01
2.500438377416355218e-01
2.500430011597777336e-01
2.500448424063117514e-01
2.500482977718117006e-01
2.500483013905450136e-01
