4.473970398282275163e+00
4.499901116729241757e+00
4.518617370494383501e+00
4.540496142910658506e+00
4.558412143022490426e+00
4.580190629747921349e+00
4.600713849394671762e+00
4.615864383596831821e+00
4.633090376507746910e+00
4.650739852327319568e+00
4.660395826702497857e+00
4.673858198680554743e+00
4.685891828051818031e+00
4.701517991633886062e+00
4.709734147335558951e+00
4.717578627944066127e+00
4.727688757844424217e+00
4.735235892326070228e+00
4.745944025910154629e+00
4.755221724872093603e+00
4.761119353095540241e+00
4.764158381448965862e+00
4.765395618117546306e+00
4.768310627509602106e+00
4.771167550303666793e+00
4.773606587980985694e+00
4.779592902296649903e+00
4.772657668377208395e+00
4.776343460141433184e+00
4.767799720086340010e+00
4.769307648670805477e+00
4.770014552324499668e+00
4.781312666071420026e+00
4.775769345057826243e+00
4.769660099487937899e+00
4.769758103229742474e+00
4.764109526120785532e+00
4.760293493663181330e+00
4.759090027368821474e+00
4.752534565503675701e+00
4.754683645741788922e+00
4.751884651091645928e+00
4.742945346112159122e+00
4.734848474987776612e+00
4.732901613827887211e+00
4.729059346756860904e+00
4.728507079189000706e+00
4.722340171653069518e+00
4.715495928794101843e+00
4.707318073183400564e+00
4.697506201814762861e+00
4.698558208883962806e+00
4.691047015227053585e+00
4.684923177247129367e+00
4.684268215039954164e+00
4.678033243368717287e+00
4.660342904382478224e+00
4.655490176541436043e+00
4.646089761378459748e+00
4.644569348133290809e+00
4.638414893833060937e+00
4.624696597702938838e+00
4.619630894919943387e+00
4.601837826330777759e+00
4.591747037340865312e+00
4.586459668755129115e+00
4.578395382101435374e+00
4.567477805501686916e+00
4.560152078101741502e+00
4.540247707195329774e+00
4.527305533162900630e+00
4.513527597162119598e+00
4.490824761221532846e+00
4.472930482397564411e+00
4.452036939644808733e+00
4.433023205601429595e+00
4.421057336283448436e+00
4.407508558465369930e+00
4.395020452569607272e+00
4.381078954782307910e+00
4.380208479906603003e+00
4.361937649463966338e+00
4.355154718167763228e+00
4.337540537483474345e+00
4.327565078014287359e+00
4.323125448791558689e+00
4.314727550354078289e+00
4.315084790769272871e+00
4.300534634946287404e+00
4.284484646713687894e+00
4.271349087947022838e+00
4.258226018149725789e+00
4.230894966234468590e+00
4.218242293816087063e+00
4.203119944915794548e+00
4.190568559268875504e+00
4.173681932723412480e+00
4.165924105784096554e+00
4.151802580646641871e+00
4.132946342616140356e+00
4.114808918715032959e+00
4.084545272161528295e+00
4.068749051381390203e+00
4.059917565827895203e+00
4.049007998034915623e+00
4.033881474601554551e+00
4.011931120458983813e+00
3.993400132130674685e+00
3.981101367885526265e+00
3.974141880403035731e+00
3.959582742309907921e+00
3.943506591258631566e+00
3.925709618229620723e+00
3.913426044618111277e+00
3.888195428126534736e+00
3.876980593922489504e+00
3.860953178012802578e+00
3.841243380744296498e+00
3.821671112010357696e+00
3.812998257224020193e+00
3.802160950669007278e+00
3.779910383374953664e+00
3.768407358880335511e+00
3.749303307546175468e+00
3.740620893922399492e+00
3.732858470591263078e+00
3.715370920193781235e+00
3.702543117911544002e+00
3.680779070748102288e+00
3.660767223774672008e+00
3.647931173994776177e+00
3.639828070410557448e+00
3.621349498583577908e+00
3.603111485976212780e+00
3.598518786941154346e+00
3.588862770795717250e+00
3.579906797105675498e+00
3.570713475441131823e+00
3.569474662037746882e+00
3.545609145573007215e+00
3.531806112270965414e+00
3.527005090178600533e+00
3.505962934788056540e+00
3.486767332330835689e+00
3.471627893524444008e+00
3.460227489462454287e+00
3.436791585085328560e+00
3.412812848344584538e+00
3.401972993953614743e+00
3.385498062998932411e+00
3.370136205581482525e+00
3.355622321280099740e+00
3.343710695826080936e+00
3.320178724359065470e+00
3.302523925329032828e+00
3.278953602723878369e+00
3.273239406714356203e+00
3.248687420377534441e+00
3.223603342358138946e+00
3.197543879592224858e+00
3.184848417298104195e+00
3.168594126104986586e+00
3.152646650793705430e+00
3.145550352083154255e+00
3.133499292585366192e+00
3.125522256048596237e+00
3.118903848225839770e+00
3.107554207825230730e+00
3.089185747732714038e+00
3.068985406780997849e+00
3.063499912162146899e+00
3.050367928244452909e+00
3.035797138287404273e+00
3.029915467143805774e+00
3.010374652326943234e+00
2.989524955410851614e+00
2.981252891088776114e+00
2.956933964162768991e+00
2.947712631076754075e+00
2.925702725214312405e+00
2.916941835971260222e+00
2.901879728373558009e+00
2.897125866518166948e+00
2.883866824281730246e+00
2.869731364437735799e+00
2.851308553302412729e+00
2.839814387135894513e+00
2.819811738970691817e+00
2.813850843464338336e+00
2.814125607053832745e+00
2.798481904187882119e+00
2.794712616597392341e+00
2.784694377984600067e+00
2.757636891735543827e+00
2.744700385349549521e+00
2.733748758063599293e+00
2.727664153842696670e+00
2.708478544092975948e+00
2.698828008113153043e+00
2.684139947529118331e+00
2.658892890144372245e+00
2.634693476119145839e+00
2.631078655008978640e+00
2.620079289851456661e+00
2.588275997157041708e+00
2.566392220719736272e+00
2.554338360579435196e+00
2.530043104270535359e+00
2.508996175600942458e+00
2.489928807081567275e+00
2.486532543625903369e+00
2.482241403174396233e+00
2.461280113731135533e+00
2.449221461309432524e+00
2.438634839860636117e+00
2.435028525130839672e+00
2.414218826727745792e+00
2.398602489288863548e+00
2.386910730648771128e+00
2.379600276783494728e+00
2.369348292372310816e+00
2.356325016602025979e+00
2.350104496807978727e+00
2.335447395149424565e+00
2.320637127504965314e+00
2.305361198766624486e+00
2.298104939827331883e+00
2.298343919821150383e+00
2.283471896140794488e+00
2.270548010922889492e+00
2.255589710766032319e+00
2.239441929407003595e+00
2.229180450331689212e+00
2.227197142662883156e+00
2.220100900969781854e+00
2.225976084372686348e+00
2.220687570174450620e+00
2.200084453480564139e+00
2.181941886569529920e+00
2.156338446697322553e+00
2.138335494557327632e+00
2.130207794836888269e+00
2.119101215099562285e+00
2.114268834146817877e+00
2.109124186878043261e+00
2.103672721310866578e+00
2.089727566858093244e+00
2.089686688655309599e+00
2.083476333722984020e+00
2.065705350423209019e+00
2.062502391443671090e+00
2.051884764451539667e+00
2.041785691076408060e+00
2.029491596597161607e+00
2.025562855868407119e+00
2.010462930907272128e+00
2.011720863830984030e+00
2.001138830082515252e+00
1.986641188285640292e+00
1.980145264906537639e+00
1.967338789757877571e+00
1.963267055472255773e+00
1.964706872630274548e+00
1.962364655471196428e+00
1.956383619832541054e+00
1.929889723347111952e+00
1.926749649604102999e+00
1.906523614478712103e+00
1.898182990312785812e+00
1.898702837911911301e+00
1.871233376030778661e+00
1.857851986025172319e+00
1.864666366515107310e+00
1.863534216630274187e+00
1.842210301613795620e+00
1.841600023951032172e+00
1.836595160431914397e+00
1.819073668768852015e+00
1.808292956090408632e+00
1.796696622747516070e+00
1.800915716648947784e+00
1.814721467639034191e+00
1.799751324635291194e+00
1.784746497380464758e+00
1.779008878021576257e+00
1.776356098434151987e+00
1.771985168843537739e+00
1.767759633287740773e+00
1.739684426786391125e+00
1.739483529080332769e+00
1.721683791290808729e+00
1.695323118947176022e+00
1.675467169897160380e+00
1.665737973979021902e+00
1.660428304507869379e+00
1.651958566740499679e+00
1.652379733603580370e+00
1.638716051617526759e+00
1.636280664254311956e+00
1.628991357500692017e+00
1.631054673878694405e+00
1.618793736061298505e+00
1.607797170361348948e+00
1.605295658945842252e+00
1.596787206433835538e+00
1.586414936479125792e+00
1.586421516332289672e+00
1.575676735466054135e+00
1.556290343416203203e+00
1.543813386784869790e+00
1.540337927512228866e+00
1.537478584396685832e+00
1.531471746689198055e+00
1.520370137994339066e+00
1.521613208147999385e+00
1.516166358185857543e+00
1.502510554213799976e+00
1.503621742999176281e+00
1.498468694861337491e+00
1.489663314488027135e+00
1.478546216048260309e+00
1.479053799297282534e+00
1.469311091417174087e+00
1.454697196326924180e+00
1.451699985602375342e+00
1.446132906078402725e+00
1.447239095374346141e+00
1.456524721777735065e+00
1.448555806449906669e+00
1.431598134951036938e+00
1.423398418874421312e+00
1.425945175417367095e+00
1.422753664565063580e+00
1.417486823899134052e+00
1.413769204459172091e+00
1.402372314498691486e+00
1.390822059616812156e+00
1.385467052857819681e+00
1.371420388881084529e+00
1.367704321616395768e+00
1.360572767284127460e+00
1.352175923640928090e+00
1.353683512534220146e+00
1.352778090004780109e+00
1.349472832563517688e+00
1.342522402893800315e+00
1.343458824764430348e+00
1.329517480276292574e+00
1.318496634963449710e+00
1.313484259012209998e+00
1.303580310476823989e+00
1.297804922335322741e+00
1.289580036934643958e+00
1.288355690875425452e+00
1.289669630535422939e+00
1.289974709077150727e+00
1.284795268055495931e+00
1.276092064861152897e+00
1.278329069290504938e+00
1.266458151780859520e+00
1.267433256128436270e+00
1.262219143673221300e+00
1.252250664526497692e+00
1.251345312361123563e+00
1.242965618113593740e+00
1.241268240767797959e+00
1.243149102319245358e+00
1.225789404914827907e+00
1.209501488543746062e+00
1.209520021710523086e+00
1.203086779271938411e+00
1.198761150799189101e+00
1.196747865475488171e+00
1.199016566429522035e+00
1.195672221506246302e+00
1.191160723778122765e+00
1.181553533003487422e+00
1.182527144505439942e+00
1.179463705373764215e+00
1.176642403083329125e+00
1.169572316843480841e+00
1.162519355643911068e+00
1.159651373678268316e+00
1.156962195977184749e+00
1.150838856215685047e+00
1.150563243955695425e+00
1.148496179507012549e+00
1.140911712227387298e+00
1.145670684276668183e+00
1.138618268336345496e+00
1.140429920869705516e+00
1.139549592640844544e+00
1.126262853065836733e+00
1.122128646723038470e+00
1.126194748312956184e+00
1.129302078192963243e+00
1.125775823935776465e+00
1.122843324323702818e+00
1.117495171039600166e+00
1.106192481805687411e+00
1.101467095301550181e+00
1.098438362389493994e+00
1.094763717932360825e+00
1.085466486256494001e+00
1.078717770412676025e+00
1.078063862278780594e+00
1.075287633213153349e+00
1.071219701462539975e+00
1.066107448234887345e+00
1.059394394674084028e+00
1.057467039068300751e+00
1.055097468116931836e+00
1.053297934680838210e+00
1.050169620614321619e+00
1.039968222764033889e+00
1.034475067464802667e+00
1.027692050971132920e+00
1.021755533208553723e+00
1.024347266334044049e+00
1.016894642820047601e+00
1.018476786611177909e+00
1.015507364763465592e+00
1.010870434775126281e+00
1.008969157941124184e+00
1.005761456880658988e+00
1.004321201716345424e+00
1.002540329155521714e+00
1.002430020022907931e+00
1.001316648294103384e+00
1.002774579577399683e+00
1.005899450829459640e+00
1.002188360847749982e+00
9.991642149950491492e-01
9.983854955142795751e-01
9.918414553872036965e-01
9.827023230828388911e-01
9.794343084506177410e-01
9.727982095321294764e-01
9.710908904129958996e-01
9.704003242708436616e-01
9.645805725147695853e-01
9.603113884347797002e-01
9.575916863285467429e-01
9.537059957097698826e-01
9.450287271535264821e-01
9.436338858987656231e-01
9.416026823926081368e-01
9.332088375043936512e-01
9.315630553699565386e-01
9.302622207631775497e-01
9.277605848103516184e-01
9.259513365420299902e-01
9.269691414917811123e-01
9.241797503928256274e-01
9.223457520398810061e-01
9.209464536450328032e-01
9.166239662813638889e-01
9.130724533681153776e-01
9.061009819708073509e-01
9.003757607456015499e-01
8.977765145417316850e-01
8.961167864214191203e-01
8.971153382761759554e-01
8.949370333635863206e-01
8.960058646727236953e-01
8.976785554532287215e-01
9.005638777023653452e-01
8.959428897603559649e-01
8.979425859386738207e-01
8.957406682564326150e-01
8.960260574732984429e-01
8.910496701851783330e-01
8.894335961198888141e-01
8.843104265429433397e-01
8.817699860594936379e-01
8.813994646743441574e-01
8.769157850975816126e-01
8.721445427013903018e-01
8.691974559025303915e-01
8.704667875220538642e-01
8.667054345675553328e-01
8.612986298182588873e-01
8.556390534645438306e-01
8.543381357315203983e-01
8.500291537386887031e-01
8.487892283278771766e-01
8.476931505342486517e-01
8.475952635335081142e-01
8.456052448276071276e-01
8.380704471565834091e-01
8.356533054633500379e-01
8.327734442381663493e-01
8.314136751043641471e-01
8.283759831765158399e-01
8.245517245817874930e-01
8.273157857983107766e-01
8.243680141457514488e-01
8.221852901225312760e-01
8.182620014647866702e-01
8.190819926924127747e-01
