7.794244962103236141e-01
7.628918273560056917e-01
7.486549172617344983e-01
6.997041462770954290e-01
7.282492858102040945e-01
7.060816093763745416e-01
6.851124100966645702e-01
6.812224439237430929e-01
6.380829359563344738e-01
6.299650493469453050e-01
6.207422843571162030e-01
5.925455275548804357e-01
5.822990559313592218e-01
5.723142104384024709e-01
5.619830496899956840e-01
5.653290417415128832e-01
5.706988806954906845e-01
5.477086086344988836e-01
5.396118565039740300e-01
5.439247841915066939e-01
5.067015625539739165e-01
5.098180119512004671e-01
5.172051824363930184e-01
4.873821168569889561e-01
4.885191552037839724e-01
4.908243662950128594e-01
4.725121196350077213e-01
4.665792365501889027e-01
4.584398391006833107e-01
4.460642725520020946e-01
4.534484617151943731e-01
4.426852421208093968e-01
4.458192847593540620e-01
4.614375761328689540e-01
4.428663044582450414e-01
4.521181413911917746e-01
4.422259279466361770e-01
4.353480366090297093e-01
4.351520124115306754e-01
4.412201297933678323e-01
4.388137912110977590e-01
4.358361142487463535e-01
4.307522092180016138e-01
4.356805511971869604e-01
4.367064425800170069e-01
4.299547693585270558e-01
4.202072596409238137e-01
4.239047527296887496e-01
4.230440121336852544e-01
4.204159487468870360e-01
4.223355700538895530e-01
4.226111946034890043e-01
4.224587075613663867e-01
4.214986111873776364e-01
4.220491050486284146e-01
4.194786030405577293e-01
4.139259349620176831e-01
4.170142707828721207e-01
4.168178574051366048e-01
4.204362958220041468e-01
4.153486037195139868e-01
4.173959533815545520e-01
4.160498631903870037e-01
4.069261439389786350e-01
4.145876529154666201e-01
4.130091685505823396e-01
4.139615083126149675e-01
4.117968178422359293e-01
4.097346696999444315e-01
4.105066985336845997e-01
4.098128688863124092e-01
4.098791763951741274e-01
4.083422168634985305e-01
4.125022513669638347e-01
4.125478933197989639e-01
4.095595102113094299e-01
4.093878157874444312e-01
4.087975603326678420e-01
4.098326142857562360e-01
4.111079678382805191e-01
4.119601970400083579e-01
4.114858263657423798e-01
4.119164024547266045e-01
4.111474852332255292e-01
4.104578455116343338e-01
4.096591392411704780e-01
4.104549808935429867e-01
4.115918659913769817e-01
4.112448674895203826e-01
4.111438786877743556e-01
4.135279647552673188e-01
4.127993289400067600e-01
4.119137506280724503e-01
4.102703044032428026e-01
4.103974273262572803e-01
4.103735569515268855e-01
4.102067192032459730e-01
4.110061912328071276e-01
4.109078736434199075e-01
4.107059032633377238e-01
4.109240566293177466e-01
4.101432425850917718e-01
4.102196941808416986e-01
4.104193681819489070e-01
4.107218869120986549e-01
4.105715017946570677e-01
4.105432505022359457e-01
4.107650190146659996e-01
4.108577062639491295e-01
4.113960546708467225e-01
4.113717297898036307e-01
4.113918978326484011e-01
4.107174102611266253e-01
4.106136399989540609e-01
4.101994535808559106e-01
4.103438351996917532e-01
4.103732203098773290e-01
4.112432449532398282e-01
4.111339238575490995e-01
4.107779667825463554e-01
4.107829471320378900e-01
4.103437913884354082e-01
4.110198683379119311e-01
4.106058442080132709e-01
4.103002253395203747e-01
4.106833341482936661e-01
4.109582562413757190e-01
4.108766437350386824e-01
4.107347275415430543e-01
4.107193740651875480e-01
4.107883274528054685e-01
4.106060956455988564e-01
4.106507734139374088e-01
4.107796135865804943e-01
4.107004144592921735e-01
4.107828117895769848e-01
4.107457193680580376e-01
4.107569583692285420e-01
4.107224045785758948e-01
4.106914994876214031e-01
4.108652753059880425e-01
4.107715815844861229e-01
4.107775622362014323e-01
4.107983479026751095e-01
4.107950824095045750e-01
4.108747425628093142e-01
4.106811733263391329e-01
4.106233484143821943e-01
4.106674812698348220e-01
4.108079714542659522e-01
4.107047393342762032e-01
4.106057554105818630e-01
4.106633584965892481e-01
4.106693994547581106e-01
4.106350033660173260e-01
4.106804408499839520e-01
4.107203808216581264e-01
4.107752890796047551e-01
4.106720442357097989e-01
4.107026600884704504e-01
4.107776112047275552e-01
4.107121156890410907e-01
4.107130522367173353e-01
4.107467376841135165e-01
4.107522080034824996e-01
4.107354756182824418e-01
4.107190762051258215e-01
4.107222010913658128e-01
4.107088655658628351e-01
4.106962353519584830e-01
4.106870061815897088e-01
4.107057703067658050e-01
4.106913999856346420e-01
4.107112275428579373e-01
4.107111893130883651e-01
4.107349343323901669e-01
4.107148365951913682e-01
4.106936155771089836e-01
4.107067097868097871e-01
4.107101043300093179e-01
4.107120715244860221e-01
4.106895854356408249e-01
4.106756212161238873e-01
4.106932593379624130e-01
4.107155985867899650e-01
4.107214347342734717e-01
4.107105539136496897e-01
4.107161330414619282e-01
4.107171984766099238e-01
4.107126527569441299e-01
4.107153498108476186e-01
4.106950297939855332e-01
4.107079462650032875e-01
4.107086118261756846e-01
4.107069415911755450e-01
4.107087988537134748e-01
4.107093620116067934e-01
4.107098226129205498e-01
4.107156108147359541e-01
4.107107277653229693e-01
4.107143440771069964e-01
4.107109558191544552e-01
4.107239413126982375e-01
4.107107732507616071e-01
4.107131882226024988e-01
4.107167742827072532e-01
4.107173783022576297e-01
4.107151384133356231e-01
4.107100509587914283e-01
4.107112464073801039e-01
4.107069956641145048e-01
4.107125494288291212e-01
4.107121329993261294e-01
4.107112610467017477e-01
4.107111009987235439e-01
4.107113400411209758e-01
4.107116407817795189e-01
4.107103187848747394e-01
4.107122974076286015e-01
4.107109786907510163e-01
4.107137191836761625e-01
4.107117862416992393e-01
4.107133844337308992e-01
4.107125726208937788e-01
4.107101301607081756e-01
4.107107982804332202e-01
4.107116575103361145e-01
4.107101210489996768e-01
4.107109882298922710e-01
4.107111089109981572e-01
4.107116196127245655e-01
4.107113196765674878e-01
4.107119961603230007e-01
4.107117486319156741e-01
4.107117849452205371e-01
4.107116922593991859e-01
4.107117331269679039e-01
4.107117563142059780e-01
4.107124623522159790e-01
4.107119405650012656e-01
4.107116161708237456e-01
4.107111745623152066e-01
4.107117678133816452e-01
4.107115913493398773e-01
4.107114511947860258e-01
4.107117591241933319e-01
4.107117411883322577e-01
4.107114373675202490e-01
4.107118215443352760e-01
4.107116675718469057e-01
4.107116075410213174e-01
4.107118086189947559e-01
4.107116123011963493e-01
4.107117573865173288e-01
4.107116400581776183e-01
4.107113813605823838e-01
4.107114826600027357e-01
4.107117010501143417e-01
4.107113795338002138e-01
4.107115849191573798e-01
4.107115421990883419e-01
4.107117672840244205e-01
4.107115641587874011e-01
4.107118834161522236e-01
4.107116821560348741e-01
4.107114450953652240e-01
4.107116706512820015e-01
4.107116054558130891e-01
4.107116404066175619e-01
4.107116175671432501e-01
4.107117223350241764e-01
4.107118342287888746e-01
4.107116471466604191e-01
4.107117185531903303e-01
4.107116705605031726e-01
4.107116115801074940e-01
4.107117191925101496e-01
4.107116649041445688e-01
4.107118641792408820e-01
4.107116589397310502e-01
4.107116770784925430e-01
4.107117512330847875e-01
4.107117565737981035e-01
4.107116643419779778e-01
4.107117048137389204e-01
4.107116671099760863e-01
4.107116999446097649e-01
4.107117062014815079e-01
4.107116594499997664e-01
4.107116828081160964e-01
4.107116929386592230e-01
4.107117040211422099e-01
4.107116655693296980e-01
4.107116760713511727e-01
4.107116718571945935e-01
4.107116790915402715e-01
4.107117163807397775e-01
4.107116928946562551e-01
4.107117140613092965e-01
4.107116763833283946e-01
4.107116686248962201e-01
4.107116860015294080e-01
4.107116836741528387e-01
4.107117096463862027e-01
4.107116865728234756e-01
4.107116858287886418e-01
4.107116879600772319e-01
4.107116842958198344e-01
4.107116903404685049e-01
4.107116927552267316e-01
4.107116923726320534e-01
4.107116888516075814e-01
4.107116916869882894e-01
4.107116931612819766e-01
4.107117091475694926e-01
4.107116922060581321e-01
4.107116881826327059e-01
4.107117024320464660e-01
4.107117002552939100e-01
4.107116901819725663e-01
4.107116852279518726e-01
4.107116655763742852e-01
4.107116733576055001e-01
4.107116949614877388e-01
4.107116952041836022e-01
4.107117027559584188e-01
4.107116843230722569e-01
4.107116550205988093e-01
4.107117230217460224e-01
4.107116441319529354e-01
4.107116796052780461e-01
4.107117315678494585e-01
4.107116710432663353e-01
4.107116864173473991e-01
4.107117197267360353e-01
4.107117000402398244e-01
4.107117199119849626e-01
4.107117141495749690e-01
4.107117369718731315e-01
4.107116497168772917e-01
4.107116617722379459e-01
4.107117088264616300e-01
4.107117463781461697e-01
4.107117347665326657e-01
4.107117286361430253e-01
4.107116781898874081e-01
4.107117703584103330e-01
4.107117199933032481e-01
4.107117106807942619e-01
4.107117769348440639e-01
4.107116462232732190e-01
4.107117549753075414e-01
4.107118108650398280e-01
4.107117969114244538e-01
4.107117625827120810e-01
4.107117269146738359e-01
4.107115665815714300e-01
4.107116440518476796e-01
4.107120033086886224e-01
4.107115787308177612e-01
4.107116895615903207e-01
4.107117187149222914e-01
4.107116809666623292e-01
4.107117276614641876e-01
4.107118022815110514e-01
4.107116882082261222e-01
4.107116791196683270e-01
4.107115887769761109e-01
4.107115531738479985e-01
4.107119310130650236e-01
4.107117471403211040e-01
4.107116682844170197e-01
4.107119726771095714e-01
4.107118882101384871e-01
4.107120458532604323e-01
4.107118927707101852e-01
4.107115238797753864e-01
4.107122424999387622e-01
4.107112552592670496e-01
4.107115613168270674e-01
4.107119654716129831e-01
4.107120108168097472e-01
4.107116151286346883e-01
4.107116702801557606e-01
4.107120995835674138e-01
4.107122122150340671e-01
4.107114513715021120e-01
4.107114674002547150e-01
4.107123457558492508e-01
4.107111936063174151e-01
4.107115432024059931e-01
4.107113193761280368e-01
4.107119893149240308e-01
4.107116211221349955e-01
4.107114307387046415e-01
4.107125474871645698e-01
4.107120733086777054e-01
4.107115452782924003e-01
4.107123478440650732e-01
