1.277947394727329211e+00
1.226042049642503962e+00
1.175737362194354763e+00
1.128813416721824670e+00
1.084174493258860839e+00
1.041668291001802027e+00
1.000504538029729273e+00
9.618938321105652278e-01
9.242215596956548929e-01
8.896549455504695336e-01
8.559157520260333163e-01
8.240182477069543099e-01
7.933961522740087258e-01
7.641892126838327748e-01
7.363543531070304571e-01
7.103477102527874232e-01
6.853292148120556648e-01
6.612785669411755940e-01
6.386955077297172823e-01
6.171804993157901098e-01
5.969965033394639686e-01
5.778401221521883846e-01
5.600817172324289439e-01
5.431643637387346679e-01
5.266749486659169088e-01
5.109356759874050802e-01
4.959679134167260806e-01
4.816028665825161648e-01
4.683173116909570277e-01
4.552735798338212181e-01
4.433611275954376096e-01
4.321965333473731796e-01
4.213815009615788920e-01
4.115237699992111420e-01
4.020466367169430733e-01
3.929441502728621693e-01
3.844123090476756488e-01
3.763107064752459485e-01
3.689505344709951284e-01
3.620133575214030119e-01
3.552447854194301646e-01
3.490165372143438915e-01
3.431548738081982020e-01
3.373920430533325909e-01
3.322554125232766165e-01
3.274686433576888267e-01
3.228661658879711238e-01
3.185594741952333386e-01
3.143421016001167745e-01
3.106350824264854094e-01
3.069138136613857037e-01
3.033819073706105485e-01
3.001228203161154795e-01
2.971137728699257963e-01
2.940447868235614992e-01
2.914866164307180485e-01
2.890101161531867247e-01
2.867230918365087922e-01
2.845867591642179395e-01
2.825229280567628232e-01
2.806226439230076752e-01
2.786721682997280736e-01
2.769501827400271954e-01
2.753161910815469238e-01
2.738561594969955437e-01
2.723491456772962338e-01
2.709460995165018371e-01
2.696508336487347668e-01
2.685104129264316852e-01
2.673867077379455393e-01
2.662815973804741332e-01
2.652408412654582159e-01
2.644090141721400777e-01
2.635241755073483572e-01
2.627561686523026130e-01
2.619854009543258200e-01
2.613293278164190436e-01
2.606503050634056406e-01
2.600657040532894371e-01
2.595620321471162617e-01
2.590249489086259294e-01
2.584974392817722677e-01
2.579838326985004482e-01
2.575361369192121219e-01
2.570494177704921168e-01
2.566734794812410847e-01
2.563178195224737888e-01
2.559757341826714994e-01
2.556770852678966754e-01
2.553510991612214509e-01
2.550517296986403171e-01
2.547679573657203322e-01
2.545424546849298086e-01
2.543332130446558370e-01
2.541111536912651347e-01
2.538880450306444381e-01
2.537113887663973166e-01
2.535372201400193926e-01
2.533448815965627654e-01
2.531759789072603462e-01
2.530078078693854815e-01
2.528444643326821506e-01
2.526950316052861689e-01
2.525272290118294460e-01
2.523930952714513731e-01
2.522355763743483470e-01
2.521114026352181958e-01
2.519948263887689111e-01
2.518956650820808330e-01
2.517913782029727043e-01
2.516982278989331467e-01
2.516091429172157556e-01
2.515335717134199456e-01
2.514432952269488042e-01
2.513614567116327914e-01
2.513030463554013494e-01
2.512434926654300016e-01
2.511879732381585573e-01
2.511282832693153000e-01
2.510834152925423002e-01
2.510199757181038049e-01
2.509634908661597663e-01
2.509237341290182499e-01
2.508930495090120893e-01
2.508551478657415901e-01
2.508180683996348304e-01
2.507828498218055424e-01
2.507402510761215786e-01
2.507013557098275447e-01
2.506803853073754640e-01
2.506451530112179249e-01
2.506151861700144368e-01
2.505907245591323385e-01
2.505610074127281317e-01
2.505358632990046797e-01
2.505172204263734770e-01
2.504931933041509851e-01
2.504738009552586187e-01
2.504476940404116725e-01
2.504207706561929481e-01
2.504048888500893244e-01
2.503899280065892685e-01
2.503714175423460420e-01
2.503552975400658576e-01
2.503455488877107116e-01
2.503296979348357265e-01
2.503212739659897990e-01
2.503122791206767728e-01
2.503017401993317126e-01
2.502866723445600905e-01
2.502764424616550354e-01
2.502668189478615135e-01
2.502584409125081510e-01
2.502492649300878114e-01
2.502409925986173178e-01
2.502313802657778474e-01
2.502284846726817724e-01
2.502224146310936259e-01
2.502136062003583183e-01
2.502022667570928949e-01
2.501940722008865747e-01
2.501850546656064767e-01
2.501787742565468875e-01
2.501728103462655950e-01
2.501654716388381772e-01
2.501596213777240729e-01
2.501535285374973938e-01
2.501493947942156071e-01
2.501442924510148824e-01
2.501392736852948717e-01
2.501353897481125577e-01
2.501330942410148750e-01
2.501283714980588879e-01
2.501241690463044121e-01
2.501199657461847248e-01
2.501176658299646971e-01
2.501161375706595358e-01
2.501132719549986616e-01
2.501106125530262458e-01
2.501075922405890939e-01
2.501056213865799349e-01
2.501031275601598991e-01
2.501004413450316211e-01
2.500977984928965947e-01
2.500953005360253556e-01
2.500934178222137261e-01
2.500912934472155902e-01
2.500898778922494570e-01
2.500889180981679116e-01
2.500877328207675721e-01
2.500869601554652766e-01
2.500845463820425829e-01
2.500838087207793436e-01
2.500825754537998047e-01
2.500817642482210390e-01
2.500817383028688390e-01
2.500801746191662067e-01
2.500793855175355573e-01
2.500781925331389544e-01
2.500780364952884804e-01
2.500768036868180055e-01
2.500760087649707697e-01
2.500754603339417903e-01
2.500750007106593564e-01
2.500739469992073749e-01
2.500736081793399901e-01
2.500729982534541929e-01
2.500722508856402237e-01
2.500716494275518897e-01
2.500704328426369694e-01
2.500697316031292861e-01
2.500691286063003727e-01
2.500683232571038750e-01
2.500676179815183309e-01
2.500665580554932710e-01
2.500661595358588674e-01
2.500653237051555511e-01
2.500649284866623412e-01
2.500642325901120677e-01
2.500638598294869785e-01
2.500634121430683754e-01
2.500626352665603624e-01
2.500621109399211450e-01
2.500613309442697441e-01
2.500609031123565695e-01
2.500604502484695124e-01
2.500599206865646851e-01
2.500594863407420432e-01
2.500590709782593013e-01
2.500589722030337470e-01
2.500586680392165029e-01
2.500582405554683252e-01
2.500578876771733516e-01
2.500575717117633490e-01
2.500572278984436458e-01
2.500567906428869946e-01
2.500564574808754603e-01
2.500562936867045671e-01
2.500560460717711764e-01
2.500557698574212839e-01
2.500555103763962839e-01
2.500553455997398533e-01
2.500550166801962515e-01
2.500548529918125151e-01
2.500546890223624974e-01
2.500545608814658260e-01
2.500544491765147592e-01
2.500542722568629972e-01
2.500542102417398493e-01
2.500540143618193434e-01
2.500537225994208801e-01
2.500535397062568777e-01
2.500533553263007969e-01
2.500531951871376446e-01
2.500528876519385602e-01
2.500527535773549026e-01
2.500526318572847684e-01
2.500524454944603736e-01
2.500523545839811179e-01
2.500521647004993464e-01
2.500519909024870868e-01
2.500519175125717197e-01
2.500517550371845199e-01
2.500516481735600705e-01
2.500515942511406520e-01
2.500515256528278440e-01
2.500514286307495837e-01
2.500513817381264658e-01
2.500512595753408007e-01
2.500511658604668286e-01
2.500510440481596985e-01
2.500509285478165200e-01
2.500507868984869764e-01
2.500506411995986888e-01
2.500505014269163162e-01
2.500503783540879987e-01
2.500503446811416230e-01
2.500502670593666155e-01
2.500501421773860256e-01
2.500500625975585756e-01
2.500500056884736311e-01
2.500499548184745846e-01
2.500499082577644083e-01
2.500498485976991869e-01
2.500497873146879102e-01
2.500497173220473934e-01
2.500496581631114767e-01
2.500496104641601880e-01
2.500495696410577340e-01
2.500495039206932502e-01
2.500494581466149446e-01
2.500494092736100793e-01
2.500493708789565117e-01
2.500490615359348689e-01
2.500490321984830677e-01
2.500489697331264582e-01
2.500489062051189371e-01
2.500487977827534625e-01
2.500487148480304844e-01
2.500486547913366442e-01
2.500485800776926504e-01
2.500485013659819455e-01
2.500484805968130608e-01
2.500484511045025782e-01
2.500484176269854864e-01
2.500484015740429555e-01
2.500483581216583762e-01
2.500483388998758216e-01
2.500483208044577133e-01
2.500483045377164815e-01
2.500482775504724309e-01
2.500482621156718821e-01
2.500482569780136943e-01
2.500482455916374080e-01
2.500482240445791593e-01
2.500482081069149154e-01
2.500481928030677814e-01
2.500481750753440480e-01
2.500481564287247993e-01
2.500481371936095210e-01
2.500481201353769167e-01
2.500481093645645636e-01
2.500480974973696147e-01
2.500480859152064417e-01
2.500480764973485037e-01
2.500480626137953633e-01
2.500480510732124850e-01
2.500480347520609992e-01
2.500480269120433086e-01
2.500480168129470271e-01
2.500480009341731757e-01
2.500479853267914554e-01
2.500479797220246381e-01
2.500479688047983484e-01
2.500479583591380672e-01
2.500479459595813525e-01
2.500479348440214356e-01
2.500479266365350783e-01
2.500479095397734053e-01
2.500478970118369393e-01
2.500478853146824720e-01
2.500478727299249027e-01
2.500478615317466291e-01
2.500478518128115279e-01
2.500478434189442600e-01
2.500478365104067402e-01
2.500478325161764048e-01
2.500478293040008237e-01
2.500478237081770749e-01
2.500478166787025724e-01
2.500478128963522506e-01
2.500478059051168822e-01
2.500477695781463394e-01
2.500477676197906951e-01
2.500477626775353679e-01
2.500477514466092899e-01
2.500477417987381212e-01
2.500477346600064044e-01
2.500477249782831479e-01
2.500477166420297936e-01
2.500477082110821314e-01
2.500476997761784670e-01
2.500476993904143796e-01
2.500476970105162122e-01
2.500476928455768189e-01
2.500476891932348344e-01
2.500476860971992954e-01
2.500476727503855301e-01
2.500476709026726585e-01
2.500476726953250739e-01
2.500476390429544060e-01
2.500476343303776328e-01
2.500476332503371868e-01
2.500476320112294815e-01
2.500476327324695491e-01
2.500476322945628382e-01
2.500476329351017934e-01
2.500476319367316291e-01
2.500476331327592949e-01
2.500476342513884842e-01
2.500476331778812566e-01
2.500476315801574700e-01
2.500476280079018121e-01
2.500476226597528884e-01
2.500473980393759232e-01
2.500473865961485576e-01
2.500473662770477112e-01
2.500473775398701637e-01
2.500473907440945442e-01
2.500475657589793510e-01
2.500475723778729509e-01
2.500475518921415619e-01
2.500479217454971703e-01
2.500479779738929986e-01
2.500479933856189496e-01
2.500477914788350464e-01
2.500475336204823762e-01
2.500473885847845912e-01
2.500474331252817151e-01
2.500474527621166509e-01
