4.122632528976100663e-01
3.648519186698196415e-01
3.167736099641105807e-01
2.726490275834274613e-01
2.298060481115198339e-01
1.968347433749871866e-01
1.717901597128088653e-01
1.561331264103095751e-01
1.421930275020231449e-01
1.348204131168286302e-01
1.246570549409145301e-01
1.166545756226594621e-01
1.089115455574565239e-01
1.023604692501424857e-01
9.088494265085886314e-02
8.961883397244216343e-02
7.888908289871646162e-02
6.850020267990782064e-02
6.669640538062250601e-02
6.123923156809186336e-02
5.552770318776152625e-02
5.008278355248972635e-02
5.076711542330152732e-02
4.981665535654319910e-02
4.559190641549597245e-02
4.181926615745613918e-02
4.092102282361229082e-02
3.961844813967602130e-02
3.788323546545120657e-02
3.556791255243432065e-02
3.266601556654714911e-02
3.028796607837350163e-02
2.863917132998347256e-02
2.732386875435036111e-02
2.463018839552395811e-02
2.398969607523629421e-02
2.247651165167174891e-02
2.197107203101251321e-02
1.991787953568250821e-02
1.986501896406721313e-02
1.831407066657078642e-02
1.731033856681039179e-02
1.604652895823538428e-02
1.558159806158218239e-02
1.498405916806876993e-02
1.459207093189119481e-02
1.323586941949903527e-02
1.299497735402186868e-02
1.212294981257515739e-02
1.120133475407406390e-02
1.065683972181250688e-02
9.873563749536769588e-03
9.138325333393575861e-03
8.681461324588888445e-03
7.495554028009930071e-03
7.259678864329805956e-03
7.012944692954431805e-03
6.782987344092862581e-03
6.304642243859241019e-03
6.242794258653851236e-03
5.795470590544080265e-03
5.234397422140164846e-03
5.105245561514090008e-03
4.767669573641154096e-03
4.550293375908801008e-03
4.387467721728582210e-03
4.148056423379451081e-03
3.611724575523202630e-03
3.733068614704107037e-03
3.399622231539703790e-03
3.366734545211107297e-03
3.083238381808045114e-03
3.021863787181197462e-03
2.636284876252819459e-03
2.599492864054179023e-03
2.480186162915688861e-03
2.468828511116527308e-03
2.340612230769837862e-03
2.292024341563005888e-03
2.275443611007559909e-03
2.142547755018723177e-03
2.015440492553670013e-03
1.949644404835303461e-03
1.840605646050430099e-03
1.748769914359278891e-03
1.672195090353424847e-03
1.555369535568889607e-03
1.459951592505241182e-03
1.501685858676897380e-03
1.404805001141419280e-03
1.377726892713311601e-03
1.380267016399151694e-03
1.306410818586218594e-03
1.276639440313372120e-03
1.204556724615541037e-03
1.188883144131472336e-03
1.155688393096399383e-03
1.037812885215126180e-03
9.910007662356059080e-04
9.179879066128060873e-04
9.067517545109341111e-04
8.678950116591003724e-04
8.732446771399253113e-04
8.274832427177139342e-04
8.315449620383578641e-04
8.031781307487699788e-04
6.609036363298998080e-04
6.498527753437926668e-04
6.416226704166248882e-04
6.262517810873864796e-04
6.095855861583997573e-04
5.873040147614289226e-04
5.796248891799789336e-04
4.879166082397644040e-04
5.385751448720452542e-04
5.414385330006546686e-04
5.252545792332127816e-04
4.989896566754482062e-04
4.969502476503814478e-04
4.870820701141520158e-04
4.761709551463262245e-04
4.654322331564055308e-04
4.665707309128994053e-04
4.549605796250942536e-04
4.492489084744641327e-04
4.359623389839889073e-04
4.301821832757487260e-04
4.206231138299241796e-04
4.227893071519922292e-04
4.076701212628980027e-04
4.156079178249396061e-04
4.011000391053148981e-04
3.973586988091077471e-04
3.934359598084619060e-04
3.960682125236391661e-04
3.903030349716376125e-04
3.917315051784945028e-04
3.916534435872294473e-04
3.888748335691086396e-04
3.886753319093468506e-04
3.840328796810126293e-04
3.784270097074808863e-04
3.730442100924981417e-04
3.768322337126161136e-04
3.732850444031607286e-04
3.511387617918234412e-04
3.493590898313408120e-04
3.442198208096522265e-04
3.570186405881065560e-04
3.549657721917691324e-04
3.549046935792464605e-04
3.468545307048535539e-04
3.370041380708079480e-04
3.333905618997191683e-04
3.314414450111820114e-04
3.323872627111932546e-04
3.313318381235718767e-04
3.345382986088407261e-04
3.310741875510800217e-04
3.291079216392491088e-04
3.308337340865057704e-04
3.170438916262131087e-04
3.141725141353981956e-04
3.210289520891195696e-04
3.144937213669862178e-04
3.186966299314793064e-04
3.148654663535570644e-04
3.161899283816632981e-04
3.129310334956133090e-04
3.001761326704347312e-04
2.991393698882534595e-04
2.997664160437094418e-04
2.992370823949615623e-04
2.975243405639104799e-04
2.980561086429732464e-04
3.002672247030289737e-04
3.007952968591010175e-04
3.005978789480557179e-04
2.977320537439644534e-04
2.996664691869467545e-04
2.976619684872238575e-04
2.967061625384659644e-04
2.966197620950076792e-04
2.946982690473417274e-04
2.957532592391580255e-04
2.966068269763582005e-04
2.975268647329010587e-04
2.974685079581490185e-04
2.941113356006687862e-04
2.948146773460123002e-04
2.936620620675853732e-04
2.940144493735121910e-04
2.944722377194435177e-04
2.935840641344147385e-04
2.941502720351238864e-04
2.937615956623248255e-04
2.940655501770767866e-04
2.939000995041307802e-04
2.940574329895619772e-04
2.940902297880656352e-04
2.940006432018247998e-04
2.937263553682247690e-04
2.937818169921233794e-04
2.935421404795590184e-04
2.936929072987729157e-04
2.935519661299700479e-04
2.927526623162293859e-04
2.928935282914261378e-04
2.911273403705682845e-04
2.912028860670818026e-04
2.910776720968096757e-04
2.909555985592102482e-04
2.891603879885362672e-04
2.899346544560730404e-04
2.835036335422651439e-04
2.877191627937732274e-04
2.878024476076632620e-04
2.810498311092985823e-04
2.811234308635429625e-04
2.813884315116439456e-04
2.814522490973280118e-04
2.832732166780911696e-04
2.825997180007501323e-04
2.825136364536848092e-04
2.848706545336536240e-04
2.827775177744025698e-04
2.826469461436531745e-04
2.828364271442064125e-04
2.824392192713633251e-04
2.823760141512040070e-04
2.825061732760449562e-04
2.828582303843416306e-04
2.816031772878370876e-04
2.829021206991697034e-04
2.827071841911526075e-04
2.819124027310692445e-04
2.820570193090111500e-04
2.824644249981983751e-04
2.825964139131462464e-04
2.818289122592953122e-04
2.818523721542059686e-04
2.819020741502627518e-04
2.822380387036456254e-04
2.820133747192195869e-04
2.819556005281354319e-04
2.821557341733860105e-04
2.819496544560957420e-04
2.819257835117333936e-04
2.812997989118037282e-04
2.813609631255767720e-04
2.812478900742535447e-04
2.816876384009245468e-04
2.816620750609531818e-04
2.818138785324064439e-04
2.817943583583270954e-04
2.817537847120002784e-04
2.817584599682524055e-04
2.817164372954125522e-04
2.815403540353030184e-04
2.814617021841240999e-04
2.816362582173626786e-04
2.816322878722808394e-04
2.809885299420758183e-04
2.808813649555815125e-04
2.808884474870810524e-04
2.809485049584216419e-04
2.806682337837949253e-04
2.805855338683334635e-04
2.806688292622781257e-04
2.808222959072378564e-04
2.807424850882837266e-04
2.807841092754417367e-04
2.807970939800389764e-04
2.807842382620918736e-04
2.807955526426078076e-04
2.807363367008897884e-04
2.807544907224922932e-04
2.806980545711397230e-04
2.806887381044808217e-04
2.807032540025653855e-04
2.806692626763905053e-04
2.806763426349218396e-04
2.804004361850305710e-04
2.804597884906443513e-04
2.804438694466259265e-04
2.803618681150856439e-04
2.804015698169855892e-04
2.803768833893047815e-04
2.803699083322161228e-04
2.803768566119831020e-04
2.804174225089600377e-04
2.803969628593681136e-04
2.804058909871268612e-04
2.804673243211661246e-04
2.802890095706615640e-04
2.803269142500992503e-04
2.803642369980982986e-04
2.802868648342113312e-04
2.801949050218914615e-04
2.802470146978636558e-04
2.802095550947869898e-04
2.801988875434408173e-04
2.802945040590788155e-04
2.801799063946039327e-04
2.801615618628166518e-04
2.801311254478199703e-04
2.800362339572865411e-04
2.801370405800691086e-04
2.801832459009770274e-04
2.801542287804521716e-04
2.796455882176766849e-04
2.800391190409279871e-04
2.800647244920014467e-04
2.797074508333992826e-04
2.799168340004963302e-04
2.799203763061479345e-04
2.799847771481422205e-04
2.799420578223791385e-04
2.799965157627208015e-04
2.799906090306658862e-04
2.796329996616163252e-04
2.797517184772957367e-04
2.796154041695350103e-04
2.795002640056938972e-04
2.794517646012780214e-04
2.796388084020608091e-04
2.795124659709517551e-04
2.793370175507262250e-04
2.796214805476756248e-04
2.794966364536807281e-04
2.795764544157455051e-04
2.795151771784308179e-04
2.795636384990476129e-04
2.794332617364440885e-04
2.794377325360741186e-04
2.795694919975723683e-04
2.796236494157130483e-04
2.794836802198601144e-04
2.794903203432619766e-04
2.794932110634620252e-04
2.793837536051378386e-04
2.794296213881725631e-04
2.793583494605253546e-04
2.794457108339871228e-04
2.794247904413102923e-04
2.794609742226693175e-04
2.794008401073587488e-04
2.793299130456047071e-04
2.792478166173862795e-04
2.794371630454018339e-04
2.793180502336051153e-04
2.793514459887142237e-04
2.792760921250060429e-04
2.793174971915039599e-04
2.793248357657163563e-04
2.793187618790155761e-04
2.792257719524343998e-04
2.793035367431435890e-04
2.791394880738690522e-04
2.792051495097150815e-04
2.792753863827640527e-04
2.790652703849029427e-04
2.791478744044800179e-04
2.791597614156329787e-04
2.791567146651932033e-04
2.791280429622086754e-04
2.790923608820105174e-04
2.792187589235473467e-04
2.791436364968459321e-04
2.791549180036151726e-04
2.789981077866627614e-04
2.793004836200195322e-04
2.790210103136966848e-04
2.790950437906102814e-04
2.790807011154778673e-04
2.791794421054045365e-04
2.791199740469449712e-04
2.790128024369656476e-04
2.790909868102058825e-04
2.790025705467863936e-04
2.790607785133322792e-04
2.791168948470448136e-04
2.790195180126724497e-04
2.791210414877421829e-04
2.791354480727517703e-04
2.791684500150074574e-04
2.791022910429259100e-04
2.790583891953107420e-04
2.790065466819900870e-04
2.790963188239022280e-04
2.790136420048685856e-04
2.790345904094854060e-04
2.789690210416972526e-04
2.790075399102268311e-04
2.790242035188571527e-04
2.790972749894148801e-04
2.790386822699241582e-04
2.790546992964555825e-04
2.789386425890715308e-04
