1.283560570027256542e+00
1.238267798280646925e+00
1.196179084821064276e+00
1.156151326377276245e+00
1.119033343412620507e+00
1.085350270935593997e+00
1.050406740665143168e+00
1.017923918707892339e+00
9.857433081687246856e-01
9.548177478406869589e-01
9.266061487345582659e-01
8.996543877707946502e-01
8.742873000578080811e-01
8.515661019296834056e-01
8.277704411219719560e-01
8.061025205452292397e-01
7.859031569741482537e-01
7.660355289366886922e-01
7.471790178163679741e-01
7.301946187976473546e-01
7.138351037142650624e-01
6.973327265634314820e-01
6.818147259171423169e-01
6.680958045568938797e-01
6.539202797294957348e-01
6.400558274114871438e-01
6.271662948457601416e-01
6.148052636364644830e-01
6.027826053146612129e-01
5.917856329003986504e-01
5.809385452263007288e-01
5.714122148203841789e-01
5.618926309365666061e-01
5.532391171575052891e-01
5.461346566873346298e-01
5.378788102905158741e-01
5.313510358866064820e-01
5.245335389341342358e-01
5.181415480527669093e-01
5.116755168225484152e-01
5.062333965829847182e-01
5.007624271514137249e-01
4.960811810644336628e-01
4.913342202892469479e-01
4.870454623769169267e-01
4.830612504354197534e-01
4.786282361541127628e-01
4.741402050248316735e-01
4.704497834593024397e-01
4.667147752429773866e-01
4.634583952134464502e-01
4.603278116893569916e-01
4.576293235480008437e-01
4.551771842796168421e-01
4.529077956759479662e-01
4.508923689717190819e-01
4.485393979447484525e-01
4.461611241631956992e-01
4.439759159934483224e-01
4.419833370653795668e-01
4.404539529234381412e-01
4.387662566630218253e-01
4.371300575447578662e-01
4.357976390531544952e-01
4.338835427327907279e-01
4.326130339799942881e-01
4.313742684474520805e-01
4.301855662931416413e-01
4.289736955278008468e-01
4.277931021595683947e-01
4.265564255731363330e-01
4.253992192467840328e-01
4.244104395189664536e-01
4.234226992811099821e-01
4.225626010358921603e-01
4.218872014927657066e-01
4.210519796219667765e-01
4.203242672747577457e-01
4.194758541176605293e-01
4.188851974757742402e-01
4.183802058888969055e-01
4.178811877954876630e-01
4.174560051042804920e-01
4.169929839210781974e-01
4.165916468359681657e-01
4.161863268361534196e-01
4.157738126341595231e-01
4.155155320982286682e-01
4.152238812397672785e-01
4.149336837463446503e-01
4.146277465501798654e-01
4.145400103170819861e-01
4.144452791814847714e-01
4.142900393526978697e-01
4.140155224825540214e-01
4.138303672384403553e-01
4.135945750021686740e-01
4.133760559748743679e-01
4.132168773125464156e-01
4.130535228329910158e-01
4.129011249733828826e-01
4.127485767977808195e-01
4.125820102940119249e-01
4.124618566331418323e-01
4.123208028655669377e-01
4.122049330059073813e-01
4.120745724950187761e-01
4.119591833771940603e-01
4.118993925267417922e-01
4.118070094510685175e-01
4.117422611938290622e-01
4.117052999941140934e-01
4.116701810501219305e-01
4.116119584045735413e-01
4.115478724663238497e-01
4.114608525643991266e-01
4.113941506355485167e-01
4.113281662882770640e-01
4.113356461599443348e-01
4.113198353272977670e-01
4.112676201981986246e-01
4.112255650895842995e-01
4.111788341022579729e-01
4.111476744764152036e-01
4.111151090674215469e-01
4.110629737633736402e-01
4.110429411268047284e-01
4.110359910743711653e-01
4.110087430738252889e-01
4.109905461724711051e-01
4.109668851355491870e-01
4.109568266621466126e-01
4.109263944578469552e-01
4.109110282316696394e-01
4.108867076145444885e-01
4.108775599361177977e-01
4.108709663726169969e-01
4.108690813979756773e-01
4.108712302302333641e-01
4.108731575313511741e-01
4.108630898224544525e-01
4.108607801922948832e-01
4.108506420670644532e-01
4.108340834445094458e-01
4.108336801094784052e-01
4.108274067459700696e-01
4.108265172728685632e-01
4.108116377894365234e-01
4.107950798250576963e-01
4.107880901216633962e-01
4.107853315658785420e-01
4.107872447704474794e-01
4.107811365244011248e-01
4.107718355024686518e-01
4.107620077058071195e-01
4.107553502177695437e-01
4.107499062809243373e-01
4.107477034892348389e-01
4.107477879594663150e-01
4.107411007484480514e-01
4.107406511385274239e-01
4.107434703388346264e-01
4.107419972549936071e-01
4.107442115674452277e-01
4.107448336622331331e-01
4.107446549938681413e-01
4.107409381807701210e-01
4.107386613535364828e-01
4.107384746704539902e-01
4.107374146666271653e-01
4.107347719075690740e-01
4.107309211507031987e-01
4.107289807702289020e-01
4.107258275157249505e-01
4.107245409267126779e-01
4.107217247102686875e-01
4.107212898060901285e-01
4.107212486301857757e-01
4.107206644184088207e-01
4.107207172157631980e-01
4.107197339358628629e-01
4.107192511400092894e-01
4.107175213229596888e-01
4.107155632416892299e-01
4.107128002344189177e-01
4.107149023539695132e-01
4.107155879354961736e-01
4.107135523233739760e-01
4.107140024394157485e-01
4.107128898829992547e-01
4.107125173037912691e-01
4.107139400026409981e-01
4.107135755026912749e-01
4.107132272605833467e-01
4.107152195386482019e-01
4.107152253425472299e-01
4.107139129135122246e-01
4.107126760123674947e-01
4.107115444565028195e-01
4.107116811371210874e-01
4.107115127177799474e-01
4.107109304001225203e-01
4.107114867683120396e-01
4.107118014645255721e-01
4.107111808308947509e-01
4.107098273135194044e-01
4.107116223569242663e-01
4.107121810858848088e-01
4.107127165167365201e-01
4.107125421339139493e-01
4.107122965915478430e-01
4.107120936608328332e-01
4.107122925000728508e-01
4.107128859972756785e-01
4.107129127443467365e-01
4.107131110534532059e-01
4.107132063207377115e-01
4.107129828318351050e-01
4.107129907812726022e-01
4.107123548878555130e-01
4.107126368491892388e-01
4.107127330566345269e-01
4.107130578864339188e-01
4.107126804687740718e-01
4.107127699473968052e-01
4.107127649127568780e-01
4.107124963406066365e-01
4.107126201530564291e-01
4.107126599687040969e-01
4.107124471202704408e-01
4.107124206991925042e-01
4.107124232080279214e-01
4.107124927928665903e-01
4.107126937033632741e-01
4.107127623981182696e-01
4.107125679727994805e-01
4.107125681003279682e-01
4.107125097209319842e-01
4.107123871676381932e-01
4.107123830947854159e-01
4.107121547935184691e-01
4.107121622057112731e-01
4.107121206736157881e-01
4.107121435872961301e-01
4.107123090606865645e-01
4.107121695586352650e-01
4.107120572240697265e-01
4.107121138235272362e-01
4.107121325314592175e-01
4.107121927840938769e-01
4.107122178476738661e-01
4.107121765401874347e-01
4.107120156285573032e-01
4.107121515966569714e-01
4.107122633063237105e-01
4.107121736418678504e-01
4.107121085976265795e-01
4.107120309778317102e-01
4.107120203724345942e-01
4.107120441119042620e-01
4.107121052899616043e-01
4.107119654298256872e-01
4.107118401073037717e-01
4.107118790191655600e-01
4.107118402228009391e-01
4.107118504883301435e-01
4.107117966696538502e-01
4.107117807974577373e-01
4.107117372453940596e-01
4.107118252751066345e-01
4.107117851498042760e-01
4.107118359681188879e-01
4.107118754915298209e-01
4.107118888659829770e-01
4.107118696664789903e-01
4.107118516264266495e-01
4.107118117378857902e-01
4.107118496879963443e-01
4.107118499801857836e-01
4.107118647931000677e-01
4.107118485949967090e-01
4.107118856820186625e-01
4.107118748608065140e-01
4.107118606112824533e-01
4.107118064608328289e-01
4.107118059189245329e-01
4.107117767175954004e-01
4.107117539616902957e-01
4.107117508549252283e-01
4.107117602732016648e-01
4.107117562639031050e-01
4.107117191198954020e-01
4.107117474505180832e-01
4.107117386106901025e-01
4.107117122965310285e-01
4.107117285355466052e-01
4.107117223045768095e-01
4.107117171384264132e-01
4.107117136516429401e-01
4.107117247466959276e-01
4.107117471517579554e-01
4.107117480701965029e-01
4.107117510369059366e-01
4.107117646612460371e-01
4.107117626241887365e-01
4.107117427645767260e-01
4.107117371738729927e-01
4.107117217499441919e-01
4.107117242312480210e-01
4.107117358673397778e-01
4.107117356820882415e-01
4.107117261848771128e-01
4.107117150407738615e-01
4.107117074636048581e-01
4.107117005479128946e-01
4.107117052935642110e-01
4.107117130764899593e-01
4.107117108929639326e-01
4.107117113619136450e-01
4.107117168602207324e-01
4.107117051641088756e-01
4.107117029021418730e-01
4.107117005780209218e-01
4.107116978094377258e-01
4.107117018555687116e-01
4.107117026710326302e-01
4.107116998887173631e-01
4.107117023986043836e-01
4.107116916783847271e-01
4.107116953801225323e-01
4.107116939015961199e-01
4.107116900721052843e-01
4.107116920563004814e-01
4.107117003505407760e-01
4.107117006830885986e-01
4.107117002024119334e-01
4.107117024351099599e-01
4.107117009316517686e-01
4.107117001320971239e-01
4.107117001714801208e-01
4.107117005092242312e-01
4.107116983050136394e-01
4.107116988416642522e-01
4.107116995558229844e-01
4.107117054813730350e-01
4.107117053622015845e-01
4.107117035487660162e-01
4.107117104859743240e-01
4.107117090169874474e-01
4.107117080471265336e-01
4.107117123171711848e-01
4.107117099503757585e-01
4.107117153805665000e-01
4.107117215271603450e-01
4.107117239975590639e-01
4.107117241124823570e-01
4.107117261237611672e-01
4.107117224954295875e-01
4.107117176715673335e-01
4.107117297671321055e-01
4.107117225293259177e-01
4.107117183593316234e-01
4.107117170713487919e-01
4.107117151291338475e-01
4.107117154459938302e-01
4.107117229210097697e-01
4.107117222543978929e-01
4.107117176393554336e-01
4.107117103880997266e-01
4.107117031132975216e-01
4.107117148055448030e-01
4.107117172183939457e-01
4.107117155657976637e-01
4.107117261779417161e-01
4.107117351409447226e-01
4.107117506697236520e-01
4.107117577228416305e-01
4.107117437491746292e-01
4.107117738884040747e-01
4.107117497376021054e-01
4.107117457232194457e-01
4.107117608152214272e-01
4.107117763664795973e-01
4.107117671362882638e-01
4.107117714679655029e-01
4.107117914133514569e-01
4.107118025219672619e-01
4.107117801576750105e-01
4.107117601698579423e-01
4.107117964240680763e-01
4.107117647635679103e-01
4.107117518800100786e-01
4.107117411244933791e-01
4.107117547223863019e-01
4.107117325028424304e-01
4.107117162675332778e-01
4.107117570322526001e-01
4.107117642678443925e-01
4.107117489273162114e-01
4.107117921200718058e-01
