6.088696652373235985e+00
6.540672986694921143e+00
7.367724242522620592e+00
8.249355274420098638e+00
9.043140087133215488e+00
1.008764224650434294e+01
1.094883158702955583e+01
1.168890627050766540e+01
1.234332979325099977e+01
1.291945436186128049e+01
1.391315375092589157e+01
1.450315330012616855e+01
1.496107340474988767e+01
1.566113482798064105e+01
1.595347545918416010e+01
1.611801783644531127e+01
1.603881078641850166e+01
1.745382413666182941e+01
1.693825178565839451e+01
1.774654088812778951e+01
1.694675905941031147e+01
1.704598575539994698e+01
1.888571176889912451e+01
2.113382241956979257e+01
1.943140111782548018e+01
1.971062588813887828e+01
2.001136156719256931e+01
1.985901856922276565e+01
2.084524198231178005e+01
2.152532846037849978e+01
2.306459395311167526e+01
2.234627928981006662e+01
2.429463148643034032e+01
2.550457640562609640e+01
2.153061859687483448e+01
2.214041249290405133e+01
2.024217247188035529e+01
1.995927438835459355e+01
1.928596796985207007e+01
1.841009674942552721e+01
1.871426653331344170e+01
1.924938545116130229e+01
1.885940256786411595e+01
2.064939683688001182e+01
2.018554162490132597e+01
1.959521907611698310e+01
1.719867320457381865e+01
1.583054144122350593e+01
1.579663072586543571e+01
1.486403331729502320e+01
1.597345231815792310e+01
1.734730247449392238e+01
1.780912622836692805e+01
1.747432927342824982e+01
1.595030949937224740e+01
1.597044669317647170e+01
1.584834340229283001e+01
1.532152195805655026e+01
1.539727237855206887e+01
1.528288630835126227e+01
1.468004867406360425e+01
1.455537724002635080e+01
1.355834052028262882e+01
1.189863348294505307e+01
1.196541618330073220e+01
1.252281500023277694e+01
1.311743492718802351e+01
1.323106329135474191e+01
1.232093657585692092e+01
1.183039367079356374e+01
1.163770246455573165e+01
1.141368985626959542e+01
1.118893383477058556e+01
1.179525716224923038e+01
1.275810896439601194e+01
1.335836089946361227e+01
1.324251526090158926e+01
1.147367632031838802e+01
1.088414844974730578e+01
1.095395341206771178e+01
1.105011888618681404e+01
1.101597079059213158e+01
1.089543964895982420e+01
1.134845144894055657e+01
1.127032250993025997e+01
1.166211122634848252e+01
1.170882886611125606e+01
1.133916145114049989e+01
1.180030583552533407e+01
1.166448674029908261e+01
1.007120251280628942e+01
1.002953679749323435e+01
1.038124620603626624e+01
1.022871107172223049e+01
1.061900565345159286e+01
1.089522721111148407e+01
1.075450305153414554e+01
1.045857225438925475e+01
1.051314859370016741e+01
1.007059303085287993e+01
1.013706197907446516e+01
1.005637871068854317e+01
1.021053903423470643e+01
9.938985778368879309e+00
1.007193566815147356e+01
1.017835255880527967e+01
1.026527192576236480e+01
1.016428260847754395e+01
1.011792848322842708e+01
1.036022877009162535e+01
1.013599910850809493e+01
9.717540441645363458e+00
9.744780046590618028e+00
9.750417449274729975e+00
9.831236261059911996e+00
9.848841522614883104e+00
1.038126994382011858e+01
1.024329442846852523e+01
9.752636221832016616e+00
1.064686099281636089e+01
1.014759349141666434e+01
1.018371535263796623e+01
1.208063947953096751e+01
1.341896711624410443e+01
1.163650030723360729e+01
9.344911106247279164e+00
1.062721164782373684e+01
9.546137176395433244e+00
9.313853587016911462e+00
9.592544652831531238e+00
8.781849053126231652e+00
8.882735892798709898e+00
9.160101640907367226e+00
8.897063738751604944e+00
9.113574127019678173e+00
1.032416459150070587e+01
1.112450899623704004e+01
1.021642396845895995e+01
9.507300694687780052e+00
8.598510697232793376e+00
8.633763080487293351e+00
8.793680286703704496e+00
8.297534245717882229e+00
8.491523020328825666e+00
8.282070088580359979e+00
8.516994709347788017e+00
9.198928760753291911e+00
8.167602834258525846e+00
8.037279466370851111e+00
7.726326161626115407e+00
7.735624990390435052e+00
7.794050079656939189e+00
7.790366176529287756e+00
7.562298737621021338e+00
7.555472356602830786e+00
7.621172483192534486e+00
7.675968091909902036e+00
7.616953516278994307e+00
7.475673238596715287e+00
7.442578737283207069e+00
7.342079585741156045e+00
7.327919695701446301e+00
7.346141292529940969e+00
7.320511907074712887e+00
7.472255304066742099e+00
7.396761467280915880e+00
7.435473725880754614e+00
7.530643148835204137e+00
7.752971286219797697e+00
8.039489689280797435e+00
8.141104337405954183e+00
8.563834973959806973e+00
8.377689515662442687e+00
8.970893610957562103e+00
1.076093966324245521e+01
1.179888847728211587e+01
9.702608761681309701e+00
1.065837344921475704e+01
1.008055608168097095e+01
8.577253108459160558e+00
8.376486615455434048e+00
9.364658684843211844e+00
1.076052879640377746e+01
1.089034216404684052e+01
1.202207309216826125e+01
1.396306987493593255e+01
1.377555606158141366e+01
1.260492203911779008e+01
8.213956084410025227e+00
7.293894476150009964e+00
7.348519096070049272e+00
7.534110774834434920e+00
7.569785901817307483e+00
7.191463467127396036e+00
7.116346607643538213e+00
7.124101364754096721e+00
7.201122947076721736e+00
7.055345607436014355e+00
7.058997642240223414e+00
7.057886913536044027e+00
7.066832692345687228e+00
7.048659554923794701e+00
7.129238302954296280e+00
7.162168520714696562e+00
7.161769661291506495e+00
7.075930224967752480e+00
7.172872697843464707e+00
7.269633468287918454e+00
7.280918463801828722e+00
7.263291524945195476e+00
7.316278181533414582e+00
7.247915715916963819e+00
7.255039286194476134e+00
7.110810212609099956e+00
7.155887619445376657e+00
7.116613003705438700e+00
7.217911755650176175e+00
7.098663989671548435e+00
7.192224808991413809e+00
7.212097456964580822e+00
7.171286512559262860e+00
7.343782353785531569e+00
7.208314028864712064e+00
7.232142344929949118e+00
7.188962076207990215e+00
7.103233291232938562e+00
7.126880957160148355e+00
7.230157660403107478e+00
7.230724889382650566e+00
7.385816302535364919e+00
7.629624709428536988e+00
7.378602183218792909e+00
7.089243592205505706e+00
7.142214712048359893e+00
7.026932379510015814e+00
7.029073030710518921e+00
7.024782507469211623e+00
6.929206825508775758e+00
6.874480313081778426e+00
6.909387686922635829e+00
6.920585133381586651e+00
6.931918899659258670e+00
6.991776643266370606e+00
7.082964044475851040e+00
7.119892084550166089e+00
7.104395337754111139e+00
7.180661712319337475e+00
7.306353551114634470e+00
7.471948898108608184e+00
7.572384431475593480e+00
7.473886681676012778e+00
7.585952623690003449e+00
7.943073165762956300e+00
8.086647010338895214e+00
8.801246286331318558e+00
8.366494976872415279e+00
8.850726445474258242e+00
8.904847415700567481e+00
9.510541464058034578e+00
9.569940358077808185e+00
7.587330842479035553e+00
7.401614011234036283e+00
7.439844954493398888e+00
7.359447476445935443e+00
7.318976599050388110e+00
7.750409355681944668e+00
7.542883325642774750e+00
7.537094531990402579e+00
7.158398191506480046e+00
7.256502454789083068e+00
7.471748634392486821e+00
7.011253295281449027e+00
7.201386378686181367e+00
6.889619817303477944e+00
6.761634626146707738e+00
6.766102213103511787e+00
6.845570979369287379e+00
6.765407364891729003e+00
6.754412241356314794e+00
6.860467734197473355e+00
6.953309838627101058e+00
6.819595039189890961e+00
6.722194224036463162e+00
6.671640379034552204e+00
6.690155872383853897e+00
6.789951207666405253e+00
6.766595750066434434e+00
6.848555417678297452e+00
6.896230601552169936e+00
6.776121290525369822e+00
6.788288341295186434e+00
6.968200934897339494e+00
7.010446190238061703e+00
6.899069053161942300e+00
6.901246632527998415e+00
6.939303469989570594e+00
6.942664153853937314e+00
7.134025002821530848e+00
6.891311118308136585e+00
6.992679167808802276e+00
6.962264442514002560e+00
7.237159209215444200e+00
6.759126367235303690e+00
6.818519012493154285e+00
6.827992844277102513e+00
6.763413032024588212e+00
6.763868659529141958e+00
6.745139963597610588e+00
6.751581938685636608e+00
6.806939489320942727e+00
6.804487133407771005e+00
6.729633449248996868e+00
6.780641857361898950e+00
6.860927330308616234e+00
6.770792724037420385e+00
6.773707069062094632e+00
6.710752981856000332e+00
6.722707046727397717e+00
6.723086786163111839e+00
6.719636602650816748e+00
6.666526390301374505e+00
6.658164559376405833e+00
6.695214983952939569e+00
6.659805301936513544e+00
6.663866975348337718e+00
6.635439218320204446e+00
6.620078819980816043e+00
6.653295982640702100e+00
6.635247365148688736e+00
6.682573635034285253e+00
6.660060262535321129e+00
6.602187131693186828e+00
6.616564725617094744e+00
6.632820093646237147e+00
6.632082813383747499e+00
6.618884183758688700e+00
6.642799561971191480e+00
6.642298557065671183e+00
6.662736493489289202e+00
6.680064886540105995e+00
6.672041599198476725e+00
6.695589051981536421e+00
6.693015225402431767e+00
6.731948413023808975e+00
6.729062633700907625e+00
6.721998002670365402e+00
6.739618092862443177e+00
6.705711171849381813e+00
6.632964966485365821e+00
6.692231645481112601e+00
6.740315758904687371e+00
6.734507876288483352e+00
6.648786411025762177e+00
6.702239143309847158e+00
6.732005973342929828e+00
6.621162871644413528e+00
6.616637126778816658e+00
6.652296041314566644e+00
6.621814411504651332e+00
6.633777742117715093e+00
6.610459209767250321e+00
6.567081566674286996e+00
6.584899293324475877e+00
6.584551555710664417e+00
6.581667770101263137e+00
6.590190828624980846e+00
6.613219441296282142e+00
6.648599868714113903e+00
6.700781695564630880e+00
6.734038185022845902e+00
6.659868580510964087e+00
6.627647434578657126e+00
6.601881341968954153e+00
6.610672426436339677e+00
6.604314422891411240e+00
6.584304509173581899e+00
6.565572907659001700e+00
6.558619851251772381e+00
6.557046381358490272e+00
6.561820016256302956e+00
6.558473239807968369e+00
6.558681486381680692e+00
6.564735327671356480e+00
6.558590158903077949e+00
6.563972925009564641e+00
6.564807921880126074e+00
6.563380820085582990e+00
6.568712285751733049e+00
6.564002555186410959e+00
6.573137536517990043e+00
6.562445585885016364e+00
6.565400305504724976e+00
6.558358540805833137e+00
6.558639508019004971e+00
6.561589953892838167e+00
6.561833887794708886e+00
6.583563818544089230e+00
6.612094101418494851e+00
6.637904254627313705e+00
6.638158757847502756e+00
6.649250266629747053e+00
6.658556248105920616e+00
6.658357547858972048e+00
6.657426880311360762e+00
6.777347458844127814e+00
6.745373744244639980e+00
6.588090469719936948e+00
6.575330187046440678e+00
6.571999718884999453e+00
6.572076665435128362e+00
6.573747556228282996e+00
6.564014946478193835e+00
6.561498918585475515e+00
6.555675803622683873e+00
6.558914141858306124e+00
6.559242760496213798e+00
6.567157053908143638e+00
6.563146569954527720e+00
6.562628301707954748e+00
6.563309440608513512e+00
6.562298800255855546e+00
6.555073627263718450e+00
6.556152547744628301e+00
6.554965178937696813e+00
6.550406501895445821e+00
6.549661817957001197e+00
6.550345715114066714e+00
6.550977533061400848e+00
6.553522612423879679e+00
6.549874724762989153e+00
6.550947926837303648e+00
6.551067018324062907e+00
6.555849330000325992e+00
6.555899417132450502e+00
6.558458234203790482e+00
6.553418249721917554e+00
6.553867703007904666e+00
6.553379230485921525e+00
6.551337033303134660e+00
6.552342253754097179e+00
6.550823506147138708e+00
6.549381181445540712e+00
6.549870303573468888e+00
6.550503643875734028e+00
6.550792445310573697e+00
6.549479508538295747e+00
6.550717298809187739e+00
6.551422609224442972e+00
6.553730742165873480e+00
6.552860324260552538e+00
6.554356468495917909e+00
6.551828172490166580e+00
6.555815812905350093e+00
6.555405887562672618e+00
6.553593078776269287e+00
6.557600186874172898e+00
6.547190140576878647e+00
6.546603184604826708e+00
6.547708647082381539e+00
6.545147525143865330e+00
6.544965866003066068e+00
6.544832946509489879e+00
6.544979154811386479e+00
6.544787505416817197e+00
6.545432771477234013e+00
6.545273353589082355e+00
6.544754088023641003e+00
6.546491039072370732e+00
6.547644789833126033e+00
6.548325868349442302e+00
6.545288745179424161e+00
6.546178508120749306e+00
6.546597125835305953e+00
6.545374869979458055e+00
6.545145443842413258e+00
6.544984026880425354e+00
6.545544324909205791e+00
6.546892793357910634e+00
6.544385888105698434e+00
6.544327680465602981e+00
6.543797894087900247e+00
6.543959631472493044e+00
6.544346603428848219e+00
6.543707786637529722e+00
6.543449053329455367e+00
6.543721119059220825e+00
6.544855122754037247e+00
6.545515380183786647e+00
6.546067887294849008e+00
6.550040088582018249e+00
6.545796684063806659e+00
6.546499062465580998e+00
6.546202746438067877e+00
6.546179426869877638e+00
6.545989417495417406e+00
6.546501519648490586e+00
6.546580543543855768e+00
6.544929843120240065e+00
6.547774842442948717e+00
6.545762154165809754e+00
6.547935207839766569e+00
6.553697136919408806e+00
6.581469980188147773e+00
6.546236151506619194e+00
6.546883496103441225e+00
6.549418206267593412e+00
6.547408677711548997e+00
6.547873872977126197e+00
6.546295769016053256e+00
6.547094443721015011e+00
6.546586048700693716e+00
6.547270441573799893e+00
6.545906718265779745e+00
6.546102261801791222e+00
6.547527364364050584e+00
6.544830853263607473e+00
6.545797264829718465e+00
6.544396464565795490e+00
6.544807845107787792e+00
6.544243945884874236e+00
6.543538846822162469e+00
6.543504690232785137e+00
6.543694276159957468e+00
6.544171330553670174e+00
6.542834703767426596e+00
6.543387223157320243e+00
6.543130650775647261e+00
6.543337288126384266e+00
6.543378864335660516e+00
6.543323776096966249e+00
6.543283247242172251e+00
6.543369044509516286e+00
6.543260238169092524e+00
6.543100679229169714e+00
6.543273273117130806e+00
6.543168308815124234e+00
6.543399944220496423e+00
6.543654653934447119e+00
6.543241396018184552e+00
6.543267702687296961e+00
6.544345916898532067e+00
6.543796122048990860e+00
6.544628432298681631e+00
6.543795071692832366e+00
6.543924638646689829e+00
6.543418728992663524e+00
6.543136629670649462e+00
6.542555891512121136e+00
6.542279943593490188e+00
6.542858696006467412e+00
6.543715684290901002e+00
6.541600899288694926e+00
6.541858205790707537e+00
6.542475973893391306e+00
6.542881893913099489e+00
6.545732494348269093e+00
6.544814360533257158e+00
6.547309980131641893e+00
6.541212355516161203e+00
6.541361731627498344e+00
6.541332610856370522e+00
6.541731783835214920e+00
6.542183548080096500e+00
6.542038606510015342e+00
6.542586578991473445e+00
6.540435668470489183e+00
6.540495823822113586e+00
6.541161225698855830e+00
6.541025787715776474e+00
6.542761998857017147e+00
6.543646698805606121e+00
6.543983297862330240e+00
6.547283214476823154e+00
6.543947309373218779e+00
6.546260329746147910e+00
6.543706726075561697e+00
6.546088807035672197e+00
6.547011128094139210e+00
6.542163845756865825e+00
6.541223749300296042e+00
6.541653873844432532e+00
6.541348248041607860e+00
6.541441263101747339e+00
6.540919472744850083e+00
6.542062306544029759e+00
6.541692489079925288e+00
6.541409178442247452e+00
6.541553611682203950e+00
6.542312306862104521e+00
6.542114599204089664e+00
6.542900396633440252e+00
6.541917872072946949e+00
6.542812851493374993e+00
6.541682195081011564e+00
6.541264341087313916e+00
6.540858166410764341e+00
6.540788965565194957e+00
6.540899466313890187e+00
6.541264182182117359e+00
6.540889434804002533e+00
6.540600402471964614e+00
6.541052929844878960e+00
6.540754443158228959e+00
6.540803107550052786e+00
6.541156444757603161e+00
6.540806210707333257e+00
6.540574762658251551e+00
6.540621321291950174e+00
6.540554310219718559e+00
6.540533290150546186e+00
6.540428097892921677e+00
6.540560823796248258e+00
6.540778409261916337e+00
6.541126389259611429e+00
6.542218569808032846e+00
6.540214409721225586e+00
6.541331875482051750e+00
6.542995317297527258e+00
6.540451376204904577e+00
6.540059352353639888e+00
6.540023143277401196e+00
6.539752117066075066e+00
6.539675619478973800e+00
6.539733189502157984e+00
6.539878045270537399e+00
6.539810600400968177e+00
6.539933759528111068e+00
6.540036967752436148e+00
6.540065124018750176e+00
6.540079409529245602e+00
6.540384866364355787e+00
6.540434213446745915e+00
6.540560811039402900e+00
6.540597151602500325e+00
6.540472520035720549e+00
6.540427985934955224e+00
6.540703903265833397e+00
6.540728915393476228e+00
6.540865321893410744e+00
6.540998678099484209e+00
6.541234649575891069e+00
6.540887121499091350e+00
6.541082608820850020e+00
6.541576746751135651e+00
6.541072535056750681e+00
6.541227277168878196e+00
6.541702968913008398e+00
6.542660191115382773e+00
6.541266135854386654e+00
6.541286701374263046e+00
6.541116617731739247e+00
6.541227092327237536e+00
6.541225106752712293e+00
6.541259654640946941e+00
6.541673247293575244e+00
6.543334587359182386e+00
6.545812704374547764e+00
6.546257073983735353e+00
6.547414306748026824e+00
6.542139287658312874e+00
6.541603770993864586e+00
6.541840173554136051e+00
6.541714826650297354e+00
6.541665125283635973e+00
6.541087207914887180e+00
6.541181119890710605e+00
6.541101203964857724e+00
6.541242392002068584e+00
6.541469643854846971e+00
6.541343526979202849e+00
6.541353786184990859e+00
6.541273310580121070e+00
6.541305911409204477e+00
6.541227867454732170e+00
6.541228501950620888e+00
6.541323291630503078e+00
6.541328327350818483e+00
6.541221764837024111e+00
6.541271556858341718e+00
6.541296585660090201e+00
6.541304585044270148e+00
6.541136591070685569e+00
6.541583255167935818e+00
6.541755410296501871e+00
6.541351893139941254e+00
6.541228687378341178e+00
6.541356863778820419e+00
6.541239867143000097e+00
6.541241304225865250e+00
6.541224886712843301e+00
6.541190130609110476e+00
6.541179866584828417e+00
6.541213743452896523e+00
6.541155356684242861e+00
6.541139156925079412e+00
6.541160216361948443e+00
6.541206715666103122e+00
6.541389185052665312e+00
6.541330290650058998e+00
6.541368840314662592e+00
6.541405894097260365e+00
6.541487870917282343e+00
6.541412519769701284e+00
6.541546143439462391e+00
6.541231549272684909e+00
6.541453387909182737e+00
6.541592425160931867e+00
6.541602196932871927e+00
6.541538336776905105e+00
6.541511583298726507e+00
6.541477798681056832e+00
6.541533450021876028e+00
6.541494744828489694e+00
6.541457977731026219e+00
6.541414370843238402e+00
6.541425500853936370e+00
6.541457758831083602e+00
6.541593916772267647e+00
6.541548005504768781e+00
6.541559959542677660e+00
6.541613031157043068e+00
6.541639776498465508e+00
6.541784548075445294e+00
6.541629242174185066e+00
6.541526030438868489e+00
6.541525537337399498e+00
6.541417650733651001e+00
6.541408337710307386e+00
6.541348110842992725e+00
6.541324041446273441e+00
6.541347865761439451e+00
6.541380484149534880e+00
6.541354365541685034e+00
6.541440326375614234e+00
6.541361027284241736e+00
6.541327352968827391e+00
6.541313115150829915e+00
6.541319138525470755e+00
6.541332422922017997e+00
6.541311968375148389e+00
6.541336938658980138e+00
6.541467868502865102e+00
6.541594676878665027e+00
6.541430036918734814e+00
6.541410382132408330e+00
6.541444558815394217e+00
6.541460464008038045e+00
6.541353377258387169e+00
6.541348068343252997e+00
6.541359930158054503e+00
6.541465697825326053e+00
6.541659477085218555e+00
6.541569608537764147e+00
6.541728990795811605e+00
6.541366767503542512e+00
6.541433767374877917e+00
6.541426898857441330e+00
6.541396924241749566e+00
6.541354169729618029e+00
6.541354180228113435e+00
6.541311437156142716e+00
6.541395043253702468e+00
6.541429454033806934e+00
6.541410081089035877e+00
6.541451900647894391e+00
6.541469714291151760e+00
6.541444354063162159e+00
6.541477619744902938e+00
6.541496621072737661e+00
6.541530406891993721e+00
6.541576957305066387e+00
6.541527303419482742e+00
6.541541869789271324e+00
6.541515092058475034e+00
6.541511617392273159e+00
6.541521093684893096e+00
6.541521098493173092e+00
6.541551068887118348e+00
6.541605338245716439e+00
6.541569339731233335e+00
6.541585794622129413e+00
6.541615775097496588e+00
6.541641247638263046e+00
6.541645600792784343e+00
6.541667583452583479e+00
6.541674827787549162e+00
6.541706870939774099e+00
6.541738836517919431e+00
6.541718570086684892e+00
6.541726054186710826e+00
6.541722882109396231e+00
6.541736708974013048e+00
6.541765088698104691e+00
6.541762315692016827e+00
6.541772228771734810e+00
6.541787963155844210e+00
6.541795310665150076e+00
6.541786466362093044e+00
6.541789485605743693e+00
6.541791881216685312e+00
6.541787566119579012e+00
6.541790806501474265e+00
6.541789823984801799e+00
6.541774804169208757e+00
6.541758500558571221e+00
6.541792483886192500e+00
6.541823477854578961e+00
6.541773459025518989e+00
6.541736920548992806e+00
6.541760279009910306e+00
6.541794071802840449e+00
6.541744576477439566e+00
6.541732223002539648e+00
6.541791785355369981e+00
6.541753837496255386e+00
6.541732149499000393e+00
6.541653044463569877e+00
6.541674341098794976e+00
6.541726865976479566e+00
6.541741651876453290e+00
6.541735640543919317e+00
6.541635690274941517e+00
6.541601797420107722e+00
6.541538575510528197e+00
6.541533505362486345e+00
6.541523390366291935e+00
6.541505192068894914e+00
6.541536311047484453e+00
6.541474987513180572e+00
6.541477980493443312e+00
6.541433652015066436e+00
6.541335313370520765e+00
6.541333506651593410e+00
6.541353048899901879e+00
6.541347614089639606e+00
6.541368983029450135e+00
6.541357091124175405e+00
6.541297757525867063e+00
6.541303433784747767e+00
6.541334227047506111e+00
6.541311995412903535e+00
6.541300852355319329e+00
6.541299550179584976e+00
6.541239354299625219e+00
6.541194538070647546e+00
6.541172108424887277e+00
6.541176958345150894e+00
6.541210351036673920e+00
6.541218388168079656e+00
6.541246584581501544e+00
6.541280458416580679e+00
6.541176142430953355e+00
6.541178710578700262e+00
6.541179590706061475e+00
6.541105228442398278e+00
6.541066886222475674e+00
6.541107002892154298e+00
6.541089643431421408e+00
6.541074180727910914e+00
6.541040627778958338e+00
6.541038477655414241e+00
6.541046165640506338e+00
6.541048132084236855e+00
6.541054123972309675e+00
6.541066812288745425e+00
6.541059121933754383e+00
6.541058695611275731e+00
6.541070155748570869e+00
6.541081495432494286e+00
6.541099261516619912e+00
6.541076847162035079e+00
6.541072989880270860e+00
6.541084864199850912e+00
6.541069535544403735e+00
6.541065919962895769e+00
6.541048344584769580e+00
6.541028877775690198e+00
6.541038898007827562e+00
6.541029804285115823e+00
6.541032570457238293e+00
6.541035373873708814e+00
6.541049882123102677e+00
6.541042311275676369e+00
6.541049895388092672e+00
6.541046480522185291e+00
6.541053908098627190e+00
6.541055776476127015e+00
6.541051636578969486e+00
6.541033897778882888e+00
6.541050936344326772e+00
6.541061593242337047e+00
6.541059906620363407e+00
6.541084431943579247e+00
6.541096932008664488e+00
6.541150015046362398e+00
6.541172141126716966e+00
6.541152644388096071e+00
6.541106804349897885e+00
6.541183108429073023e+00
6.541190459299868643e+00
6.541102040601230350e+00
6.541081114735426638e+00
6.541121226402912825e+00
6.541142637113171787e+00
6.541117219119267467e+00
6.541082828200300625e+00
6.541137396104730328e+00
6.541141344859846107e+00
6.541265862975356171e+00
6.541299247583300058e+00
6.541393398411000426e+00
6.542228856153507799e+00
6.543271330810899400e+00
6.544824681460662319e+00
6.544410387958840225e+00
6.543844338835997476e+00
6.544436760001835829e+00
6.541904157533737774e+00
6.542652274436815851e+00
6.542913200971020693e+00
6.541907517020776552e+00
6.541630881566197431e+00
6.541247119742831018e+00
6.541170550343559320e+00
6.541304636383025617e+00
6.541255907402854675e+00
6.541145425426426741e+00
6.541115580199058144e+00
6.541172552738438561e+00
6.541106667588268309e+00
6.541050710896176845e+00
6.541053789524147177e+00
6.541093740887765406e+00
6.541055605328526035e+00
6.541089747437410118e+00
6.541181387178363948e+00
6.541095814702612365e+00
6.541171572204861562e+00
6.541300792246833140e+00
6.541535228011706060e+00
6.541181024228107432e+00
6.541086372887724210e+00
6.540978732289735476e+00
6.541003821937640517e+00
6.540999941290346342e+00
6.540999991499617749e+00
6.540995872523905241e+00
6.541007711892625309e+00
6.541001286572898366e+00
6.540998104732108409e+00
6.541001091043357363e+00
6.540988169859771162e+00
6.540994821910333989e+00
6.540993884030975813e+00
6.540996648438572869e+00
6.541000487303052502e+00
6.540995778843309516e+00
6.540993042949074798e+00
6.540989983328572954e+00
6.540989027541962209e+00
6.540993426087299056e+00
6.540995811471450594e+00
6.540991919254191878e+00
6.540991481942691976e+00
6.540982341117966392e+00
6.540979925195129496e+00
6.540987582278596335e+00
6.540994716992843294e+00
6.540983441854685054e+00
6.540981619750893650e+00
6.540982309970062580e+00
6.540986890095857653e+00
6.540986556841513533e+00
6.540976212898319986e+00
6.540970809453779289e+00
6.540968806199510155e+00
6.540966141646539889e+00
6.540964462573500171e+00
6.540960615621916219e+00
6.540963763324133318e+00
6.540963401402048127e+00
6.540963065211493621e+00
6.540966638163352442e+00
6.540968404359420951e+00
6.540971380579292394e+00
6.540973659901237802e+00
6.540977026184532583e+00
6.540978898533363228e+00
6.540977029428258760e+00
6.540981821586535183e+00
6.540982655353185571e+00
6.540981897553021618e+00
6.540982348879873065e+00
6.540981780272311141e+00
6.540981829524758595e+00
6.540986168181807336e+00
6.540987895148042242e+00
6.540990307099991519e+00
6.540991830550441755e+00
6.540992123885440712e+00
