4.878923863485985279e+00
5.414775241333376954e+00
5.395899408609619030e+00
5.395899408609619030e+00
6.066034966727291255e+00
5.360030511625407001e+00
5.360030511625407001e+00
5.360030511625407001e+00
5.360030511625407001e+00
5.360030511625407001e+00
5.146049144640469031e+00
5.146049144640469031e+00
5.276306595510236619e+00
5.162741647472008033e+00
5.162741647472008033e+00
5.162741647472008033e+00
5.860524334715223382e+00
5.860524334715223382e+00
5.860524334715223382e+00
5.860524334715223382e+00
5.860524334715223382e+00
6.006899297163559304e+00
5.650349644844474106e+00
5.316782688557542436e+00
5.316782688557542436e+00
5.316782688557542436e+00
5.140040053392794128e+00
5.140040053392794128e+00
5.140040053392794128e+00
5.831650462825520798e+00
5.603582903272529947e+00
5.603582903272529947e+00
5.166069514064314916e+00
5.897332402620480529e+00
5.897332402620480529e+00
5.983568848611935387e+00
5.983568848611935387e+00
5.983568848611935387e+00
5.847882291109045561e+00
6.361537495836888212e+00
6.361537495836888212e+00
6.361537495836888212e+00
6.361537495836888212e+00
6.361537495836888212e+00
6.361537495836888212e+00
6.339564380523079912e+00
6.339564380523079912e+00
6.389878407619763223e+00
6.389878407619763223e+00
6.231212280400363568e+00
6.354332456060027390e+00
6.268887369683356248e+00
6.268887369683356248e+00
6.392283253977812940e+00
6.392283253977812940e+00
6.392283253977812940e+00
6.392283253977812940e+00
6.508136163496868853e+00
6.635524915094352494e+00
6.652469251489772084e+00
6.554897552586258946e+00
6.410428085254662456e+00
6.410428085254662456e+00
6.410428085254662456e+00
6.363023135137339636e+00
6.363023135137339636e+00
6.363023135137339636e+00
6.345273058761458529e+00
6.345273058761458529e+00
6.352491096251269731e+00
6.371787847266960014e+00
6.366175010187862249e+00
6.414314264457143366e+00
6.414314264457143366e+00
6.655605729787919422e+00
6.655605729787919422e+00
6.655605729787919422e+00
6.638454060994943617e+00
6.638454060994943617e+00
6.362638647163321615e+00
6.362638647163321615e+00
6.362638647163321615e+00
6.362638647163321615e+00
6.439909106804087457e+00
6.754986430963323407e+00
6.414828640009186955e+00
6.505332116399385356e+00
6.505332116399385356e+00
6.410110153315695669e+00
6.410110153315695669e+00
6.410110153315695669e+00
6.424741820770113243e+00
6.175694597156588195e+00
6.175694597156588195e+00
6.175694597156588195e+00
6.675456357856211831e+00
6.683931778987496131e+00
6.683931778987496131e+00
6.683931778987496131e+00
6.753859626420790185e+00
6.753859626420790185e+00
6.753859626420790185e+00
6.671270815584356306e+00
6.671270815584356306e+00
6.671270815584356306e+00
6.671270815584356306e+00
6.734670207445927481e+00
6.674931540643431305e+00
6.674931540643431305e+00
6.625178379763960734e+00
6.625178379763960734e+00
6.646486929170980495e+00
6.646486929170980495e+00
6.646486929170980495e+00
6.646486929170980495e+00
6.624665251702808177e+00
6.656436525780160984e+00
6.656436525780160984e+00
6.553967980037277208e+00
6.553967980037277208e+00
6.575918569752934317e+00
6.685502967896189475e+00
6.685502967896189475e+00
6.610317743248368849e+00
6.717913226831204732e+00
6.451862000109028550e+00
6.451862000109028550e+00
6.451862000109028550e+00
6.451862000109028550e+00
6.640499092833259454e+00
6.729495079322147966e+00
6.729495079322147966e+00
6.729495079322147966e+00
6.729495079322147966e+00
6.729495079322147966e+00
6.768023840451523832e+00
6.768023840451523832e+00
6.771583599311678192e+00
6.771583599311678192e+00
6.797073950487536820e+00
6.454928043782387270e+00
6.454928043782387270e+00
6.454928043782387270e+00
6.492907347097040649e+00
6.492907347097040649e+00
6.492907347097040649e+00
6.473841079099604379e+00
6.516772751936050767e+00
6.516772751936050767e+00
6.516772751936050767e+00
6.512290136493236403e+00
6.508660053573411375e+00
6.566467632649715114e+00
6.566467632649715114e+00
6.573250297767888384e+00
6.448760694721891618e+00
6.554124393983159713e+00
6.554124393983159713e+00
6.554124393983159713e+00
6.554124393983159713e+00
6.554124393983159713e+00
6.554124393983159713e+00
6.639597623827938833e+00
6.639597623827938833e+00
6.573264532533173110e+00
6.573264532533173110e+00
6.573264532533173110e+00
6.573264532533173110e+00
6.605044908642485169e+00
6.572302438504534550e+00
6.572302438504534550e+00
6.584603827471666726e+00
6.584603827471666726e+00
6.622147252966457565e+00
6.598868663566682002e+00
6.598868663566682002e+00
6.598966767853003290e+00
6.511535490395640835e+00
6.524200907073832489e+00
6.567430478586143927e+00
6.567430478586143927e+00
6.567430478586143927e+00
6.567430478586143927e+00
6.567430478586143927e+00
6.576995659660663129e+00
6.576995659660663129e+00
6.576995659660663129e+00
6.569518172439831716e+00
6.532589778416355131e+00
6.532589778416355131e+00
6.584754468251929893e+00
6.584754468251929893e+00
6.570289772200192502e+00
6.603052135724585270e+00
6.603052135724585270e+00
6.603052135724585270e+00
6.599406556077314967e+00
6.646109096585540499e+00
6.611641364792182785e+00
6.609205478369368336e+00
6.609205478369368336e+00
6.609205478369368336e+00
6.622984404818674342e+00
6.631738873254528599e+00
6.648706594077454568e+00
6.648706594077454568e+00
6.630251035102487478e+00
6.630251035102487478e+00
6.630251035102487478e+00
6.582988626797853016e+00
6.582988626797853016e+00
6.582988626797853016e+00
6.582988626797853016e+00
6.582988626797853016e+00
6.638776103670090301e+00
6.638776103670090301e+00
6.626632386269039721e+00
6.631026880334450091e+00
6.631026880334450091e+00
6.653622837648431876e+00
6.592035396491362498e+00
6.642334789000236661e+00
6.642334789000236661e+00
6.619051832252901058e+00
6.621726100791790692e+00
6.621726100791790692e+00
6.621726100791790692e+00
6.621726100791790692e+00
6.586404153589155541e+00
6.586404153589155541e+00
6.568552908975703986e+00
6.568552908975703986e+00
6.548698438937121225e+00
6.548698438937121225e+00
6.548698438937121225e+00
6.563634682870442383e+00
6.563634682870442383e+00
6.563634682870442383e+00
6.549517305704386949e+00
6.587716621244648074e+00
6.560320118774726872e+00
6.579305290364535708e+00
6.581410437702355232e+00
6.566503913148461713e+00
6.566503913148461713e+00
6.566503913148461713e+00
6.566503913148461713e+00
6.552548479934980463e+00
6.552548479934980463e+00
6.552548479934980463e+00
6.548611180938658016e+00
6.573977254331318854e+00
6.567467910684126942e+00
6.567467910684126942e+00
6.567467910684126942e+00
6.565462657263782198e+00
6.563371703520499700e+00
6.563371703520499700e+00
6.565932979003220815e+00
6.565932979003220815e+00
6.556642574621585950e+00
6.556642574621585950e+00
6.556642574621585950e+00
6.560693517810173070e+00
6.553787158288854720e+00
6.549507745622447530e+00
6.554342367570018979e+00
6.553708654261225952e+00
6.542978152307839856e+00
6.524017547209668422e+00
6.524017547209668422e+00
6.532989480798031323e+00
6.532989480798031323e+00
6.532989480798031323e+00
6.532989480798031323e+00
6.522740459797652157e+00
6.548251758501183240e+00
6.548251758501183240e+00
6.548251758501183240e+00
6.538529590617831566e+00
6.538529590617831566e+00
6.527240105923046265e+00
6.527240105923046265e+00
6.548193874495856548e+00
6.548193874495856548e+00
6.527177979232559935e+00
6.527177979232559935e+00
6.527177979232559935e+00
6.566430844420175994e+00
6.538761487192108035e+00
6.554332664723015789e+00
6.554332664723015789e+00
6.554332664723015789e+00
6.571774918193960424e+00
6.569562480408245086e+00
6.570264681813156038e+00
6.570264681813156038e+00
6.570264681813156038e+00
6.570264681813156038e+00
6.570264681813156038e+00
6.558047556307383452e+00
6.568333257091099497e+00
6.567053152506852953e+00
6.560535766287692638e+00
6.560535766287692638e+00
6.551128812868777018e+00
6.551128812868777018e+00
6.551128812868777018e+00
6.551128812868777018e+00
6.551128812868777018e+00
6.551128812868777018e+00
6.551128812868777018e+00
6.554892741767376130e+00
6.551083577511617406e+00
6.545120747130074079e+00
6.545120747130074079e+00
6.545120747130074079e+00
6.545120747130074079e+00
6.545120747130074079e+00
6.545120747130074079e+00
6.551625149142633830e+00
6.551625149142633830e+00
6.553168044788379554e+00
6.553168044788379554e+00
6.554302400485445546e+00
6.549133218676052692e+00
6.549133218676052692e+00
6.549133218676052692e+00
6.549133218676052692e+00
6.547107076915366974e+00
6.543722676253006298e+00
6.550562051456996215e+00
6.550562051456996215e+00
6.550562051456996215e+00
6.552331722481108400e+00
6.549489103598872042e+00
6.551099193237899243e+00
6.549578471266946700e+00
6.549861321108575218e+00
6.545231931093306699e+00
6.545231931093306699e+00
6.549234965760231120e+00
6.546059764753270116e+00
6.546059764753270116e+00
6.546059764753270116e+00
6.546059764753270116e+00
6.546602662494868774e+00
6.546104665577038517e+00
6.549220381734517815e+00
6.549220381734517815e+00
6.549220381734517815e+00
6.549220381734517815e+00
6.548925001337111418e+00
6.543828943220455940e+00
6.543828943220455940e+00
6.543837480548370777e+00
6.543837480548370777e+00
6.543837480548370777e+00
6.543837480548370777e+00
6.542499507549889515e+00
6.549103052072828390e+00
6.550953201024723782e+00
6.550953201024723782e+00
6.545499441024978715e+00
6.550085728708967991e+00
6.550085728708967991e+00
6.554114315313645633e+00
6.554114315313645633e+00
6.554114315313645633e+00
6.554114315313645633e+00
6.554114315313645633e+00
6.550941252045583418e+00
6.549166587326377353e+00
6.549166587326377353e+00
6.544123568767927779e+00
6.544123568767927779e+00
6.545697899084407467e+00
6.545697899084407467e+00
6.545363287331472435e+00
6.546881745689025145e+00
6.546881745689025145e+00
6.548389008568283209e+00
6.548389008568283209e+00
6.548389008568283209e+00
6.546648738810927348e+00
6.546648738810927348e+00
6.546648738810927348e+00
6.546648738810927348e+00
6.546648738810927348e+00
6.543705371931971548e+00
6.545843318748929107e+00
6.544202058157889468e+00
6.544136586865088034e+00
6.545396279766334757e+00
6.543653328374047895e+00
6.547682640260997999e+00
6.545480120440847926e+00
6.545480120440847926e+00
6.545818370498261984e+00
6.545818370498261984e+00
6.546388496352182784e+00
6.546036801924747017e+00
6.544795396823871236e+00
6.544795396823871236e+00
6.544265195277127134e+00
6.543200682944299906e+00
6.545374714867238097e+00
6.545374714867238097e+00
6.545374714867238097e+00
6.545374714867238097e+00
6.545374714867238097e+00
6.545374714867238097e+00
6.545374714867238097e+00
6.544759080128700113e+00
6.548060188708991980e+00
6.544549344110300204e+00
6.543613719059371725e+00
6.543613719059371725e+00
6.543613719059371725e+00
6.543613719059371725e+00
6.543613719059371725e+00
6.544863714192511672e+00
6.544863714192511672e+00
6.544863714192511672e+00
6.545478728574572358e+00
6.545478728574572358e+00
6.545478728574572358e+00
6.546916966659691361e+00
6.546916966659691361e+00
6.544541581164669886e+00
6.544541581164669886e+00
6.546716939398598889e+00
6.544453449218003094e+00
6.544974060612616995e+00
6.544058390412428317e+00
6.544058390412428317e+00
6.542962565598901215e+00
6.542962565598901215e+00
6.542962565598901215e+00
6.543628855815025958e+00
6.543628855815025958e+00
6.543402890442188813e+00
6.543402890442188813e+00
6.543402890442188813e+00
6.543532720376252776e+00
6.543532720376252776e+00
6.543532720376252776e+00
6.544008062728014608e+00
6.541778485155246514e+00
6.541778485155246514e+00
6.540503585732912128e+00
6.540503585732912128e+00
6.540503585732912128e+00
6.540503585732912128e+00
6.540503585732912128e+00
6.541247194871630199e+00
6.541133196029064401e+00
6.541266966059789745e+00
6.541266966059789745e+00
6.541266966059789745e+00
6.541266966059789745e+00
6.541170533365876949e+00
6.542688058802565543e+00
6.541969174434116852e+00
6.541969174434116852e+00
6.541969174434116852e+00
6.542290687655582637e+00
6.542290687655582637e+00
6.542290687655582637e+00
6.542290687655582637e+00
6.543332606970762910e+00
6.543332606970762910e+00
6.543926051842683833e+00
6.543130923047431935e+00
6.542539100798374641e+00
6.543671566027543740e+00
6.543671566027543740e+00
6.543671566027543740e+00
6.543671566027543740e+00
6.543671566027543740e+00
6.542376940969714560e+00
6.543242905397192999e+00
6.543242905397192999e+00
6.543181422288568250e+00
6.543125409295210027e+00
6.542553799893601862e+00
6.543484185099482708e+00
6.542844851507087611e+00
6.542844851507087611e+00
6.543813747925127267e+00
6.541341912425728822e+00
6.541341912425728822e+00
6.543916380212252193e+00
6.543916380212252193e+00
6.543916380212252193e+00
6.542738382917423934e+00
6.542738382917423934e+00
6.542738382917423934e+00
6.543103831173418428e+00
6.543103831173418428e+00
6.543103831173418428e+00
6.543164901308847980e+00
6.543448190245206852e+00
6.543448190245206852e+00
6.543448190245206852e+00
6.543448190245206852e+00
6.543483285057872578e+00
6.543483285057872578e+00
6.543483285057872578e+00
6.543483285057872578e+00
6.543210787554848196e+00
6.543210787554848196e+00
6.543589884705413695e+00
6.543589884705413695e+00
6.543465168699893475e+00
6.543164484865381603e+00
6.542760792342402709e+00
6.542349548146976446e+00
6.542349548146976446e+00
6.542631444252018369e+00
6.541145002153710308e+00
6.541584463786390025e+00
6.541584463786390025e+00
6.541584463786390025e+00
6.543187092004914440e+00
6.543187092004914440e+00
6.542391089096312840e+00
6.541472565756498270e+00
6.541472565756498270e+00
6.541472565756498270e+00
6.541472565756498270e+00
6.541712233600863513e+00
6.541712233600863513e+00
6.541712233600863513e+00
6.541702009090781367e+00
6.542067728395333681e+00
6.542067728395333681e+00
6.541943903667596594e+00
6.541943903667596594e+00
6.541807877442028740e+00
6.541807877442028740e+00
6.541336166088888682e+00
6.541336166088888682e+00
6.540820900873611343e+00
6.540820900873611343e+00
6.540085452702538049e+00
6.540085452702538049e+00
6.539882487486190499e+00
6.540638569909956956e+00
6.539906327460814239e+00
6.539906327460814239e+00
6.539905305568817440e+00
6.539905305568817440e+00
6.539905305568817440e+00
6.540813482216137231e+00
6.539363857799601831e+00
6.540257170500184181e+00
6.538638902291702415e+00
6.540560623945232521e+00
6.539449066597421201e+00
6.540723688447297235e+00
6.540723688447297235e+00
6.539399776572932588e+00
6.539399776572932588e+00
6.539399776572932588e+00
6.540122850917106767e+00
6.540122850917106767e+00
6.540122850917106767e+00
6.540959682291695110e+00
6.540842012006429229e+00
6.540842012006429229e+00
6.540842012006429229e+00
6.540842012006429229e+00
6.540644380491984045e+00
6.540644380491984045e+00
6.540706616112273331e+00
6.540706616112273331e+00
6.540706616112273331e+00
6.540706616112273331e+00
6.540864849003451553e+00
6.541172187963916862e+00
6.540194124836800960e+00
6.540194124836800960e+00
6.539961994486876762e+00
6.539961994486876762e+00
6.539961994486876762e+00
6.540153782464387611e+00
6.540100386513996611e+00
6.540100386513996611e+00
6.539680487976745837e+00
6.540411690879916584e+00
6.539667711455022570e+00
6.539667711455022570e+00
6.539904025968759527e+00
6.539904025968759527e+00
6.539904025968759527e+00
6.539904025968759527e+00
6.539737139437326263e+00
6.539491850132307604e+00
6.539491850132307604e+00
6.540098400937116807e+00
6.539726939671419714e+00
6.539726939671419714e+00
6.539726939671419714e+00
6.539895443354865279e+00
6.539895443354865279e+00
6.538816671573948192e+00
6.538816671573948192e+00
6.538816671573948192e+00
6.539108217728548667e+00
6.539108217728548667e+00
6.539252796008585555e+00
6.539252796008585555e+00
6.539252796008585555e+00
6.540159139165321989e+00
6.540159139165321989e+00
6.540489321618871976e+00
6.540094129746151452e+00
6.540094129746151452e+00
6.540094129746151452e+00
6.540094129746151452e+00
6.540204469681715871e+00
6.540272718553056031e+00
6.540272718553056031e+00
6.540381230571315818e+00
6.540381230571315818e+00
6.540381230571315818e+00
6.540381230571315818e+00
6.540381230571315818e+00
6.540381230571315818e+00
6.540794731859615574e+00
6.540419052755112261e+00
6.540419052755112261e+00
6.540491058863221241e+00
6.540399847818281209e+00
6.540500621314556007e+00
6.540544207222089845e+00
6.540639345249430470e+00
6.540818705748121964e+00
6.540818705748121964e+00
6.540818705748121964e+00
6.540931559556688590e+00
6.541061116185566071e+00
6.540984275858280128e+00
6.541118732935600200e+00
6.541118732935600200e+00
6.541118732935600200e+00
6.541118732935600200e+00
6.541118732935600200e+00
6.541209292353820537e+00
6.541209292353820537e+00
6.541209292353820537e+00
6.541209292353820537e+00
6.541209292353820537e+00
6.541209292353820537e+00
6.541257805516919710e+00
6.541322287409236935e+00
6.541014529758616192e+00
6.541221873671762665e+00
6.541221873671762665e+00
6.541221873671762665e+00
6.540707605028853955e+00
6.540937560242845450e+00
6.540937560242845450e+00
6.541270337095728138e+00
6.541175018946908892e+00
6.541130595785920931e+00
6.541417293706798475e+00
6.541417293706798475e+00
6.541212893473192125e+00
6.541212893473192125e+00
6.541212893473192125e+00
6.541043880086555795e+00
6.541138303330630066e+00
6.541138303330630066e+00
6.541154205052938764e+00
6.541154205052938764e+00
6.541154205052938764e+00
6.541289775566483833e+00
6.541106433582329238e+00
6.541106433582329238e+00
6.541348778526056229e+00
6.541138665223861892e+00
6.541394246443895888e+00
6.541346267335844011e+00
6.541398427532815418e+00
6.541398427532815418e+00
6.541008191641673797e+00
6.541008191641673797e+00
6.541008191641673797e+00
6.541008191641673797e+00
6.541189331834795340e+00
6.541044651303630886e+00
6.541270568198374491e+00
6.541270568198374491e+00
6.541270568198374491e+00
6.541704711772919012e+00
6.541704711772919012e+00
6.541704711772919012e+00
6.541547572349230677e+00
6.541304836231488729e+00
6.541304836231488729e+00
6.541304836231488729e+00
6.541691625470759774e+00
6.541691625470759774e+00
6.541691625470759774e+00
6.541489318774662109e+00
6.541426909825391434e+00
6.541426909825391434e+00
6.541748778313674073e+00
6.541429152554003146e+00
6.541816365934169042e+00
6.541206181331911118e+00
6.541206181331911118e+00
6.541206181331911118e+00
6.541206181331911118e+00
6.541414386590997943e+00
6.541414386590997943e+00
6.541399633266753000e+00
6.541315782225167297e+00
6.541315782225167297e+00
6.541236693203921426e+00
6.541291220707452503e+00
6.541291220707452503e+00
6.541291220707452503e+00
6.541291220707452503e+00
6.541291220707452503e+00
6.541291220707452503e+00
6.541215624882717350e+00
6.541291661362826027e+00
6.541311035632030979e+00
6.541311035632030979e+00
6.541248095604518475e+00
6.541268941699640571e+00
6.541248716927146489e+00
6.541248716927146489e+00
6.541248716927146489e+00
6.541248716927146489e+00
6.541272333484278612e+00
6.541279383566976691e+00
6.541279383566976691e+00
6.541279383566976691e+00
6.541506190417164746e+00
6.541506190417164746e+00
6.541385262051860217e+00
6.541385262051860217e+00
6.541434382357941502e+00
6.541445324496580227e+00
6.541445324496580227e+00
6.541445324496580227e+00
6.541451851535334150e+00
6.541289194611670688e+00
6.541289194611670688e+00
6.541289194611670688e+00
6.541360699927007971e+00
6.541417017030767056e+00
6.541417017030767056e+00
6.541417017030767056e+00
6.541417017030767056e+00
6.541554521606608219e+00
6.541554521606608219e+00
6.541554521606608219e+00
6.541467656421987797e+00
6.541461833269937465e+00
6.541522047246734139e+00
6.541484348279526628e+00
6.541532240459831726e+00
6.541532240459831726e+00
6.541477694630604134e+00
6.541626298973408637e+00
6.541639790124591514e+00
6.541624057343169873e+00
6.541762012718088215e+00
6.541587208867083447e+00
6.541665913878039973e+00
6.541649057114828913e+00
6.541625091983999774e+00
6.541625091983999774e+00
6.541625091983999774e+00
6.541678032754306926e+00
6.541751157592326393e+00
6.541751157592326393e+00
6.541751157592326393e+00
6.541828482224373964e+00
6.541761747488603618e+00
6.541786542036594376e+00
6.541786542036594376e+00
6.541786542036594376e+00
6.541786542036594376e+00
6.541786542036594376e+00
6.541797517082890145e+00
6.541805962342278846e+00
6.541765121480687561e+00
6.541765121480687561e+00
6.541781876414502150e+00
6.541781876414502150e+00
6.541781876414502150e+00
6.541781876414502150e+00
6.541712401648592135e+00
6.541769206232547873e+00
6.541769206232547873e+00
6.541715027394827686e+00
6.541715027394827686e+00
6.541715027394827686e+00
6.541819809925562446e+00
6.541819586154182353e+00
6.541819586154182353e+00
6.541819586154182353e+00
6.541761024937952307e+00
6.541759107016226871e+00
6.541873890510589540e+00
6.541814279093168594e+00
6.541814279093168594e+00
6.541776933561653351e+00
6.541776933561653351e+00
6.541669911474804699e+00
6.541413852302253140e+00
6.541698939772541799e+00
6.541698939772541799e+00
6.541698939772541799e+00
6.541447263254023703e+00
6.541447263254023703e+00
6.541365215784072262e+00
6.541365215784072262e+00
6.541365215784072262e+00
6.541398991915176708e+00
6.541398991915176708e+00
6.541089412559868421e+00
6.541089412559868421e+00
6.541089412559868421e+00
6.541089412559868421e+00
6.541089412559868421e+00
6.541142662780121242e+00
6.541134416149075648e+00
6.541297890771883949e+00
6.541297890771883949e+00
6.541257723275382574e+00
6.541331750463805328e+00
6.541331750463805328e+00
6.540955787616947070e+00
6.540955787616947070e+00
6.541085063500015728e+00
6.541085063500015728e+00
6.541085063500015728e+00
6.541085063500015728e+00
6.541085063500015728e+00
6.541050903939026107e+00
6.541055042538114428e+00
6.541055042538114428e+00
6.541055042538114428e+00
6.541055042538114428e+00
6.541055042538114428e+00
6.541055042538114428e+00
6.541073979437824981e+00
6.541100704440000690e+00
6.541058676062887045e+00
6.541098824829196801e+00
6.541098824829196801e+00
6.541098824829196801e+00
6.541098824829196801e+00
6.541098824829196801e+00
6.541106073616495209e+00
6.541089443325977193e+00
6.541097957123355400e+00
6.541059872816743059e+00
6.541151666015676547e+00
6.541130855144146494e+00
6.541081538801215345e+00
6.541081538801215345e+00
6.540989680898245062e+00
6.540989680898245062e+00
6.541050526041495949e+00
6.540994472141813176e+00
6.540994472141813176e+00
6.541038046466126410e+00
6.541046191839061663e+00
6.541049530104327658e+00
6.541049530104327658e+00
6.541049530104327658e+00
6.541038668161333725e+00
6.541038668161333725e+00
6.541038668161333725e+00
6.541038668161333725e+00
6.541038668161333725e+00
6.541038668161333725e+00
6.541049097830900827e+00
6.541049097830900827e+00
6.541041675113961951e+00
6.541041675113961951e+00
6.541041675113961951e+00
6.541041675113961951e+00
6.541061090928494970e+00
6.541061090928494970e+00
6.541061090928494970e+00
6.541061090928494970e+00
6.541036483907054055e+00
6.541054094691655330e+00
6.541054094691655330e+00
6.541054094691655330e+00
6.541033463995696629e+00
6.541070265860662758e+00
6.541070265860662758e+00
6.541053260009217496e+00
6.541039443858866598e+00
6.540929665279336724e+00
6.540929665279336724e+00
6.541024761875078752e+00
6.541024761875078752e+00
6.540976489406544303e+00
6.540976489406544303e+00
6.540933539124445417e+00
6.540933539124445417e+00
6.540980485639316555e+00
6.540976842431793337e+00
6.540966535884972899e+00
6.540966535884972899e+00
6.540982600165434313e+00
6.540960505321042895e+00
6.540960505321042895e+00
6.540965951353262753e+00
6.540965951353262753e+00
6.541007275898404139e+00
6.541007275898404139e+00
6.541007275898404139e+00
6.540988409033762885e+00
6.540988409033762885e+00
6.541016967830234563e+00
6.541016967830234563e+00
6.541001246023839144e+00
6.541001246023839144e+00
6.541001246023839144e+00
6.541040981806594878e+00
6.540983345276215388e+00
6.540983345276215388e+00
6.540983345276215388e+00
6.541001216014947772e+00
6.541001216014947772e+00
6.541001216014947772e+00
6.541001216014947772e+00
6.541001216014947772e+00
6.541001216014947772e+00
6.540996473465051864e+00
6.540996473465051864e+00
6.540993397943598353e+00
6.540992869499476114e+00
6.540992869499476114e+00
6.540993760981158367e+00
6.541006378500667573e+00
6.540996485489123380e+00
6.540986276778803621e+00
6.540986276778803621e+00
6.540984074492308231e+00
6.540989478378687494e+00
6.540989478378687494e+00
6.540962622549856498e+00
6.540965279981221236e+00
6.540965279981221236e+00
6.540972291262197480e+00
6.540972291262197480e+00
6.540972291262197480e+00
6.540972291262197480e+00
6.540972291262197480e+00
6.540972600334193920e+00
6.540972600334193920e+00
6.540968548823066442e+00
6.540968104556726281e+00
6.540968104556726281e+00
6.540971916425226240e+00
6.540959038219190447e+00
6.540969567826183884e+00
6.540969567826183884e+00
6.540949966506349078e+00
6.540949966506349078e+00
6.540949966506349078e+00
6.540963500081529602e+00
6.540963500081529602e+00
6.540967438264881473e+00
6.540967438264881473e+00
6.540966008320326708e+00
6.540966008320326708e+00
6.540966008320326708e+00
6.540966008320326708e+00
6.540971478126171412e+00
6.540996290061574570e+00
6.540980824308656238e+00
6.540980824308656238e+00
6.540989797796096461e+00
6.540989797796096461e+00
6.540990614097395905e+00
6.540996874512940984e+00
6.540996874512940984e+00
6.540996874512940984e+00
6.540996874512940984e+00
6.540998162905272473e+00
6.541016617666168820e+00
6.540982311375637792e+00
6.541002137041274089e+00
6.541002137041274089e+00
6.541004274619049319e+00
