8.070846115069397753e-01
8.289269481719291344e-01
8.646455825170292764e-01
9.060673947709528830e-01
7.642990139175366293e-01
3.315430978517223265e-02
7.941306187085798649e-03
-7.919641416399154921e-02
-3.168002833531034616e-03
1.117253937355785348e-01
-1.369171200558593100e-02
1.049712172883413355e-02
-4.032074947874086240e-02
-2.737593070077000423e-02
-2.396207688087749477e-02
-1.638714785243675087e-02
3.650728359182992683e-02
2.792112573981241769e-02
5.421220900830141520e-01
6.584402506914842634e-01
7.099629532990785474e-01
6.082640436474991974e-01
5.552635319047050100e-01
5.165329042538966027e-03
1.728511701705922055e-01
4.785896087620319928e-02
-2.162940932176253897e-02
-1.144160272963003037e-02
-1.519602172774797352e-02
-2.523968143587326449e-02
1.889804933424664990e-01
1.555811589878373369e-01
2.583446156807671090e-01
2.612776516394527127e-01
3.134000269017687135e-01
-6.515877150202486513e-03
-4.086243591262178620e-02
-3.807021614995421965e-02
3.505581597590502752e-02
6.778594999494412521e-02
2.078720708429443453e-02
2.200126974837677413e-02
-1.494827724947714667e-02
-5.697599570680799558e-02
-5.446392078743150095e-02
2.713779758057471153e-02
-6.648167161551152282e-02
-3.574063486819013813e-02
-4.110236473570570009e-02
2.578446255845177545e-02
