1.617183696991610020e+00
1.617183696991610020e+00
1.952455038328495762e+00
1.487527502324445638e+00
1.434098612672804585e+00
1.183065298235114415e+00
1.087945575737832682e+00
1.075414759977157519e+00
9.934243087575193032e-01
9.498660224998795032e-01
9.498660224998795032e-01
8.288317622041693200e-01
7.816829307143480232e-01
5.665221824967096032e-01
5.497761158965271955e-01
5.006488664656373322e-01
6.855616684127441296e-01
7.033165076307685837e-01
7.298060826916162869e-01
6.866770972855462674e-01
3.765609029232109828e-01
6.182879663507422352e-01
3.851199548664372974e-01
3.681757727153157633e-01
3.681757727153157633e-01
3.681757727153157633e-01
3.681757727072234032e-01
3.681757727264834412e-01
3.649865101934935963e-01
3.727549047934322624e-01
3.727549047934322624e-01
3.727549047934322624e-01
3.712408478869358985e-01
3.712408478869358985e-01
3.712408478869358985e-01
3.712408478869356765e-01
3.712407995531035176e-01
3.435676019434122375e-01
3.622907669128564989e-01
3.725144960411052031e-01
3.686414276456220218e-01
3.831513125596321401e-01
3.831513125596321401e-01
3.831502347547299792e-01
3.712612634228705244e-01
3.712602012471939439e-01
3.712522756553077175e-01
3.787289808671188696e-01
3.787286647949367202e-01
3.780957301010258731e-01
3.834940146400290240e-01
3.796820653872020057e-01
3.796820653872058915e-01
3.796820653872058915e-01
3.796820653872057805e-01
3.796820664118217836e-01
3.722860306093143112e-01
3.722860306093147553e-01
3.722860306093317972e-01
3.722860306092800609e-01
3.723079748093126029e-01
3.722969925229293597e-01
3.762446390827957621e-01
3.735204101270105381e-01
3.579196842188953065e-01
3.586639438001010260e-01
3.586642434865645046e-01
3.562729038827160966e-01
3.544453573382356226e-01
3.487837219895560947e-01
3.499895937916167599e-01
3.379743093094088047e-01
3.244093165776037457e-01
3.317801203931695642e-01
3.220752009318912368e-01
3.195879199589667929e-01
3.195882981987070992e-01
3.180896953083351408e-01
3.143979440319310537e-01
3.160690874228599401e-01
3.085027172395241601e-01
3.101131558679789957e-01
3.019667059079579330e-01
3.019667061717449252e-01
3.017131488094676461e-01
2.958548103662397288e-01
2.948752341235564289e-01
2.951770740936842663e-01
2.952549857671577516e-01
2.913235829255476639e-01
2.918703371771320665e-01
2.878420730696674701e-01
2.875903036575757077e-01
2.879399693222117751e-01
2.879494241488347317e-01
2.881484482183370721e-01
2.881654233273784893e-01
2.885213077752025734e-01
2.887381631549885697e-01
2.883827901782682890e-01
2.884745849358542058e-01
2.885601039423001390e-01
2.885694047725936850e-01
2.885638894784547381e-01
2.885991841804669278e-01
2.886057116795661126e-01
2.886227242652231739e-01
2.886200791039572611e-01
2.886313740283093510e-01
2.886186004931525217e-01
2.886260435980504413e-01
2.886282866326200791e-01
2.886309029557069805e-01
2.886263619127547031e-01
2.886296112348861742e-01
2.886331438850308073e-01
2.886273906787510390e-01
2.886234794761101119e-01
2.886300680942327501e-01
2.886301931588953207e-01
2.886262043719261539e-01
2.886266609903404556e-01
2.886603699578319526e-01
2.886613940872093664e-01
2.886403779472679343e-01
2.886386017258470438e-01
2.886377751171173012e-01
2.886390528089892715e-01
2.886389305967807517e-01
2.886401574340841658e-01
2.886433235303031974e-01
2.886458158043466171e-01
2.886508634089261505e-01
2.886479259486571247e-01
2.886481948273526554e-01
2.886476344789823956e-01
2.886481382191374290e-01
2.886485709717779846e-01
2.886502415282515277e-01
2.886479117415574058e-01
2.886471727978214830e-01
2.886466885563673812e-01
2.886486750858932582e-01
2.886489589622664442e-01
2.886448343640876102e-01
2.886472479460183149e-01
2.886473985590018443e-01
2.886470377910506091e-01
2.886469996045170627e-01
2.886485478634952528e-01
2.886492672126577674e-01
2.886496081554483228e-01
2.886476114277644611e-01
2.886472105250343922e-01
2.886480173234610702e-01
2.886477560782984564e-01
2.886460842702879281e-01
2.886468342637689699e-01
2.886459020968058509e-01
2.886468538039298481e-01
2.886419887242854254e-01
2.886397906196177532e-01
2.886461355799306849e-01
2.886466059056602695e-01
2.886439556897196779e-01
2.886441000280406399e-01
2.886472314080049117e-01
2.886530333714352192e-01
2.886466738033321988e-01
2.886438232539298432e-01
2.886456937015115520e-01
2.886470237129741823e-01
2.886501150227278600e-01
2.886600517004047628e-01
2.886682542074963109e-01
2.886706900855715019e-01
2.886711683418792806e-01
2.886749259606192775e-01
2.887119191111224281e-01
2.887117153712042694e-01
2.887296724283670013e-01
2.887328066693949924e-01
2.887535775977967956e-01
2.888009401060300796e-01
2.888198333161379194e-01
2.888542691486774561e-01
2.888599210620599322e-01
2.889516280141050664e-01
2.889818068877048618e-01
2.891437584311910003e-01
2.892183287870270236e-01
2.895604242437336273e-01
2.898559794747885832e-01
2.898985288803400118e-01
2.904305195421681418e-01
2.909221145082945825e-01
2.909561859719601573e-01
2.912412139552378876e-01
2.915723059046372301e-01
2.918215126141168181e-01
2.915652955539623226e-01
2.925602513018100703e-01
2.927875809815239649e-01
2.930331024344483004e-01
2.932756573392383825e-01
2.950527403021401818e-01
2.956984592431084469e-01
2.955978778823767916e-01
2.956539109690176637e-01
2.970516693638223238e-01
2.973181806343229705e-01
2.972473064468113546e-01
2.974401202361994789e-01
2.982383653481410768e-01
2.987197837387327026e-01
2.993852236245518328e-01
2.998182426462182582e-01
3.000783153631815248e-01
3.002706357002423720e-01
3.012311007043485533e-01
3.010764513572343759e-01
3.013421759162739355e-01
3.017134093565739250e-01
3.021062051975128560e-01
3.025754482405936252e-01
3.025754482405936252e-01
3.029021936251594105e-01
3.030910896860420367e-01
3.046787381584793453e-01
3.067417432643428366e-01
3.077886635896616707e-01
3.082741365473505857e-01
3.100553308798318919e-01
3.108836292295301673e-01
3.131734809869429204e-01
3.120127337261186518e-01
3.123080762043955461e-01
3.142147865675837259e-01
3.155478984344536331e-01
3.178726245404723261e-01
3.181580070277068573e-01
3.175617556187700363e-01
3.181136301905500563e-01
3.181136301905500563e-01
3.183754347247692573e-01
3.251754507065719446e-01
3.227357655163810568e-01
3.244370510882557124e-01
3.268283075143189054e-01
3.268283075143189054e-01
3.273875364822090295e-01
3.302618909570502748e-01
3.300463264991748691e-01
3.310583761426253435e-01
3.326646042162775263e-01
3.327605366787576568e-01
3.327605366787576568e-01
3.349815371984245504e-01
3.349815371984245504e-01
3.350947448316748956e-01
3.348900037311535183e-01
3.363981236013539045e-01
3.364412239664670290e-01
3.384072527412816389e-01
3.376168380160573523e-01
3.385789003531727848e-01
3.701881786694001808e-01
3.732498752476562376e-01
3.802225302552101338e-01
3.920188722786924207e-01
3.920188722786924207e-01
3.941509284363149956e-01
3.936990432063118273e-01
3.947212660451202004e-01
3.937490762892943974e-01
3.955713559994316619e-01
4.022471234264431428e-01
4.037239325213342611e-01
4.037239325213342611e-01
4.051303758787124787e-01
4.051303758787124787e-01
4.063898060146893254e-01
4.062178113578563954e-01
4.062078013507059993e-01
4.067583050291245783e-01
4.082795987109263391e-01
4.091820850049288083e-01
4.090816103480430788e-01
4.098263502370065869e-01
4.111880192383870480e-01
4.118614690536928635e-01
4.120469185090288589e-01
4.119948836338607201e-01
4.142840028878881364e-01
4.146898282044850226e-01
4.161841700166153957e-01
4.164905421094621807e-01
4.174465155567427810e-01
4.174485701954733785e-01
4.179810595125706407e-01
4.189712852882480076e-01
4.211378313856733446e-01
4.211378313856733446e-01
4.213388819761747506e-01
4.220366522678389853e-01
4.234846381357926792e-01
4.231121343978314631e-01
4.235314582983815690e-01
4.242677547757875978e-01
4.242794072352406021e-01
4.248973494165949605e-01
4.258630663861245336e-01
4.253461354706692399e-01
4.263544763080708289e-01
4.267929472058528684e-01
4.270902710012127734e-01
4.270902710012127734e-01
4.276646340545837699e-01
4.277937653317917532e-01
4.276869394291066273e-01
4.286891496812944014e-01
4.286891496812944014e-01
4.291851406437138250e-01
4.300439984619643941e-01
4.306880636263208939e-01
4.315582816601963301e-01
4.315374833912840602e-01
4.315374833912840602e-01
4.324433643889142864e-01
4.322908701803483966e-01
4.328763859722337681e-01
4.331669130114537136e-01
4.333500393543109341e-01
4.343475341193078765e-01
4.344121570932530929e-01
4.351770356449796151e-01
4.357102588501561846e-01
4.360594377956373280e-01
4.363438067570236112e-01
4.372666209234136736e-01
4.369293778691131780e-01
4.390369070012686281e-01
4.396902069507202526e-01
4.400348999306846753e-01
4.398433429177048826e-01
4.408087620922587768e-01
4.421677698809556856e-01
4.421677698809556856e-01
4.423268991259970417e-01
4.428713507112576608e-01
4.438119149473717662e-01
4.447283251498250212e-01
4.465765696144041175e-01
4.458636374706591021e-01
4.463519847902055471e-01
4.461708753148300177e-01
4.478871329137523727e-01
4.477200954301133740e-01
4.483601365916887738e-01
4.488958562185780266e-01
4.501704234091138401e-01
4.514297870071152796e-01
4.515233618816579253e-01
4.524533888029533824e-01
4.538489073593088841e-01
4.538489073593088841e-01
4.550370078318848321e-01
4.560209652982896711e-01
4.565144711009069822e-01
4.565293666596833000e-01
4.568467605605973092e-01
4.569234250831462618e-01
4.576898905087939395e-01
4.587837261994086591e-01
4.591842799744066395e-01
4.604953208726871861e-01
4.614064822074302463e-01
4.624115211030855876e-01
4.629710342812086710e-01
4.631054133243691640e-01
4.637341249072198801e-01
4.646244704783795698e-01
4.645802725800156630e-01
4.646045336314981178e-01
4.647330509652050634e-01
4.669315409428983488e-01
4.669315409428983488e-01
4.669315409428983488e-01
4.675827017593840451e-01
4.680676877544239778e-01
4.686930574563888952e-01
4.699630187945429416e-01
4.701446038797301719e-01
4.703138549162195758e-01
4.708980442892979901e-01
4.711858476335599732e-01
4.721205409181605805e-01
4.724871554984611532e-01
4.723264411672969398e-01
4.733428803573497823e-01
4.736795403904026092e-01
4.743075098366842379e-01
4.753336653002649403e-01
4.766789865805263759e-01
4.775455320214443966e-01
4.777430614068892689e-01
4.785562385579947842e-01
4.794543473581698856e-01
4.795623256303012116e-01
4.796245825867864743e-01
4.801742389676696976e-01
4.809532086914035109e-01
4.811387027303941077e-01
4.811608016718053604e-01
4.811941011049283845e-01
4.821080898567223216e-01
4.836821646974888145e-01
4.836821646974888145e-01
4.836821646974888145e-01
4.852211584952301759e-01
4.862433308140485244e-01
4.861685623793202682e-01
4.867926298498046478e-01
4.874153763080716351e-01
4.927047372697026528e-01
4.942913025578928865e-01
4.942522226797562146e-01
4.953815368067037705e-01
4.954363220531869394e-01
4.971676932299575746e-01
4.967829951588176862e-01
4.977345035952336905e-01
4.988545300456332376e-01
4.988545300456332376e-01
4.992471016635523506e-01
5.004649743103236625e-01
5.004649743103236625e-01
5.008609791129081668e-01
5.010593133308691716e-01
5.012650808965491978e-01
5.018719133836753166e-01
5.019960910115977004e-01
5.028489092802375104e-01
5.028489092802375104e-01
5.037473336638287336e-01
5.037473336638287336e-01
5.055407667580700259e-01
5.064188356155425730e-01
5.065865070830216643e-01
5.072712949375917102e-01
5.086287602993787571e-01
5.085220908239092008e-01
5.087653731616079700e-01
5.099606673269256873e-01
5.095230446388683276e-01
5.101243909195455339e-01
5.109510334498235107e-01
5.108755095258448176e-01
5.113448664392762355e-01
5.116140744566449738e-01
5.123402456188398402e-01
5.123402456188398402e-01
5.125711228052497459e-01
5.127237168965895764e-01
5.140157605160261545e-01
5.138557965515333503e-01
5.155464246308258947e-01
5.155464246308258947e-01
5.161528759158756641e-01
5.175317674661059630e-01
5.169334923004369475e-01
5.176987500885548155e-01
5.178471452239697959e-01
5.185667715998498739e-01
5.187778353870781123e-01
5.202485289573848259e-01
5.204798198653132202e-01
5.206814772098511401e-01
5.215076919423629054e-01
5.215076919423629054e-01
5.219886506719360053e-01
5.224057630608021086e-01
5.225585678869599793e-01
5.233242041147028178e-01
5.235549246966756387e-01
5.244154256347370868e-01
5.253580834403478450e-01
5.263571668081329369e-01
5.268062510347815142e-01
5.272016384125052246e-01
5.271352731964074056e-01
5.288436857646245937e-01
5.290451830697044944e-01
5.292406924916509547e-01
5.314961420028608829e-01
5.309597737676190476e-01
5.309597737676190476e-01
5.308939843798432534e-01
5.332571650478044045e-01
