3.118847235766987414e+00
3.220839273389833224e+00
3.317772312825915115e+00
3.447602602194394183e+00
3.589482092416782066e+00
3.782175786102845549e+00
3.997115042093132065e+00
4.040955314518067887e+00
4.108043044545671485e+00
4.229457796236320455e+00
4.059931602769950132e+00
4.167313685002349111e+00
4.252763202802965381e+00
4.095265537118720545e+00
4.040793378079490239e+00
4.158678672610720106e+00
4.143767734194616637e+00
3.818378183632666456e+00
3.718518887687170871e+00
3.842130588092275367e+00
3.857936023504055179e+00
3.737644688166644080e+00
3.741501727824167567e+00
3.787606344575904505e+00
3.510977116496296624e+00
3.023533102152001106e+00
2.658642409229411196e+00
2.455030944040925700e+00
2.308768678602805213e+00
2.194092696339319026e+00
2.171312961968029143e+00
2.235709584308530840e+00
2.244237179543095984e+00
2.226655851104518025e+00
2.618118854242304394e+00
2.710677020488579725e+00
2.807149471829179621e+00
3.249985969991120438e+00
2.753482599483112470e+00
3.001961995477826051e+00
2.896980347778853826e+00
3.888512004412111089e+00
2.726302971929746022e+00
3.366522417474496098e+00
1.504318281660774526e+00
1.489916153763834128e+00
1.520362691965536195e+00
1.608427091133399545e+00
1.463552331212687463e+00
1.403849149754040848e+00
1.282883564484229577e+00
1.203719594979293150e+00
1.182714682054579525e+00
1.111717608396766588e+00
1.174644318416430133e+00
1.253517344366176900e+00
1.385793674595045655e+00
1.109153557984911220e+00
1.075435413953581998e+00
1.071208548286896933e+00
1.061804234638980660e+00
9.818145456449354214e-01
9.722573644069020249e-01
9.490992931613942973e-01
8.697563088295111600e-01
8.331797342724146516e-01
8.159125322992023532e-01
8.306026973425093551e-01
8.334029963792572993e-01
8.315977779880101561e-01
7.706375219015004774e-01
7.712533236579348639e-01
7.595552095687966299e-01
7.588784410165121397e-01
7.439601391234775818e-01
7.399359855620414317e-01
7.436998195790958111e-01
7.440707080035967591e-01
7.412938171645084839e-01
7.428805896300239020e-01
7.383986746274565638e-01
7.294621720258771536e-01
7.409682646160684616e-01
7.572896939077398137e-01
7.404898134480786265e-01
7.362052261179672374e-01
7.269704333980395727e-01
7.195612538344601239e-01
7.114368720951176339e-01
7.057500556058503571e-01
7.038405271852341549e-01
7.007368746728275255e-01
7.004236838684058108e-01
6.986042317190684914e-01
6.984488794555582247e-01
6.982096113960615247e-01
6.984119377202487877e-01
6.966529088975751405e-01
6.967676721357655145e-01
6.972450745272342765e-01
6.983172747942519853e-01
6.993658609153420302e-01
7.000413384673698225e-01
7.058122060590100721e-01
7.116586711396755138e-01
7.103152604235045686e-01
7.268944294094199510e-01
7.163017820701645944e-01
6.963216576786610545e-01
6.931621696384336895e-01
6.917525002032048898e-01
6.921555227176693359e-01
6.930149187415763912e-01
6.894850566708011774e-01
6.885027227853415255e-01
6.880270210963846944e-01
6.879269747930288892e-01
6.877307708241258144e-01
6.870416903557288180e-01
6.870306316328018692e-01
6.858138459923784902e-01
6.860129702059930557e-01
6.852062639491212082e-01
6.847732268782737997e-01
6.856499774008711912e-01
6.859972106987768381e-01
6.860320311735772503e-01
6.843022123312288985e-01
6.843487191938579794e-01
6.845014912344599134e-01
6.840078113411776073e-01
6.844142004759278253e-01
6.841277562534590073e-01
6.840554764707188484e-01
6.842270775847300035e-01
6.840266184466339272e-01
6.838899452145019708e-01
6.832343546903133502e-01
6.828834511352915859e-01
6.832034766515751034e-01
6.830864440637977042e-01
6.829947652277866821e-01
6.829751618815421699e-01
6.823163726289119824e-01
6.815509294627720704e-01
6.815590273535047094e-01
6.815813464883687667e-01
6.818068448903760181e-01
6.818480749665976060e-01
6.824951187854739754e-01
6.830475815075748303e-01
6.837301254940997275e-01
6.837999581992327824e-01
6.841478536327731952e-01
6.840242149775201952e-01
6.845799845999767097e-01
6.858412153344100037e-01
6.873685954616418625e-01
6.894336455226461879e-01
6.901792963739888931e-01
6.884291860951055053e-01
6.904837463034362299e-01
6.879792061840591666e-01
6.896945541038355110e-01
6.900100492414942277e-01
6.886418600900979792e-01
6.897549625511479876e-01
6.905823480634764033e-01
6.916956094152917345e-01
6.912694296703808527e-01
6.911275939623929832e-01
6.902786752066937259e-01
6.902981157538252699e-01
6.909300525901315160e-01
6.901517620083843507e-01
6.915309730186159909e-01
6.927354453997691675e-01
6.940844393943877977e-01
6.943733966341882891e-01
6.912131745336111965e-01
6.909034084647628360e-01
6.903011071352724848e-01
6.914029901275220436e-01
6.921033723992721098e-01
6.932224095700322275e-01
6.944100990784265459e-01
6.951931287902556322e-01
6.955055815794386476e-01
6.937904156761113272e-01
6.943714034481588415e-01
6.936162544121590168e-01
6.926915292435071869e-01
6.920051497868069390e-01
6.926853112623441167e-01
6.933243130891455497e-01
6.928997936247968115e-01
6.928395900421657760e-01
6.935344766907847180e-01
6.949855457674000148e-01
6.961458964903243229e-01
6.977032510212511918e-01
6.964293504446747995e-01
6.961247567059740682e-01
6.962622392950383876e-01
6.962190976444708745e-01
6.966894838499438913e-01
6.963519478373658700e-01
6.968045944636817035e-01
6.965425306721330090e-01
6.971671479486324374e-01
6.965711818410601497e-01
6.966732536260312747e-01
6.972663725242481680e-01
6.970939079810402061e-01
6.967175157262931462e-01
6.969678994983006248e-01
6.981348006812465590e-01
6.995473810394639003e-01
6.972553692017181559e-01
6.977587238866292951e-01
6.986939848543697318e-01
6.995670309569088641e-01
7.002201549476169129e-01
6.998144197635032260e-01
7.000344393445907532e-01
7.011811700489061217e-01
6.995673582467695217e-01
6.993415544685245289e-01
6.997781056966870805e-01
6.997278235753126019e-01
6.999176701357848751e-01
7.006577694680611312e-01
7.009243856020814789e-01
7.015019560398622067e-01
7.030384943557972388e-01
7.053108751557428668e-01
7.074391411530671636e-01
7.081773109443004754e-01
7.090417816441553223e-01
7.100279730210664608e-01
7.111174640678642467e-01
7.125616953157536404e-01
7.126371103835837939e-01
7.147793064544772923e-01
7.125670096189863356e-01
7.132936599452962545e-01
7.125504454272933996e-01
7.128625890935694764e-01
7.138134766765269479e-01
7.135597125004050634e-01
7.147807095261213828e-01
7.151498526181792048e-01
7.175803112152155938e-01
7.175707336134737879e-01
7.181132163274280833e-01
7.195707039834531304e-01
7.205953141684869889e-01
7.231969155444898378e-01
7.271625502081401349e-01
7.285387874967288457e-01
7.193271575488215941e-01
7.196506942956765185e-01
7.201052280181901022e-01
7.210510395611495760e-01
7.225736994991027728e-01
7.266360017786627212e-01
7.310973957491000430e-01
7.350209061424172186e-01
7.215057107011715321e-01
7.217631698183640809e-01
7.222581255085883667e-01
7.227644531351308244e-01
7.234629186017998981e-01
7.235613232654467541e-01
7.237707346142078224e-01
7.237351773417874945e-01
7.241310954114293930e-01
7.249057543655872404e-01
7.256720153711885279e-01
7.264896191904792744e-01
7.269291982859722445e-01
7.262033204422900790e-01
7.257304758557506785e-01
7.260794214618144782e-01
7.263105835708940639e-01
7.275818468541570549e-01
7.273690638811843856e-01
7.277098428496674432e-01
7.276531224262313691e-01
7.288370064852338626e-01
7.290370790640540166e-01
7.298813297681031598e-01
7.312665006345382412e-01
7.296093711985458530e-01
7.314825896983871978e-01
7.303873988395996886e-01
7.297290092486137247e-01
7.297594289107601773e-01
7.300700048918385976e-01
7.314224060130229965e-01
7.337987349888049904e-01
7.341232384728348936e-01
7.331749186418399233e-01
7.331728924685939619e-01
7.344210159281603367e-01
7.355308575394313708e-01
7.348347967695417760e-01
7.355429358699684395e-01
7.368537973946253095e-01
7.380010640919670850e-01
7.388260155391853656e-01
7.390626454862481154e-01
7.404810438358588875e-01
7.410855826774839228e-01
7.415908332875139619e-01
7.419852307153385063e-01
7.427786170631253126e-01
7.435852472638494470e-01
7.448088563320314215e-01
7.444647501355113883e-01
7.457075564462020134e-01
7.451239575673710425e-01
7.453979795088730986e-01
7.463029988939583470e-01
7.468272169889761392e-01
7.473043880490570778e-01
7.480532002556933291e-01
7.480882813875688875e-01
7.476265936413440949e-01
7.476059965380134065e-01
7.470427572768575386e-01
7.471164190007720807e-01
7.472152789415831275e-01
7.473446696921292043e-01
7.473771950231159478e-01
7.476699304648271038e-01
7.479030194651682395e-01
7.478032369827092296e-01
7.479210368641711071e-01
7.479059560944055773e-01
7.480687931401259760e-01
7.480886800249140212e-01
7.483127156066822216e-01
7.484873113364099995e-01
7.487852397225170931e-01
7.490817816912395122e-01
7.498386358345061620e-01
7.501340215604948014e-01
7.499839201469732375e-01
7.495912441155956341e-01
7.503223207235201198e-01
7.507280365716639814e-01
7.513257392902794596e-01
7.517808861151553668e-01
7.518088139827158178e-01
7.521207790575383800e-01
7.525753690274448182e-01
7.526880313511681297e-01
7.528548100960813505e-01
7.531180492617094435e-01
7.533998590195728484e-01
7.540680156959319591e-01
7.546435160670595943e-01
7.549922788226794967e-01
7.553264630042156869e-01
7.558196591257138053e-01
7.568798684263333687e-01
7.589203577264531653e-01
7.598897199002760949e-01
7.606977789458031491e-01
7.615062693696306173e-01
7.621535914063258810e-01
7.632455184785480462e-01
7.641911185550895880e-01
7.653681445436136821e-01
7.664683757075608783e-01
7.677098721634278977e-01
7.673167496756728712e-01
7.681739194045230645e-01
7.693231825908045662e-01
7.710599152381663046e-01
7.731029697555380498e-01
7.759470776046989426e-01
7.728555264898566701e-01
7.725309661361940972e-01
7.727370463917420107e-01
7.734319419267896567e-01
7.735789191577038260e-01
7.742770760923252116e-01
7.745374677312184541e-01
7.751130282921621095e-01
7.758692115353362784e-01
7.777738662507913681e-01
7.775616863265147893e-01
7.781132392457243974e-01
7.789045706178594486e-01
7.794796547062307068e-01
7.799050679346435366e-01
7.803457831126401345e-01
7.808530158618006700e-01
7.814731003317624269e-01
7.818846286776487409e-01
7.822935180559775770e-01
7.826971989552787834e-01
7.839034519698750980e-01
7.844907497336773838e-01
7.854196282023749864e-01
7.850384102624680116e-01
7.858395493033433210e-01
7.854842869684232065e-01
7.850537123590857203e-01
7.867093528161628324e-01
7.861532214660478246e-01
7.874284111666296493e-01
7.881684995142341776e-01
7.890612827861576140e-01
7.891335419306947374e-01
7.906498510509429867e-01
7.915918340703373968e-01
7.950651194285238699e-01
7.953368750044697011e-01
7.991935407017922710e-01
7.961553997658170623e-01
7.942107201740079558e-01
7.902045256146086327e-01
7.894280582213032416e-01
7.889910290449981822e-01
7.896944884989584024e-01
7.902927908759537212e-01
7.913251329218753405e-01
7.880598228604283051e-01
7.882363750523506685e-01
7.882733097245470111e-01
7.882705540433950775e-01
7.885049599707361079e-01
7.883442867373460228e-01
7.883863343708692462e-01
7.881622455202558220e-01
7.885473165016168018e-01
7.887687736499828794e-01
7.889033991271974244e-01
7.898529610177379423e-01
7.889927865178115729e-01
7.900163135050668473e-01
7.894628142260210479e-01
7.896558162192297559e-01
7.898261775232067183e-01
7.896109761034013630e-01
7.901116466681681327e-01
7.906803320688623460e-01
7.908360084842780413e-01
7.910381172446833142e-01
7.934626041066660251e-01
7.951914541796117897e-01
7.911519090050203040e-01
7.924229232464568007e-01
7.922826376697198469e-01
7.910684452341305573e-01
7.914872815753635216e-01
7.923267032500864726e-01
7.929231349151433239e-01
7.936997939795356061e-01
7.944538306940033268e-01
7.948537086943231467e-01
7.954472115377376751e-01
7.973156467043605033e-01
7.958576535086392401e-01
7.968478266230679674e-01
7.987763153956404238e-01
7.993901522523310099e-01
8.014999316961866072e-01
8.033195750629851251e-01
8.053033663719284529e-01
8.066788088174255966e-01
8.080255023540473536e-01
8.095706072781220231e-01
8.108890127674945880e-01
8.125045000137365303e-01
8.135712164368174015e-01
8.145459764969966709e-01
8.150077884357895819e-01
8.159268708399867176e-01
8.169349781046544301e-01
8.169287725362922581e-01
8.180632051586401721e-01
8.188819812224232830e-01
8.198019228953907778e-01
8.198293101049278775e-01
8.200076188450841075e-01
8.208599966625670374e-01
8.207343215114649704e-01
8.210011909837212629e-01
8.215538242827351567e-01
8.213022989801295193e-01
8.216359416217169365e-01
8.217610710013555364e-01
8.224912508080077789e-01
8.228909492553988514e-01
8.232277304821227215e-01
8.240515803462722388e-01
8.248983316998050874e-01
8.254855664131532933e-01
8.268283538238923036e-01
8.287980667226381160e-01
8.298198464823599574e-01
8.351044763657662351e-01
8.333436502294191417e-01
8.355554422215629717e-01
8.299945151282890343e-01
8.305125262383876716e-01
8.322038022919437950e-01
8.361645096883745243e-01
8.319991592809535819e-01
8.318990970361548332e-01
8.321432799021091231e-01
8.350040398528456587e-01
8.311316037019244041e-01
8.301193219332383411e-01
8.309015148050044042e-01
8.311188492101366787e-01
8.314353166224900393e-01
8.321198424282660877e-01
8.319043271634978254e-01
8.307574395696986080e-01
8.307693063600068983e-01
8.309221069436293350e-01
8.309299753665697619e-01
8.312065674661605064e-01
8.324170649113568077e-01
8.333610410587150019e-01
8.345722876846243254e-01
8.354720856255882788e-01
8.367906913668096136e-01
8.378142772906139735e-01
8.386517185389489315e-01
8.388754118991202935e-01
8.397619604586300524e-01
8.408069782942602099e-01
8.422450584076043301e-01
8.437520963047825395e-01
8.451748381931452059e-01
8.476240922387991983e-01
8.447828029065189703e-01
8.454972383621689458e-01
8.456719442909154116e-01
8.455053560401900592e-01
8.463832088480164328e-01
8.463033608498639060e-01
8.466757424512809660e-01
8.476515895490768226e-01
8.482667284248553985e-01
8.482576356150129948e-01
8.484530787373417704e-01
8.485487016986514863e-01
8.489927918199223766e-01
8.493625424473409957e-01
8.495531245641150253e-01
8.498986638686986117e-01
8.504614592277632834e-01
8.509265940464690869e-01
8.510826749587785400e-01
8.510987359729738078e-01
8.520019898072564990e-01
8.522004941624754526e-01
8.520294779659932649e-01
8.523955368563775892e-01
8.518438225751175930e-01
8.517912231029877157e-01
8.522906145651638621e-01
8.524712685530518863e-01
8.526544251140635300e-01
8.532432046968008166e-01
8.527588108101690212e-01
8.531141095215765136e-01
8.540257003488372911e-01
8.540295334385530346e-01
8.544019313276208782e-01
8.561417410400539163e-01
8.552603237220189891e-01
8.544774751031858351e-01
8.559135927961021295e-01
8.555385409687334963e-01
8.548752501894451017e-01
8.552147643142090638e-01
8.557890101338564426e-01
8.552565171482240380e-01
8.557198758404429562e-01
8.556920226097408655e-01
8.557550892360523687e-01
8.564978038513584302e-01
8.552019780141120187e-01
8.556983117406887773e-01
8.548244222249271607e-01
8.543216871799527157e-01
8.552176464666807476e-01
8.550160471788861294e-01
8.537993525135620931e-01
8.537566375264614704e-01
8.536395388788881045e-01
8.535741461886907633e-01
8.537517084862752403e-01
8.542076683710339013e-01
8.539730746214949653e-01
8.534128011738583153e-01
8.540632533932671633e-01
8.545023883839210077e-01
8.578215269989902803e-01
8.597711793129897417e-01
8.516978910298467209e-01
8.522299282767198392e-01
8.537066053827193635e-01
8.540527132187827331e-01
8.528189129563512605e-01
8.541713384156898181e-01
8.509082176699079847e-01
8.496249947579044282e-01
8.506618781273214136e-01
8.508748055796541143e-01
8.516067463118531800e-01
8.487866939543594613e-01
8.499394618835017789e-01
8.493832654421248352e-01
8.504494646645074374e-01
8.498953498092430836e-01
8.506473493228861038e-01
8.517260254472374115e-01
8.548378070271479556e-01
8.474377847835457001e-01
8.469862022020775427e-01
8.471366038763348261e-01
8.466309906969097243e-01
8.472793762445014476e-01
8.459298797439949169e-01
8.458924633428014372e-01
8.470593228970055844e-01
8.460395106970914902e-01
8.450188984534533487e-01
8.455145117021155565e-01
8.457061674298906873e-01
8.444500986429384071e-01
8.449131016326557608e-01
8.458232906735064782e-01
8.452111143549149164e-01
8.453331049382197815e-01
8.449534186183121909e-01
8.449055393337490116e-01
8.447556898885957288e-01
8.448145822980147601e-01
8.451118308237163257e-01
8.463344679830075989e-01
8.462963870075990158e-01
8.477924436609655112e-01
8.492334216723463891e-01
8.501578224049886057e-01
8.524203282316386021e-01
8.554152168309210325e-01
8.577421499311010944e-01
8.576287348005837696e-01
8.641671664430164990e-01
8.604705607516029975e-01
8.571305990776678652e-01
8.590363128746379973e-01
8.658228079991732162e-01
8.551258697792245567e-01
8.557775595944453473e-01
8.561458474170283717e-01
8.565053519218345235e-01
8.571371918300536574e-01
8.577647361678436555e-01
8.572816973057398870e-01
8.570915451513432259e-01
8.574458205524552179e-01
8.575773645136963719e-01
8.576821123047573270e-01
8.581495085061028316e-01
8.581878074417602642e-01
8.583131829386068112e-01
8.584073630339096317e-01
8.587676115466028604e-01
8.592646200169105075e-01
8.592332355888071538e-01
8.591733583045126910e-01
8.592773388056276218e-01
8.594083114908653842e-01
8.595765306684490792e-01
8.600238048803533486e-01
8.599736597546256966e-01
8.603009052974555093e-01
8.606648250350319440e-01
8.607402816122571299e-01
8.614093442554200397e-01
8.608121028696473775e-01
8.609451024476102443e-01
8.605771851613460699e-01
8.607688398201298607e-01
8.609229092680420470e-01
8.608646872885128420e-01
8.611436661581569618e-01
8.610652721646074870e-01
8.611403554281269468e-01
8.614153006574284399e-01
8.616532472820160882e-01
8.617742063804353370e-01
8.619364935738312861e-01
8.621975247089173067e-01
8.625708602945265646e-01
8.634387464255237621e-01
8.634460174588414194e-01
8.634526127167866383e-01
8.649953713451605797e-01
8.640013666873115339e-01
8.639730859871772584e-01
8.641238238388706527e-01
8.636550236808572256e-01
8.636786614658722439e-01
8.636419826362249363e-01
8.637241288907878678e-01
8.637962997102573981e-01
8.638836585533061774e-01
8.640046357774673336e-01
8.641303188640271360e-01
8.644615792474632521e-01
8.648465777794328568e-01
8.649391037250095948e-01
8.650649267052489266e-01
8.652567084927318408e-01
8.659707641177651904e-01
8.664005625034194580e-01
8.659934128880250048e-01
8.662463302897479567e-01
8.664547160947054794e-01
8.668092798516168207e-01
8.669551946166230705e-01
8.673066213450342232e-01
8.674775468019970681e-01
8.673996342770872170e-01
8.675203004473003299e-01
8.675075655206606617e-01
8.676214392045995538e-01
8.678379706665318993e-01
8.678208653246297644e-01
8.681084826266484145e-01
8.682334967665664704e-01
8.682931260974245946e-01
8.684225718125407889e-01
8.684222914335264498e-01
8.686268905878720137e-01
8.687203707964881172e-01
8.688003704482468725e-01
8.689870729141803141e-01
8.689722011425006221e-01
8.689515278954157429e-01
8.690678456705178689e-01
8.691502774171214751e-01
8.691407422406739469e-01
8.691322355819188772e-01
8.691449557195292108e-01
8.692861757752157192e-01
8.693563514210304044e-01
8.693494712793210510e-01
8.693857981143907621e-01
8.694359856781079809e-01
8.694875754774847865e-01
8.695903407375987770e-01
8.696467406870408423e-01
8.696626347167194515e-01
8.696841624914614099e-01
8.696935266677120469e-01
8.696125995771556427e-01
8.696735340118397772e-01
8.697543812485807324e-01
8.698367572757024213e-01
8.698421597286394302e-01
8.698807919994426818e-01
8.699616441774110642e-01
8.700280174711491066e-01
8.700462890389583093e-01
8.700631377345336981e-01
8.701489065655479971e-01
8.701930511303744842e-01
8.703172633377980194e-01
8.703468443653705755e-01
8.703801490238722849e-01
8.703888809125660542e-01
8.704512622179895187e-01
8.704483026728311312e-01
8.704771540239309990e-01
8.705396644210527946e-01
8.706144965034188221e-01
8.706422787870009561e-01
8.706854689512681933e-01
8.707373958664179625e-01
8.707655362919128894e-01
8.708423162910003956e-01
8.708882077001349753e-01
8.709627304294510486e-01
8.710936161670693734e-01
8.711893072977713315e-01
8.712511799780674471e-01
8.712773471868699993e-01
8.713162977001820408e-01
8.713403643125371412e-01
8.713726011102111979e-01
8.714449590373506416e-01
8.714771005662145242e-01
8.715211359091391552e-01
8.715413394411544168e-01
8.716283875195878217e-01
8.716676707815534941e-01
8.716793180948563258e-01
8.717313962846952036e-01
8.717005566538801320e-01
8.716676560086766834e-01
8.717646164447967472e-01
8.717795367574009413e-01
8.717748130352207525e-01
8.717607451086798465e-01
8.718246817557030459e-01
8.717631531223062336e-01
8.717719843175832928e-01
8.717897882694662925e-01
8.718663306593297246e-01
8.718872849168919359e-01
8.719458494677339022e-01
8.720383126635053994e-01
8.722484624067983194e-01
8.728570528008864349e-01
8.723760139467386931e-01
8.722545942565438359e-01
8.722971076754125752e-01
8.723157696353014412e-01
8.723336763999239851e-01
8.724018688187819004e-01
8.724978494330910550e-01
8.725502833427644100e-01
8.725828045393145826e-01
8.726219098282680386e-01
8.727575076004735477e-01
8.728175898003337485e-01
8.726468497357385834e-01
8.726548609384903177e-01
8.726894816543727673e-01
8.727105590209771613e-01
8.727212004345303864e-01
8.727438822938309304e-01
8.727492274517255622e-01
8.727776115372232191e-01
8.728136803136355981e-01
8.728392720675183236e-01
8.728573670451924560e-01
8.728685170314708364e-01
8.729079722433199517e-01
8.729154426568412894e-01
8.729320282301150646e-01
8.729634720522398972e-01
8.729605284466112058e-01
8.729732609607696592e-01
8.730006857177131652e-01
8.730280347082062242e-01
8.730233318568855205e-01
8.730431977852265435e-01
8.730769342008156686e-01
8.731081338706245809e-01
8.731859160124809671e-01
8.731176029194024357e-01
8.731326107598920139e-01
8.731102323439923207e-01
8.731500630754145398e-01
8.731678470780231960e-01
8.732059973958159471e-01
8.732377828090591709e-01
8.732631554514778127e-01
8.733014783758128452e-01
8.733273294414577448e-01
8.733459739346699502e-01
8.733765290533697101e-01
8.734186669988444063e-01
8.734606984393354923e-01
8.734758288485493516e-01
8.735397125390553796e-01
8.735580702421422705e-01
8.736206180965638834e-01
8.736734166723306716e-01
8.737169455121038819e-01
8.737227429796011746e-01
8.737982129238479612e-01
8.738908531281911474e-01
8.739243129706865121e-01
8.739540565007108963e-01
8.739718281877637551e-01
8.739918001621400645e-01
8.740227720133553202e-01
8.740789384655267558e-01
8.741018030932070637e-01
8.740956154080418150e-01
8.740686250401422663e-01
8.740812106056158326e-01
8.741902566225967508e-01
8.742186188076096487e-01
8.742174156710741384e-01
8.742393154240530873e-01
8.742422737465210814e-01
8.742433456057167040e-01
8.742578850378284194e-01
8.742944956766884879e-01
8.743240710698505502e-01
8.743220350310579869e-01
8.743532434582648172e-01
8.743825472229534990e-01
8.744091791808005221e-01
8.744187380979383528e-01
8.744250190516204002e-01
8.744344905397953838e-01
8.743960321082472342e-01
8.744041167503651124e-01
8.744153617935239708e-01
8.743998735006341949e-01
8.744101993918379501e-01
8.745137584043848333e-01
8.745748453608112039e-01
8.745151307200876856e-01
8.744342941006416625e-01
8.744536791968787748e-01
8.745009254319777714e-01
8.744849324522090406e-01
8.745729825611439079e-01
8.745343811836954195e-01
8.745174914198884375e-01
8.745135054255658291e-01
8.745166322950767013e-01
8.745378399886019061e-01
8.745492938261475446e-01
8.745603983530988446e-01
8.745587129114664737e-01
8.745660788974989330e-01
8.745678645197348944e-01
8.746122051861249247e-01
8.746308158577821290e-01
8.746644657422381064e-01
8.747096963649709789e-01
8.747459731629569912e-01
8.748275742036030200e-01
8.748606055094046985e-01
8.748464287887862678e-01
8.749017735862509859e-01
8.749153538354023096e-01
8.749233532769628008e-01
8.746160450876611092e-01
8.746134667016369768e-01
8.745942862197961798e-01
8.747268293171848175e-01
8.747243090047459591e-01
8.747422934458811694e-01
8.747511625805153290e-01
8.747731785764053525e-01
8.747759481652495062e-01
8.747646812986404896e-01
8.747762157912900571e-01
8.747889886205811871e-01
8.748177521268665213e-01
8.748203443806584767e-01
8.748317549427786499e-01
8.748401198931985423e-01
8.748515578379324475e-01
8.748600533932514578e-01
8.748864016213454553e-01
8.749068227019324295e-01
8.749449481142353990e-01
8.749611969969297576e-01
8.749692393415774427e-01
8.749802832410857878e-01
8.750062177499836613e-01
8.750225560879691944e-01
8.750260843526450616e-01
8.750585569334405900e-01
8.750536747951869199e-01
8.750771856388851466e-01
8.750875045706676403e-01
8.751171360326730486e-01
8.751460517054155952e-01
8.751905342067584082e-01
8.752350004609620315e-01
8.752971743845332497e-01
8.753103663915425825e-01
8.752819677166908674e-01
8.753698497587569793e-01
8.752451298705775651e-01
8.752669049211212471e-01
8.752848226442845325e-01
8.753056142470243550e-01
8.753015573877094280e-01
8.753159716248908317e-01
8.753432861087346861e-01
8.753786738581945670e-01
8.753899421605061404e-01
8.754078864574107444e-01
8.754026113270605425e-01
8.754109267017814444e-01
8.754359335212663629e-01
8.754341212547199769e-01
