3.122586533559204014e+00
3.122586533553165289e+00
2.808457039388644549e+00
2.935160053288411230e+00
2.943043422634521011e+00
2.664182038010208586e+00
2.952267031978263567e+00
2.783867674630961186e+00
2.427347875517494646e+00
2.427347875517494646e+00
2.450702544623141410e+00
2.379886371711838589e+00
3.577863422770718227e+00
3.577863422770432233e+00
2.902030452962095719e+00
2.903154094198327595e+00
2.537401523785309365e+00
2.537841878190993938e+00
2.537903708828630922e+00
2.613452192622292891e+00
2.196744908010822783e+00
2.196744908010822783e+00
2.196744908010822783e+00
2.196744908010822783e+00
2.525563336025467454e+00
2.525563336025516303e+00
2.103867481342985180e+00
2.103867699124439827e+00
2.103867699124439827e+00
1.797339441821916406e+00
1.861359721794563216e+00
1.860398944462404947e+00
2.462317566555199733e+00
2.462317550036401403e+00
1.844386220862892056e+00
1.842935412141875506e+00
1.840064056448961205e+00
1.740688797418370237e+00
1.740688797418370237e+00
1.326565276701287655e+00
1.452240363640420417e+00
1.332817980734893437e+00
1.332817981285207010e+00
1.236901272193681844e+00
1.241124508079475275e+00
9.711724667806610478e-01
9.711724667806610478e-01
9.711724667806610478e-01
9.503527831960458805e-01
9.715166671979307278e-01
9.715160732429822810e-01
9.715173295147472299e-01
7.390565066204791700e-01
7.390565066204791700e-01
7.390565066204791700e-01
7.390565066204791700e-01
7.390565066204791700e-01
7.390565035305733943e-01
7.390564889255875070e-01
5.882758708591864227e-01
5.250858157316146135e-01
6.385397015001874621e-01
6.381899323109165856e-01
6.395526470709933520e-01
6.386388827882301111e-01
4.857845342477116746e-01
5.824211780496583168e-01
4.024793124238044140e-01
4.024793122174892823e-01
4.024793095862699843e-01
4.024793049493742836e-01
4.024766476137232596e-01
3.989830789500996011e-01
3.521446064418907729e-01
3.446255862335080855e-01
2.499610082838457925e-01
2.020203995131118202e-01
2.368197924451393155e-01
3.859326756059737740e-01
2.618795188626562576e-01
2.319279020657332158e-01
2.672322815522620298e-01
2.672318846817778315e-01
2.663224406694326141e-01
2.673800656614980786e-01
2.673810103621797607e-01
2.672441509081410760e-01
1.998177964630752090e-01
1.997987002732831696e-01
1.998129589360377323e-01
1.998134366191627598e-01
1.998130894430430460e-01
1.997209891215488420e-01
1.863341121262430400e-01
1.333745716751129351e-01
1.358029057925580207e-01
1.291514274912435589e-01
1.712266182495449096e-01
9.268874676946346758e-02
7.030378588009737750e-02
7.962066163208428304e-02
8.994189302195930436e-02
7.161827027844165638e-02
6.688240278111759474e-02
7.106774085926570450e-02
6.946499798666350145e-02
9.898522489597334773e-02
1.059571890587983622e-01
1.045464042240272368e-01
1.034596008050903126e-01
1.036245290860635798e-01
8.942994210618630813e-02
7.844223536757097270e-02
5.279909940496545911e-02
7.216651570089337164e-02
8.558794375123332521e-02
9.373613676727757249e-02
9.075314540435396038e-02
8.669140235630894142e-02
8.250039157362114295e-02
8.852479128712160972e-02
9.153301747351415274e-02
8.829158445576484882e-02
7.675653630278403416e-02
7.433936045916711421e-02
7.375087350369627370e-02
7.416138346888268007e-02
7.105176083085390504e-02
7.051768203641696486e-02
7.408704998603082847e-02
7.015139594656562283e-02
6.785393155446124702e-02
6.764474189660116266e-02
6.853878447802461138e-02
7.059229402782317420e-02
7.389569201513089547e-02
6.996736996275024212e-02
7.049312763214723998e-02
7.149804562617877168e-02
6.927316460884222482e-02
6.604321494305871731e-02
7.171673091705950409e-02
7.228543734810807808e-02
7.170325864796082971e-02
6.974033712309929411e-02
7.146216431097494881e-02
7.199085649564347655e-02
7.118818968855099294e-02
7.171645482117125492e-02
7.228406787683711032e-02
7.215087847004712784e-02
7.265078341434523523e-02
7.264368425847289590e-02
7.386092698178219063e-02
7.371159137523866645e-02
7.350398419405894390e-02
7.351762969137080883e-02
7.295146088074488944e-02
7.239115180483694789e-02
7.181426696287175615e-02
7.122005338122502915e-02
7.019488250293653975e-02
7.045346163212105883e-02
7.031027588100000059e-02
7.013054495894661955e-02
7.012530125448500351e-02
6.979823417773393934e-02
6.971262272091291456e-02
7.005991556964949463e-02
6.982101237539614647e-02
6.976228900851937087e-02
6.955510350162184829e-02
6.970355104474031116e-02
6.927938309993220134e-02
7.004890199976107623e-02
6.863190316009305791e-02
6.879357361738730470e-02
6.893207341321870574e-02
6.893161329597512210e-02
6.824073280427195298e-02
6.896984133941173878e-02
6.848259817716388642e-02
7.059684609932234678e-02
7.042720815198300066e-02
7.066711821586045550e-02
7.057378115495331616e-02
6.876469266143393766e-02
6.868966603846154984e-02
6.877450393055907496e-02
6.893071854980366286e-02
6.898676380237600547e-02
6.902986187297463494e-02
6.908347251278877665e-02
6.933193365765330518e-02
6.933763884655648468e-02
6.882652222555638022e-02
6.877945408041420683e-02
6.991942252192337448e-02
6.884322755924515702e-02
6.876389623817315278e-02
6.876754652360481113e-02
6.875411900821770672e-02
6.875474265869895019e-02
6.875501046224559432e-02
6.875249476525729930e-02
6.875054977501236786e-02
6.875026217414671736e-02
6.875225955084662832e-02
6.874985248035170304e-02
6.874940236791685089e-02
6.875448193996187840e-02
6.875803626590004658e-02
6.876173354357047185e-02
6.876132671138289465e-02
6.948364195389604425e-02
6.969134217092540218e-02
6.956493106885176803e-02
6.962280232399782609e-02
6.967078224374147200e-02
6.967075857644450254e-02
6.967075843819062198e-02
6.969269866100835653e-02
6.964693821817309616e-02
6.964671223696518310e-02
6.964351691429450375e-02
7.028880404647538938e-02
7.028897147168290671e-02
7.028897154320964957e-02
7.028897154320712382e-02
7.028897154317108320e-02
7.028897154318906881e-02
7.028897154321094021e-02
7.028897154321041285e-02
7.028897154321092633e-02
6.885068808632476001e-02
7.014118851342840411e-02
7.014593956412683295e-02
6.964730284776647629e-02
7.006872599466880402e-02
7.006920700201776930e-02
7.006920700284492709e-02
7.006920699893355586e-02
7.006920695066798377e-02
7.006920634357900746e-02
7.006920695796325926e-02
6.777954093002432068e-02
6.777954093002437619e-02
6.777954093002437619e-02
6.777954092045522516e-02
6.814419590550666039e-02
6.814419590559411821e-02
6.814419590551633321e-02
6.814419590639840540e-02
6.814419590511998359e-02
6.814419590511092140e-02
6.814419590511092140e-02
6.814419590509319946e-02
6.814419590509034064e-02
6.814518133554973989e-02
6.814451082551466199e-02
6.814472249811517890e-02
6.815241089293333498e-02
6.813911594332612565e-02
6.832689903510485996e-02
6.832689903424467304e-02
6.832243048722580481e-02
6.832586042004870630e-02
6.848986832420224380e-02
6.799863267022654423e-02
6.809854797920332492e-02
6.799343931997209323e-02
6.799001207749126585e-02
6.831369626657020355e-02
6.831371321635769378e-02
6.831368752068439631e-02
6.811770234792768886e-02
6.811758349857958972e-02
6.811747439670050308e-02
6.740025765556455217e-02
6.740025772055073527e-02
6.740025766927205952e-02
6.740025766927205952e-02
6.740025766927205952e-02
6.740025766927205952e-02
6.740025766927205952e-02
6.740025766927205952e-02
6.740025766927205952e-02
6.740025766927205952e-02
6.740025766927205952e-02
6.740025766927205952e-02
6.742131993716041216e-02
6.784762811332037402e-02
6.784762572648365964e-02
6.784677115446763329e-02
6.784294282901098816e-02
6.785630555061672453e-02
6.785630524084330928e-02
6.780946019222196253e-02
6.781398473145508476e-02
6.781456893622886395e-02
6.780454646807856922e-02
6.780041824991964172e-02
6.780759616822359948e-02
6.780443648736177165e-02
6.779808994839170433e-02
6.780843486441864854e-02
6.780831470822548668e-02
6.771331483755983760e-02
6.772484372589368529e-02
6.772514460769978040e-02
6.772390462159919022e-02
6.772344785672432255e-02
6.771840433189449393e-02
6.771543672465268893e-02
6.771479490736750928e-02
6.771587379628002390e-02
6.773882326946818744e-02
6.773731976603827865e-02
6.766467533067183071e-02
6.771355975720237674e-02
6.771355975720062814e-02
6.771355975720132203e-02
6.790117045501756210e-02
6.790085046498339771e-02
6.781198119261520885e-02
6.781198119261520885e-02
6.781198119261520885e-02
6.781198119261520885e-02
6.781198119261520885e-02
6.781198119261520885e-02
6.781198119261520885e-02
6.781198119261520885e-02
6.781198119261520885e-02
6.781198119261520885e-02
6.781198119261520885e-02
6.781185401850226002e-02
6.781193228196540079e-02
6.785190705841069592e-02
6.781080131453702531e-02
6.786383450793760652e-02
6.780364647854893179e-02
6.780364647854893179e-02
6.780364647854893179e-02
6.780364647854893179e-02
6.780364647854893179e-02
6.780364647854884852e-02
6.780362547392555783e-02
6.780626814598270102e-02
6.780626814622291165e-02
6.780626814379163425e-02
6.780626814599810537e-02
6.780626814364217048e-02
6.780626814605876518e-02
6.780626814609580499e-02
6.780626814608009534e-02
6.780626813146894971e-02
6.780626814417102521e-02
6.780626814417102521e-02
6.780626814417102521e-02
6.780626814417102521e-02
6.780626814417102521e-02
6.780626814417102521e-02
6.780626814417102521e-02
6.767849350561157273e-02
6.767871384775472898e-02
6.769022036252209107e-02
6.769022036252209107e-02
6.769022036252209107e-02
6.770818287528367063e-02
6.770818287528367063e-02
6.770818287528367063e-02
6.770818287528367063e-02
6.770818287528367063e-02
6.770818287528367063e-02
6.770818287528367063e-02
6.770818287528367063e-02
6.770818286987130563e-02
6.770727544385791996e-02
6.770727544385791996e-02
6.770727544385791996e-02
6.770727544385791996e-02
6.758804159918352372e-02
6.758804159918352372e-02
6.766370748165068116e-02
6.766370742255203852e-02
6.761600790295015095e-02
6.761600790295015095e-02
6.761600790295015095e-02
6.761600790295015095e-02
6.761600790295015095e-02
6.761600790295015095e-02
6.761600790295015095e-02
6.762948182229963634e-02
6.764365017191729945e-02
6.761615728850101092e-02
6.761615733161983888e-02
6.764718949282629012e-02
6.764718955760144758e-02
6.764718955760144758e-02
