6.228976643240929256e+00
6.760725726530958823e+00
7.466261870549866231e+00
8.258334319502100840e+00
9.075887443845493507e+00
9.976199879760972777e+00
1.098830728981881144e+01
1.203244378609761078e+01
1.321861039668720039e+01
1.437968426755963769e+01
1.562406547086741249e+01
1.820589663167942618e+01
1.970919835436519563e+01
2.159537248104947338e+01
2.279270265835299369e+01
2.390037197510416789e+01
2.575202364605348393e+01
2.785360487876700120e+01
2.952252574001382612e+01
3.049315854779687029e+01
3.048488227370854275e+01
3.173311969030553570e+01
3.273557567758537346e+01
3.297984531512900475e+01
3.319595821894579046e+01
3.281350986606825160e+01
3.216761954688260516e+01
3.318645348982825993e+01
3.295394964110099068e+01
3.264435826752835368e+01
3.122562767385558047e+01
3.012048234932655788e+01
3.071689325374027391e+01
3.087826394223428395e+01
3.012964778008397815e+01
2.829123960186888098e+01
2.734502870540885411e+01
2.658551637997781825e+01
2.638914482794796967e+01
2.567913746375050010e+01
2.495120449512821637e+01
2.411190840284901071e+01
2.266611596252310079e+01
2.282798071664057460e+01
2.325279180633281584e+01
2.274313068236303437e+01
2.096707981493806372e+01
1.985904173323761412e+01
1.837315777843377873e+01
1.813619987687300394e+01
1.759331463934438844e+01
1.756409269761458702e+01
1.801610301842428541e+01
1.704835834649193771e+01
1.625909125357765106e+01
1.513851168349458831e+01
1.487483941714136293e+01
1.312933932942015680e+01
1.257870419538697071e+01
1.187401536064546903e+01
1.117393248554149743e+01
1.024718035602013977e+01
9.852207058034695208e+00
8.948559228790927023e+00
9.075893856866665388e+00
8.373732283241588803e+00
8.057977821858832712e+00
7.252552831184921445e+00
7.398188508936216934e+00
6.654220533504418000e+00
5.759769670963156507e+00
5.304730332796605552e+00
4.802862495727315384e+00
4.626101521521511550e+00
4.805441204537602928e+00
4.596466636693462782e+00
4.871179138097986971e+00
4.218413735572029033e+00
3.904931546279699184e+00
3.544832068276458692e+00
3.261816713626243480e+00
2.917973737049224248e+00
2.725464848463059919e+00
2.667759820629094225e+00
2.611612119339389082e+00
2.383213985268328727e+00
2.423878956343735513e+00
2.394253365631432651e+00
2.204654714407884963e+00
2.165383957119622949e+00
2.052712399972542290e+00
1.859650853171084472e+00
1.934146767534197453e+00
1.892563347249514916e+00
2.011533805850806100e+00
1.905637100075231682e+00
1.971330728849624903e+00
2.071064195207328318e+00
1.991172989648095193e+00
2.160414481724785229e+00
2.117845865421889240e+00
1.951366877256140553e+00
1.616650969551409744e+00
1.406365745265074629e+00
1.328695196328971928e+00
1.342960380633713369e+00
1.384644617253852683e+00
1.426001560865028939e+00
1.403112378314288922e+00
1.415323093555760359e+00
1.362698302433018371e+00
1.293540822284608982e+00
1.264341912925480482e+00
1.205058856159948455e+00
1.219269561272777747e+00
1.241742609180188639e+00
1.252628393834047227e+00
1.218477230369155784e+00
1.225432385322897000e+00
1.277318932465993262e+00
1.339999857194480670e+00
1.405586487980265309e+00
1.489441963642947897e+00
1.427657269249841709e+00
1.265168202830147193e+00
1.288648649800577584e+00
1.234936831431878934e+00
1.223333531428822507e+00
1.179893546628339340e+00
1.145863032413952931e+00
1.152197979545142692e+00
1.151599407438371969e+00
1.165884113680652368e+00
1.178534002259089331e+00
1.195415855925398896e+00
1.182629630650766650e+00
1.162909978398176447e+00
1.169217536344403952e+00
1.161276213164288418e+00
1.171520867850104786e+00
1.148100367534058863e+00
1.161553703853979380e+00
1.144583906251520622e+00
1.143121461441908959e+00
1.145531647845523970e+00
1.133446442738334836e+00
1.149743692411175910e+00
1.147781461496561572e+00
1.183048636264281139e+00
1.156234831459797441e+00
1.163463314416321115e+00
1.129273831479037371e+00
1.147785110700062505e+00
1.147348633889195613e+00
1.157344187593187579e+00
1.132181366706985992e+00
1.117904753886400204e+00
1.115074733443218058e+00
1.116957197138972457e+00
1.123176828669567584e+00
1.124149580458040365e+00
1.141982029645142172e+00
1.153609516886753283e+00
1.149945209896138687e+00
1.149678851764104337e+00
1.165711697114535150e+00
1.115484070156064433e+00
1.112045314718595357e+00
1.112938742281892601e+00
1.113767075011997454e+00
1.110723529809936938e+00
1.117650161904223172e+00
1.114987053329097089e+00
1.121864181660526372e+00
1.131230044835784376e+00
1.117069204978857311e+00
1.118905922358444105e+00
1.114017982767233184e+00
1.116835117588476756e+00
1.119230019763116202e+00
1.117864273227828109e+00
1.119184662670867692e+00
1.110070745440680406e+00
1.108394944709793828e+00
1.113058249853677850e+00
1.109960670289400264e+00
1.111653118285600206e+00
1.106041025708581094e+00
1.107069133188261612e+00
1.108853290723786911e+00
1.112648620396188504e+00
1.108538272851945283e+00
1.107801637652757298e+00
1.106066914199861806e+00
1.106765807066476315e+00
1.106332411239684399e+00
1.105804847022452186e+00
1.106010201897711820e+00
1.107959012796763787e+00
1.104715051304110185e+00
1.103445807473657725e+00
1.103394424440211408e+00
1.103570658694615458e+00
1.103080824162113505e+00
1.103935239704461058e+00
1.103107370653335195e+00
1.103315770621088321e+00
1.102739399759606442e+00
1.102949076837002718e+00
1.103247937927746669e+00
1.104306716673752797e+00
1.103367393055400880e+00
1.104191933116772439e+00
1.104261214613866837e+00
1.104549771496106780e+00
1.106106015470631254e+00
1.106792051489962292e+00
1.107469353446823845e+00
1.103200567113495678e+00
1.104562445730485676e+00
1.104626235147108115e+00
1.106451423620382846e+00
1.105402532901774482e+00
1.102579593369800826e+00
1.102514185877523367e+00
1.102792338084986667e+00
1.102618581890765226e+00
1.102951432051174852e+00
1.103537005002878768e+00
1.103892235085323081e+00
1.105731465981956596e+00
1.106453586295895075e+00
1.109644101480995015e+00
1.104160432069152931e+00
1.103412777583022919e+00
1.103413162021791294e+00
1.103188760585789518e+00
1.103076384338139260e+00
1.103380711947631321e+00
1.104371254255216206e+00
1.104676219564336259e+00
1.104496449818355153e+00
1.104264143316485702e+00
1.103447417957266641e+00
1.103984611455527620e+00
1.104208606957398864e+00
1.103666813733447327e+00
1.103122040972279061e+00
1.103090608834555342e+00
1.103870779314937822e+00
1.103063043409585386e+00
1.199517643226162722e+00
1.229610828919521781e+00
1.266802431472800805e+00
1.300354991839918872e+00
1.346793394020211032e+00
1.387748781135232923e+00
1.452784331977733157e+00
1.503731258952742733e+00
1.545363427606483153e+00
1.569789819938607778e+00
1.634912444212092586e+00
1.640448228740304604e+00
1.676291564031280767e+00
1.783619716417730094e+00
1.802369837342265191e+00
1.759450704992655545e+00
1.931018280110932350e+00
1.962224352725247645e+00
2.133711866375874511e+00
2.244945043702970988e+00
1.941400125095092521e+00
1.946954420239935590e+00
2.001978300452806447e+00
1.720914329856511271e+00
1.686231247896279317e+00
1.679120206220542588e+00
1.574181203105700089e+00
1.447985941178447256e+00
1.558294629150488886e+00
1.436089560149808042e+00
1.467759348856282786e+00
1.274948862505654201e+00
1.238875500483317627e+00
1.312631625704966165e+00
1.328592753213005295e+00
1.358308042067423171e+00
1.204050897151565103e+00
1.189309930648135394e+00
1.250552441419263694e+00
1.318929812332443996e+00
1.212707585244139352e+00
1.281383668911073581e+00
1.236807306247796445e+00
1.220607278996446166e+00
1.187985379993671931e+00
1.199613941328182332e+00
1.230523399846099153e+00
1.084904712277485306e+00
1.069403919136481473e+00
1.030819312643078689e+00
1.041086883283836695e+00
1.002652082005090151e+00
1.025150852642642496e+00
1.016187667301448716e+00
8.870033495958334901e-01
9.096898839789371305e-01
9.694197826068473578e-01
9.515191402058287284e-01
8.686002226656125424e-01
8.882515795507865963e-01
8.832941596947928575e-01
8.463020698112707629e-01
8.507767062687974224e-01
8.842563343370252182e-01
8.752602072275693645e-01
8.887818899776732673e-01
9.417122499205147212e-01
8.335897389254789402e-01
8.797171627797456539e-01
7.995622305865857093e-01
7.775522127433538433e-01
8.249433385427614729e-01
7.397617641520861653e-01
7.669920307832649442e-01
8.641799531204289453e-01
8.081788245379745161e-01
7.639536808721065775e-01
7.429178097325151997e-01
7.140493025074715616e-01
7.367618069739223507e-01
7.049413084495511628e-01
7.167638324751928192e-01
6.998479932589791730e-01
6.504607163071685072e-01
5.988182899965766026e-01
5.952717516743498694e-01
5.646398171490230045e-01
6.219713137500775257e-01
6.163972911648649688e-01
6.115913030067988698e-01
6.003077364794764392e-01
4.958140146713045926e-01
5.129246186526574824e-01
4.878292461272304981e-01
4.911362758958103258e-01
5.006822312607495107e-01
5.084638510448487025e-01
4.924823234594941646e-01
4.805603638475680617e-01
3.763801139512479299e-01
3.176209712670750029e-01
3.363530394560516057e-01
3.554252533779667655e-01
3.296982149844693843e-01
2.947004104851567718e-01
2.970527312906648398e-01
2.862087111148162166e-01
2.792493186302237307e-01
2.947875087116664239e-01
2.986892770110265438e-01
2.700667414697078828e-01
2.537423781356242802e-01
2.393652321155428087e-01
1.974394074035741853e-01
1.765346990315079245e-01
1.665016629497937106e-01
1.571737240466512253e-01
1.590368924108475357e-01
1.613583568487260977e-01
1.256073598300269656e-01
1.321784455076059350e-01
1.369566175270998942e-01
1.318015040409565020e-01
1.397982306144802123e-01
1.349937043427914818e-01
1.355906060433969829e-01
1.219863362083341701e-01
1.037698948056461346e-01
1.001090259701965107e-01
8.003747134010655295e-02
7.096836939945716516e-02
6.805460805662012780e-02
6.625114422695002614e-02
6.821417177785660257e-02
6.812003060889466888e-02
6.827458414021025934e-02
6.423941057117957265e-02
7.502043774590422265e-02
8.281081300484269270e-02
9.023435373806125426e-02
8.746230157724180221e-02
1.216921553909649789e-01
6.521502480934428247e-02
6.247483909785614409e-02
7.950439851728148544e-02
9.704646226347569959e-02
9.266677299857080385e-02
8.787103329296391818e-02
8.207321893364875887e-02
4.939371782890460832e-02
4.520977141511471342e-01
5.003787285576269950e-01
5.546175540667700465e-01
6.373462541355309208e-01
6.930011895105783193e-01
7.668185200499461063e-01
8.241665487225146025e-01
8.552220367719680638e-01
8.937237724566043928e-01
9.474094964832944221e-01
9.276958456728862101e-01
9.718759187976291347e-01
1.011427779513249137e+00
9.732089264139647256e-01
9.697193518529336753e-01
1.007650954201797511e+00
9.526112017862423675e-01
9.142503774331236510e-01
8.533157279586838229e-01
8.541743438412371381e-01
9.277145570135357788e-01
8.772835069571426336e-01
8.103356402469341635e-01
7.685397731240646291e-01
7.591011166209317151e-01
7.841263992267187843e-01
9.232449418790961149e-01
7.495410515123421824e-01
7.394211682146261122e-01
7.836477963121144530e-01
7.789389850651892155e-01
6.709082701715629593e-01
6.330145649104753636e-01
6.097529904001626200e-01
5.824187672523847281e-01
4.316354714669822790e-01
3.709959728914127286e-01
5.032892316090794571e-01
3.480557609954303411e-01
3.650635635045377247e-01
4.750019726551264476e-01
4.276840046243184923e-01
5.075063480478699818e-01
2.211881377125715364e-01
2.570703723194821544e-01
2.664949292906321765e-01
2.282287128025765888e-01
2.252483745866447062e-01
2.580876120484860703e-01
2.276119144251432524e-01
2.262188745367931519e-01
1.918483894649700983e-01
2.067584481648120642e-01
1.723879727411205542e-01
1.706345485374254622e-01
1.999628992767494007e-01
2.101011724420951132e-01
1.357329943135389128e-01
1.260834108472959070e-01
1.422672201821647553e-01
1.277753784013238025e-01
1.490956366534872402e-01
1.511566258360614590e-01
2.062598652191153792e-01
2.684107715656616211e-01
3.146738302704056300e-01
4.023310352942551238e-01
3.059202120540321368e-01
2.338895656028171233e-01
1.638849811873221152e-01
1.424837588210591810e-01
1.500848227114151834e-01
1.316086316209882368e-01
1.373380977996964680e-01
1.543731632435985379e-01
1.858715724998682428e-01
1.343913490484130169e-01
1.522874640279287539e-01
6.995825673666121458e-02
7.317743239764414043e-02
9.390965899958646224e-02
1.051214281296982966e-01
9.683931537966801451e-02
8.942890074461516681e-02
1.012829882175274171e-01
1.117720735252927255e-01
8.832153387405992928e-02
1.216782494439239276e-01
9.907871815859663200e-02
6.335453663168263971e-02
8.715131952791926873e-02
3.485755118682173914e-02
3.623329657344841193e-02
3.565850876023742705e-02
3.411424649701771949e-02
3.469656210214663861e-02
3.475967381697200181e-02
3.494381256079164000e-02
3.608256258116518400e-02
3.887897519720964756e-02
3.927951073128193582e-01
4.506107624763074915e-01
5.000560813501239155e-01
5.521658905210532486e-01
6.175864563455022438e-01
6.667039447114250228e-01
7.153471070517600783e-01
7.675145617668872600e-01
8.137773573542229633e-01
8.114848312010004561e-01
8.263385113926895453e-01
8.778290550688025995e-01
9.474527209130563232e-01
9.430778817131172387e-01
9.943389616155164923e-01
1.012382199266021576e+00
9.629362547397772865e-01
1.002288066377271525e+00
1.043637262756939466e+00
1.155739116318740933e+00
1.115483815834297454e+00
1.032925905303249792e+00
1.050321131866841728e+00
1.092338717910492862e+00
8.689419332287126041e-01
7.440387893027430311e-01
7.856582126446515213e-01
8.119053990637373763e-01
8.808418453324246000e-01
9.158211868913974651e-01
8.972939382386901919e-01
1.045943585223265249e+00
8.642597926358978055e-01
7.618271844365979151e-01
7.897489555003764927e-01
8.700593977612545160e-01
6.035615278876685919e-01
6.837954802460122217e-01
5.624871697787751090e-01
6.255769973696314601e-01
5.503746898604509052e-01
2.751740150903994042e-01
2.484136321030376293e-01
2.240633303727458947e-01
1.873911156740380723e-01
1.637822716873667539e-01
1.431214958453745356e-01
1.149957570332224843e-01
1.157850695905304345e-01
1.090548202217726664e-01
9.789215616688948240e-02
9.634187412225204972e-02
8.483617582222438558e-02
8.980312221921715743e-02
8.857522981188289957e-02
7.727426023586460302e-02
8.533857692099119929e-02
8.525198300368562465e-02
9.278314047682247045e-02
7.250072580541570832e-02
6.714351359285117282e-02
5.926349778444314764e-02
6.333787630315780570e-02
5.434631153361280109e-02
4.951282758335970313e-02
4.950708837515269134e-02
4.864187593215298089e-02
4.566360163115598669e-02
4.793751881033561646e-02
5.194435039843968427e-02
4.951318010961873461e-02
4.755000863061235178e-02
4.744537112873980361e-02
4.716019928349184098e-02
4.804015698129526779e-02
5.550003290839525261e-02
6.191171458494638263e-02
6.731937290136078000e-02
7.924702686626503012e-02
6.843659017033319747e-02
5.872223593290123306e-02
4.871136660850498845e-02
4.413203775820089686e-02
4.118605053450916098e-02
4.433630905907748332e-02
4.392181783807991985e-02
4.935420187178795465e-02
4.466546177332541417e-02
4.072557455336705406e-02
4.653493033969059028e-02
4.353631161769125346e-02
4.112894667437191898e-02
4.214376890406689585e-02
3.758848521430914469e-02
3.676240404929331795e-02
3.019711999102538125e-02
3.280485446370643571e-02
2.823433960384861760e-02
3.071101946815914252e-02
3.923072116128414888e-02
3.575259169548963833e-01
4.091536795666487203e-01
4.507089410202959057e-01
4.868410844987803854e-01
5.143681993185736934e-01
5.459754897417672392e-01
5.765585063178325642e-01
5.861992970316819429e-01
6.175919358662915748e-01
6.404406086692775446e-01
6.713937838034143013e-01
6.664571619423573789e-01
7.152730373512777851e-01
7.235440603433135331e-01
7.362430183617632018e-01
8.494838585853294877e-01
8.408250054865591405e-01
7.847897097160384527e-01
7.866258890087426403e-01
7.195888303729400803e-01
6.707530596747521834e-01
7.048088409987266489e-01
6.675447877514147921e-01
5.283002985731616308e-01
4.696142477771686474e-01
4.392749726129711041e-01
4.696602009541717693e-01
5.152015680147248311e-01
4.353229621669775784e-01
4.157719963547798492e-01
3.651459553185824047e-01
3.166906506357611284e-01
2.693495558164410997e-01
2.719507234122963690e-01
2.679452081965566501e-01
3.787812574188702541e-01
4.396282893225511579e-01
5.418576880187975231e-01
6.021681339012765477e-01
3.247218769202953048e-01
4.199393375243347659e-01
3.584738081818608091e-01
2.646864313456461781e-01
2.453041057967580707e-01
2.686480010169882693e-01
2.603805786302776926e-01
3.132521774517477708e-01
3.771338447683988959e-01
3.965654390166865606e-01
2.987169087209692875e-01
2.281702807935595267e-01
2.094453561638299766e-01
1.935196276036556251e-01
1.882294376423296056e-01
2.157729596537945882e-01
2.143917521537632431e-01
2.056072105214614143e-01
1.582043107241794810e-01
2.452087500497746320e-01
2.619460092836902732e-01
2.580440825643338099e-01
1.801188767225491427e-01
1.903350294815889798e-01
3.301996645862249058e-01
2.729701114200783763e-01
1.978629552996208352e-01
8.745685773048567091e-02
1.150061006492190258e-01
1.350077566622100156e-01
1.399073687587691350e-01
1.340712767320358378e-01
5.708555726102666067e-02
5.340207339474189324e-02
6.014886508776744883e-02
6.873878908320170400e-02
6.056751946381055268e-02
4.227686730276398325e-02
4.006096702658717978e-02
3.918036660521751618e-02
3.775598293327780269e-02
4.175280729629945314e-02
3.803896549957330037e-02
3.568556094628104469e-02
3.665333289556549357e-02
3.457066427348500642e-02
3.377812770547947846e-02
3.555699797495603942e-02
3.952843332266221810e-02
4.053746988817442942e-02
3.474746368229349874e-02
3.071970202040425618e-02
2.610563204408987079e-02
2.608343299586465477e-02
2.565250271354119552e-02
2.436196102422644519e-02
2.438039919080020948e-02
2.369709358001468105e-02
2.265761736279218660e-02
2.275416101560126525e-02
2.178133960311083236e-02
3.101925832440343700e-01
3.530571833690862582e-01
3.940898302565004618e-01
4.195210415820436189e-01
4.459409128903741304e-01
4.598873589706943266e-01
4.778566106339897090e-01
5.001964053527329090e-01
5.170060235082510891e-01
5.476373221963212190e-01
5.714215365725481277e-01
6.220374578148107902e-01
5.973350625826088223e-01
6.076143038288313036e-01
5.648734624493474410e-01
5.622908389639144078e-01
5.731682082919469234e-01
5.830593080032695497e-01
6.267265589799190240e-01
6.558416279132684990e-01
6.926743918721419702e-01
6.373575261114250434e-01
4.992144376091305902e-01
4.596975918687793428e-01
4.046628007391627757e-01
3.856874150526079514e-01
3.683749473150713105e-01
4.055938908446676816e-01
3.284063562643122491e-01
3.108098581469417865e-01
2.600452743536273981e-01
2.669614190413553967e-01
2.736699276352057009e-01
2.601408538930128911e-01
2.489340648633211750e-01
3.325821724300855320e-01
3.627381751494395123e-01
3.316082904192691472e-01
2.911459984396211897e-01
2.466285225936179770e-01
2.190895265799152059e-01
2.457355494129264961e-01
2.382731060608321572e-01
3.327786424312491609e-01
2.229027856893578963e-01
2.008888526821423215e-01
2.214375037376703492e-01
2.273939288138752124e-01
1.242530376284575050e-01
1.222166433438311578e-01
1.079191356952150099e-01
1.065874376948740682e-01
1.280244418137806706e-01
1.475026845341756709e-01
2.343832041379621256e-01
1.997557574595047458e-01
1.089707727938256376e-01
8.898258387326099528e-02
8.069117899214876821e-02
9.020925287456856012e-02
9.221861589227214884e-02
1.041128812137432635e-01
9.781348303919694398e-02
9.369941302906678593e-02
1.006201250840258327e-01
1.146795479131886425e-01
9.134733339778781935e-02
7.276176946564755221e-02
7.704149244423756648e-02
7.639972543416949369e-02
1.148801269663674712e-01
9.750997710235975724e-02
8.771053775708079203e-02
1.135652928067598516e-01
7.465222695914899842e-02
5.086927306276924771e-02
5.873041239750231846e-02
7.157506917261463597e-02
1.012827732317960888e-01
9.221229365739642969e-02
1.089531732158501437e-01
1.555541269924247683e-01
2.492172265429347944e-01
3.480909347326751613e-01
2.988812565637124496e-01
8.336207089272193449e-02
1.014129913306086317e-01
1.032780882306317954e-01
5.500019788847177599e-02
4.208354861034255268e-02
4.722590925823995367e-02
5.247080255539172955e-02
4.029060148661169766e-02
3.234020931903613949e-02
3.720345778965090944e-02
2.807884936544116639e-02
2.884805968690174263e-02
2.579194291973699316e-02
2.564274479812651483e-02
2.514649030695658566e-02
2.878597995076603300e-01
3.260394782197867936e-01
3.695575472723410249e-01
4.098211992506753387e-01
4.443531349280828713e-01
4.803590571837675904e-01
5.080825494171029577e-01
5.193655275337695221e-01
5.273633452607970895e-01
5.458349412668007661e-01
5.397696304732528816e-01
5.534984647306543382e-01
5.590368796470027712e-01
5.431019534467753651e-01
6.279554623895259313e-01
5.546428148703729244e-01
5.555206529833180973e-01
5.516445801322928943e-01
5.417556374247319839e-01
6.008361364909937663e-01
6.051136061548861855e-01
5.560365598311243218e-01
5.724034855392319265e-01
5.701958833257079196e-01
5.135407983068359661e-01
4.873012125221734547e-01
5.217773911136567300e-01
4.566233847522364053e-01
5.151190320622694996e-01
5.289620053380221787e-01
5.751150212273231643e-01
4.011235587411942083e-01
4.225418859437855557e-01
3.323394803836285383e-01
2.935906560376851937e-01
3.376484994831966957e-01
3.146854527818329084e-01
3.313277599390754835e-01
1.649565953415208230e-01
1.491089091838449510e-01
1.510334442503215302e-01
1.322407570958677725e-01
1.251546903183088089e-01
1.197348639165014966e-01
1.198923781533202115e-01
1.222191194486746263e-01
1.080756698850038056e-01
1.084722354192094868e-01
1.037582236015552190e-01
1.082619771392147323e-01
1.120181136632696500e-01
1.396670729939963329e-01
1.525584908434989284e-01
1.278954387347525645e-01
1.091315986147784883e-01
1.185956078259624569e-01
9.116781357272427111e-02
8.666177529593449558e-02
1.206334197325072410e-01
1.530979599889200349e-01
5.729610814136374547e-02
6.548077722255586652e-02
7.164703480382329792e-02
6.738087753111644818e-02
7.959122327678173903e-02
5.470589258915212888e-02
5.084420486103197884e-02
3.879229436300097450e-02
3.845591589221756396e-02
3.475875068317862970e-02
3.618701244067121237e-02
3.693230474939969421e-02
3.663785782907690719e-02
3.617374337729677147e-02
3.550677447917448964e-02
3.551551082566672263e-02
3.303663542320879609e-02
3.488382195024551657e-02
3.260066671107878650e-02
3.218248426795924239e-02
3.452748346835179949e-02
2.981060284136496930e-02
3.009127686277320718e-02
3.223680067907308544e-02
3.039606212863900717e-02
2.828218299374069683e-02
2.968477089516764408e-02
2.775156247714216651e-02
2.745364908128887158e-02
2.774911030938231535e-02
2.679622097741229600e-02
2.736463735049935592e-02
2.479358706763932010e-02
2.475225514973619298e-02
2.434349969494504357e-02
2.332983921054601270e-02
2.293900150008134145e-02
2.329510555428208896e-02
2.322210214787312835e-02
2.314140167622265667e-02
2.667555961393335284e-01
3.040523327890264915e-01
3.535248226830389195e-01
3.938058508093669197e-01
4.315356022608534681e-01
4.750818122165528790e-01
4.952718597711924797e-01
5.178005703505428325e-01
5.548833755742734741e-01
5.511220587673782978e-01
5.810425569148682801e-01
5.806429181783716587e-01
6.016086610167297177e-01
6.070576162630731964e-01
5.798248805314449861e-01
6.014807450357749774e-01
6.409718064796363635e-01
6.310097326500226922e-01
6.450511099889369993e-01
5.665400748148845533e-01
5.901853100011631437e-01
5.864996331082540371e-01
5.607604109014429072e-01
5.310959409530379149e-01
5.767119806829467121e-01
7.856400140487899142e-01
5.169289643709388260e-01
5.888225852057584753e-01
4.298130867270851252e-01
4.307850558011679931e-01
4.068405714682281071e-01
4.200153951624079340e-01
5.076377580767624798e-01
4.963985289495239095e-01
5.204157108635391049e-01
4.178250130867932621e-01
3.179564911720074161e-01
3.186650720222218292e-01
3.163740001574245619e-01
4.271998451615900416e-01
2.746330647006127723e-01
2.893840418165024575e-01
2.680476692338696343e-01
3.240816394280248147e-01
3.000852168589787095e-01
3.032052401180452827e-01
2.578755702684561446e-01
2.626348571321821534e-01
1.958747517697720930e-01
1.296974560508220298e-01
1.369811791950854840e-01
1.272147864582074683e-01
8.086030283525019735e-02
9.350096215457322224e-02
1.082973473094748784e-01
1.527665290594318048e-01
1.018900970427479846e-01
1.112854189301459990e-01
7.628211678325920453e-02
8.050326394328603807e-02
7.590870412431369174e-02
6.289581516074077561e-02
6.143617576037487676e-02
7.105908948841251072e-02
7.272310199679489495e-02
6.211659319123350592e-02
6.330215602216647530e-02
5.783160500073328963e-02
6.655368577236847605e-02
5.817923199300594622e-02
6.374656280328873381e-02
7.806355574885719129e-02
8.477847017978218380e-02
7.359416281176450747e-02
5.602304395695159589e-02
7.157785969157899608e-02
4.012004813600304060e-02
3.328763624414194516e-02
3.473079559028505181e-02
3.132435500233585191e-02
3.059822529292402851e-02
2.912490378309282382e-02
2.921262640838762775e-02
3.006251758719760345e-02
3.259549274688475912e-02
3.091176697897431158e-02
3.392682221720390301e-02
3.794996708692528059e-02
4.452236151680633025e-02
4.204846303536650953e-02
5.542698982911293398e-02
7.721194905260810037e-02
7.787269789937770192e-02
1.175460020477079315e-01
8.105812879393382853e-02
1.146521086349944207e-01
1.338544555991421081e-01
7.897287495705566929e-02
9.509548009940312074e-02
