4.818055322884370106e+00
4.713340737270104164e+00
4.989379361793715439e+00
4.989379361793715439e+00
5.172587400456073681e+00
4.888959018451688010e+00
5.383264504852427912e+00
5.329931656463817724e+00
5.385912093582817306e+00
5.385912093582817306e+00
1.028682882712504032e+01
5.706901664390829687e+00
5.057632687250410264e+00
5.057632687250410264e+00
5.057632687250410264e+00
1.074228488758093292e+01
1.074228488758093292e+01
1.074228488758093292e+01
5.304432900561688591e+00
4.676713089153926362e+00
4.676713089153926362e+00
4.676713089153926362e+00
4.676713089153926362e+00
4.676713089153926362e+00
4.835063316307552483e+00
5.052882302941927861e+00
5.052882302941927861e+00
5.052882302941927861e+00
3.272275908705905678e+00
3.272275908705905678e+00
3.272275908705905678e+00
2.723581629979441310e+00
3.124926620008323219e+00
3.124926620008323219e+00
3.124926620008323219e+00
3.231577189542115480e+00
1.577974037180019273e+00
1.577974037180019273e+00
1.577974037180019273e+00
2.347144627358336066e+00
2.347144627358336066e+00
2.980486676217255493e+00
2.980486676217255493e+00
2.059098883678768033e+00
1.262224411674129243e+00
1.138672773710813324e+00
1.272068215092160059e+00
1.666171908067875629e+00
1.329244806032397141e+00
1.329244806032397141e+00
9.757002591007757353e-01
9.757002591007756243e-01
9.757002590931049824e-01
1.165949200617274473e+00
1.070845981539894742e+00
1.070845981539894742e+00
1.070845981539894742e+00
9.970598165821631387e-01
1.005554448964100844e+00
1.057665277343265098e+00
1.057665277343294630e+00
9.868546939683994212e-01
9.914004281438389965e-01
9.914004281438389965e-01
1.102943968358777838e+00
1.161095688712283858e+00
1.059930443090298491e+00
1.059930363007457910e+00
1.042654076131068308e+00
1.081892084195947845e+00
1.115268517439440110e+00
1.090077624149127455e+00
1.117713345285058724e+00
1.111487887937634644e+00
1.090371844151544201e+00
1.092861529479600247e+00
1.074502192809518419e+00
1.074502712118014625e+00
1.074502997794657411e+00
1.074601134127605828e+00
1.076975906978933084e+00
1.076871218238810490e+00
1.073145553458322965e+00
1.072984302362186115e+00
1.073443732365731318e+00
1.078748140406984080e+00
1.089988932935138433e+00
1.090122418029922047e+00
1.090065006968554240e+00
1.090695501567081394e+00
1.090815426246466879e+00
1.091199740718636013e+00
1.092076626994803012e+00
1.092164096001171369e+00
1.091745388234195646e+00
1.091659392198978118e+00
1.091518100716274198e+00
1.091625189129313167e+00
1.092084005241733324e+00
1.092105237545272889e+00
1.092143723561745272e+00
1.092198926514389656e+00
1.092266997953784013e+00
1.092450252244583808e+00
1.093025236155048097e+00
1.092911393375436635e+00
1.092941333982076157e+00
1.092998405883309321e+00
1.093132415229538745e+00
1.093172310129483460e+00
1.093150989329619405e+00
1.093391766557974432e+00
1.093491874669982433e+00
1.093478115697047004e+00
1.093577079767626303e+00
1.093547827733498901e+00
1.093594337233113167e+00
1.093637027491717761e+00
1.093853420729486770e+00
1.093815876397909559e+00
1.093876436248280903e+00
1.093865637649538591e+00
1.093890222072486207e+00
1.093891275902786564e+00
1.093983907504704201e+00
1.093962052882241576e+00
1.094035650465530196e+00
1.094029251476704934e+00
1.094032308938895914e+00
1.094069743956959551e+00
1.094183955864222346e+00
1.094217088504796376e+00
1.094280780248944929e+00
1.094327844435381891e+00
1.094439229971982064e+00
1.094438107295991669e+00
1.094449381438455715e+00
1.094445679153596807e+00
1.094466987561372839e+00
1.094587284716463049e+00
1.094611542134641402e+00
1.094645093828384930e+00
1.094742740433074735e+00
1.094727651979551908e+00
1.094826140578752938e+00
1.094890613407036195e+00
1.094994974387067721e+00
1.095077314375862310e+00
1.095548794570560869e+00
1.095679332670042694e+00
1.095767450222496997e+00
1.096248481780413675e+00
1.096365759430030895e+00
1.096406179005142700e+00
1.097090815407869568e+00
1.097242879654027892e+00
1.097569487725477799e+00
1.097746019139437701e+00
1.098371594826233366e+00
1.099211805060183345e+00
1.099167172894917943e+00
1.099108279157818835e+00
1.099283613325352293e+00
1.099417882762101284e+00
1.099486931581997506e+00
1.099568379701662435e+00
1.099584430010007940e+00
1.099714940845413436e+00
1.099843460065750511e+00
1.099835567035746031e+00
1.099888677426226646e+00
1.099934053430253078e+00
1.100007060429704309e+00
1.099988170151783295e+00
1.100048876303989509e+00
1.100142821614028987e+00
1.100104668504293448e+00
1.100113006270308835e+00
1.100130591170694228e+00
1.100153729188419138e+00
1.100161134386542061e+00
1.100198462266291033e+00
1.100226080922297900e+00
1.100222272031772697e+00
1.100255055883089694e+00
1.100270614677424597e+00
1.100274103562800532e+00
1.100274544065947824e+00
1.100295585520000730e+00
1.100302935614403399e+00
1.100308510930007477e+00
1.100324875932289670e+00
1.100358529978480382e+00
1.100363524544995419e+00
1.100375245482066999e+00
1.100387568740909261e+00
1.100439731847256075e+00
1.100425988708416014e+00
1.100431235439024213e+00
1.100459291108056403e+00
1.100469427964900548e+00
1.100475816115296546e+00
1.100494999199953305e+00
1.100597903724467086e+00
1.100650900152440492e+00
1.100776488809005471e+00
1.100707052550351728e+00
1.100779705998269797e+00
1.100795435985689297e+00
1.100824408823156242e+00
1.100940281919378316e+00
1.100914834592172875e+00
1.100941587366027541e+00
1.100996586530295529e+00
1.101046629093480389e+00
1.101065829810494945e+00
1.101110360896928153e+00
1.101296658660831929e+00
1.101369738845625390e+00
1.101418717596519770e+00
1.101444250380064993e+00
1.101458654746868771e+00
1.101486164469363427e+00
1.101546091965021290e+00
1.101587189180798232e+00
1.101595876185160527e+00
1.101632013503077934e+00
1.101644083335232560e+00
1.101666343358936873e+00
1.101739702506171037e+00
1.101734438324829313e+00
1.101759074775271019e+00
1.101762698490184489e+00
1.101768078374042670e+00
1.101769003130326441e+00
1.101781980103871073e+00
1.101785691034201209e+00
1.101789918164783888e+00
1.101792925297157888e+00
1.101804670908676398e+00
1.101812515769110767e+00
1.101815440844008620e+00
1.101826443556946478e+00
1.101838297481001705e+00
1.101839901481951989e+00
1.101847822287268297e+00
1.101851633707312983e+00
1.101871897023878555e+00
1.101868789737038279e+00
1.101863449925460481e+00
1.101867538056763296e+00
1.039355846015388218e+00
1.039355846015388218e+00
1.065520728349858448e+00
1.028509011631636216e+00
1.062257606716491276e+00
1.059971332956533008e+00
1.059971332956533008e+00
1.059971332956533008e+00
1.065087921250117864e+00
1.055819526990912971e+00
1.050591813291773313e+00
1.050015253537852633e+00
1.065542085740588396e+00
9.962823857224744062e-01
9.962823857224744062e-01
8.813673159461214990e-01
8.813673159461214990e-01
8.813673159461214990e-01
8.885717450942822726e-01
8.555951023657605292e-01
8.570974497354378885e-01
8.655313872612082626e-01
8.131941840423290158e-01
8.410085481801939933e-01
8.410085481801939933e-01
8.066617817443801908e-01
8.066617817443801908e-01
7.900869994324094536e-01
7.900869994324094536e-01
8.128052753826449095e-01
8.128052753826449095e-01
8.096805933050442716e-01
8.096805933050442716e-01
8.098628700853972573e-01
7.225639090632184347e-01
7.393658222819765591e-01
7.393658222819765591e-01
7.289746366399814104e-01
7.289746366399814104e-01
7.283561055017332420e-01
7.164357402262849783e-01
6.870931568563904968e-01
6.848605601828902101e-01
6.848605601828902101e-01
6.854460746390698134e-01
6.854460746390698134e-01
6.787728359341084206e-01
6.749310358516136255e-01
6.701854580933533923e-01
6.576776180038916841e-01
6.564675775655184342e-01
6.479978466152143124e-01
6.479978466152143124e-01
5.286949650306883575e-01
5.286949650306883575e-01
5.624070418155603379e-01
5.534918527229646390e-01
5.426537330265109871e-01
4.922724790320053279e-01
4.841257469843097683e-01
4.707927174984680163e-01
4.582181045737667158e-01
4.580173975634357353e-01
4.680092385630140184e-01
3.753548534767482403e-01
3.753548534767482403e-01
3.753548534767482403e-01
3.338615934793394691e-01
3.050114889065652091e-01
3.292481261949931071e-01
3.201078292052901286e-01
3.201078292052901286e-01
2.953854479116287401e-01
2.886138066239101185e-01
2.886138066239101185e-01
2.886950685973252440e-01
2.610841777939244546e-01
2.469867888434699177e-01
2.492765932817025409e-01
2.492765932817025409e-01
2.466087723532675857e-01
2.398961798511164700e-01
2.288469016588188798e-01
2.216564988798540581e-01
2.095059751366533107e-01
2.946653263325982666e-02
2.946653263325982666e-02
1.070675181530998318e-02
1.794103774032614063e-02
1.592410551593426843e-02
1.455939684193524597e-02
1.448841853103245356e-02
1.504593968883900790e-02
1.504593968883900790e-02
1.490068116251867629e-02
1.504359069318017203e-02
1.474231531707907890e-02
1.474231531707788714e-02
1.485726537922530018e-02
1.480675818053391914e-02
1.480378215599566921e-02
1.454718347932999235e-02
1.459061257955401869e-02
1.460173701535649737e-02
1.464581341752507412e-02
1.464421524002453533e-02
1.463563409393616767e-02
1.463188302229391155e-02
1.463102568079316899e-02
1.462900019023345190e-02
1.463075857283197174e-02
1.462948044856203500e-02
1.463033563769204105e-02
1.462979351122573046e-02
1.462858046225681830e-02
1.462776823797013251e-02
1.462797460569851063e-02
1.462787660647686498e-02
1.462763602984030846e-02
1.462762976805831970e-02
1.462741747630811641e-02
1.462711695411022736e-02
1.462705291791536501e-02
1.462690435545069625e-02
1.462711981317042602e-02
1.462692256988457583e-02
1.462694512913908194e-02
1.462681117870531441e-02
1.462678143448469491e-02
1.462670443743106091e-02
1.462665982037802438e-02
1.462663295226388806e-02
1.462652232509380548e-02
1.462650336986151371e-02
1.462647746067278522e-02
1.462646438093741230e-02
1.462640415004086945e-02
1.462633365514360954e-02
1.462637234977751111e-02
1.462639913578760512e-02
1.462637240403720854e-02
1.462634052960304527e-02
1.462631903879883441e-02
1.462629371873214006e-02
1.462630273372194853e-02
1.462629820811181015e-02
1.462627441101488172e-02
1.462626258440475994e-02
1.462624712844477239e-02
1.462621531397535236e-02
1.971452050793610633e-01
1.498237492818266792e-01
2.756909705733706084e-01
2.756909705733706084e-01
2.756909705733706084e-01
1.267530147272947216e-01
1.009376806419101796e-01
1.145953162158521860e-01
9.583914863627573943e-02
1.253916121498574177e-01
4.923803000476758424e-02
7.801692283247374515e-02
3.944933935568389893e-02
2.807839200558356549e-02
2.598372230029575777e-02
2.598372230029575777e-02
1.426716333720214579e-02
1.426716333720214579e-02
3.178439891064015893e-02
3.178439891064015893e-02
7.801398595361206702e-03
1.772562036907397720e-02
1.772562036907397720e-02
1.586884955476238618e-02
1.256592942589986051e-02
1.256592942589986051e-02
1.587887226193141627e-02
1.587887226193141627e-02
1.412820064785152811e-02
1.533557391288581200e-02
1.498701435944154239e-02
1.467431050622574479e-02
1.440534313545789244e-02
1.432019094095798167e-02
1.480515406183929329e-02
1.473108979765799624e-02
1.465140804358542118e-02
1.465140804358542118e-02
1.471037145364476571e-02
1.466789227692178940e-02
1.466789227692178940e-02
1.466482396368154299e-02
1.463631169118924727e-02
1.461867757026620064e-02
1.461833957824597123e-02
1.462760621247510308e-02
1.462380073427412344e-02
1.462312292682645294e-02
1.462157082912638427e-02
1.462309330427284844e-02
1.462276114419553026e-02
1.462257142883070272e-02
1.462236867015530295e-02
1.462245013013795114e-02
1.462231807693794433e-02
1.462237812896616078e-02
1.462243484289856357e-02
1.462237778485471658e-02
1.462241187721014316e-02
1.462246036156606734e-02
1.462236013723107637e-02
1.462239126705287308e-02
1.462239126705287308e-02
1.462239126705287308e-02
1.462239126705287308e-02
1.462239126705287308e-02
1.462239126705287308e-02
1.462239126705287308e-02
1.462239126705287308e-02
1.462328002533323963e-02
1.462252623852444179e-02
1.462252623852444179e-02
1.462252623852444179e-02
1.462252623852444179e-02
1.462252623852444179e-02
1.462252623852444179e-02
1.462252623852444179e-02
1.462252623852444179e-02
1.462225171098455526e-02
1.462240631336103255e-02
1.462245557228214476e-02
1.462259226253010032e-02
1.462280267942497533e-02
1.462287152603021674e-02
1.462245247238376337e-02
1.462232279037915458e-02
1.462282934739644880e-02
1.462306283197441388e-02
1.462289676643579658e-02
1.462249661460916089e-02
1.462254971721594146e-02
1.462245262168594337e-02
1.462245316681711968e-02
1.462244540648676046e-02
1.462246891701726552e-02
1.462246891706604594e-02
1.462246891706602339e-02
1.462246891706602339e-02
1.462246891706602339e-02
1.462246891706602339e-02
1.601179101439922925e-01
9.933318717619045446e-02
8.510719494631931170e-02
8.570186050106697040e-02
6.439646649262044387e-02
7.461157648990969504e-02
6.910069078686455202e-02
6.910069078686455202e-02
6.497330096172801439e-02
3.596674539221869638e-02
1.117970479740565126e-01
2.322400632116414579e-02
2.322400632116414579e-02
2.322400632116414579e-02
1.040646548677893676e-02
1.040646548677893676e-02
7.983664913526476378e-03
7.983664913526476378e-03
7.983664913526476378e-03
8.075856072075296432e-03
8.075856072075296432e-03
1.472666142598098686e-02
1.472666142598098686e-02
1.212114437868372883e-02
1.212114437868372883e-02
1.266437506872620904e-02
1.339055871278809449e-02
1.339055871278809449e-02
1.386570773415585212e-02
1.390194875717085631e-02
1.403393375741630866e-02
1.423311114947956903e-02
1.423311114947956903e-02
1.429584918853697532e-02
1.438668277536850337e-02
1.453703470864257767e-02
1.470379939906762794e-02
1.457533591412405426e-02
1.457287859525055289e-02
1.462018129656614956e-02
1.462018129656614956e-02
1.462018129656614956e-02
1.462148707673243016e-02
1.462148707673243016e-02
1.462521721160577569e-02
1.462624796931747892e-02
1.462624796931747892e-02
1.462380052198192573e-02
1.462324452666168180e-02
1.462154960156565771e-02
1.462173587068685797e-02
1.462246273584038962e-02
1.462336631939695035e-02
1.462253898828813452e-02
1.462253898828813452e-02
1.462424443470430012e-02
1.462244868090632581e-02
1.462185513008879348e-02
1.462008975887143895e-02
1.462008975887143895e-02
1.462008975887143895e-02
1.462008975887143895e-02
1.462008975887143895e-02
1.462008975887143895e-02
1.462008975887143895e-02
1.462026610986890372e-02
1.462026610986890372e-02
1.462026610986890372e-02
1.462026610986890372e-02
1.462026610986890372e-02
1.462026610986890372e-02
1.462026610986890372e-02
1.462026610986890372e-02
1.462026610986890372e-02
1.462026610986890372e-02
1.462026610986890372e-02
1.462026610986890372e-02
1.462026610986890372e-02
1.462026610986890372e-02
1.462026610986890372e-02
1.462026610986890372e-02
1.462026610986890372e-02
1.462026610986890372e-02
1.462026610986890372e-02
1.462090530716574598e-02
1.462090530716574598e-02
1.462090530716574598e-02
1.462090530716574598e-02
1.462090530716574598e-02
1.462090530716574598e-02
1.462090530716574598e-02
1.462092610505762343e-02
1.462092610505762343e-02
1.462091143323080052e-02
1.462091143323080052e-02
1.462091143323080052e-02
1.462091143323080052e-02
1.462091143323080052e-02
1.462091143323080052e-02
1.462089204406412206e-02
1.491648977757388250e-01
9.314476558258177885e-02
9.314476558258177885e-02
9.767634066995149744e-02
9.767634066995149744e-02
4.756737519944505277e-02
5.356506722042227858e-02
4.476623693081534239e-02
2.460873848872830588e-02
2.460873848872830588e-02
2.481996504492227015e-02
1.273656050875404504e-02
1.273656050875404504e-02
1.273656050875404504e-02
1.543461840535453357e-02
1.666004476150689459e-02
1.666004476150689459e-02
1.256274644614961168e-02
1.468003334732299880e-02
1.468003334732299880e-02
1.428708847466710931e-02
1.409431798239166138e-02
1.300652667627348082e-02
1.300652667627348082e-02
1.300652667627348082e-02
1.345231641200004755e-02
1.563331097794496208e-02
1.563331097794496208e-02
1.475373111366016197e-02
1.488574767564653997e-02
1.437855678809364483e-02
1.456474876354646453e-02
1.456474876354646453e-02
1.459284187465884064e-02
1.458096068086474871e-02
1.458096068086474871e-02
1.461170590896889929e-02
1.461170590896889929e-02
1.461170590896889929e-02
1.460345752976081705e-02
1.461183219853091908e-02
1.461625976809247281e-02
1.461861686358535174e-02
1.462598533849622344e-02
1.462213354282970723e-02
1.462258663386379123e-02
1.462258663386379123e-02
1.462258663386379123e-02
1.462230264877799855e-02
1.462230264877799855e-02
1.462168834227823601e-02
1.462168834227823601e-02
1.462168834227823601e-02
1.462168834227823601e-02
1.462168834227823601e-02
1.462168834227823601e-02
1.462168834227823601e-02
1.462168834227823601e-02
1.462168834227823601e-02
1.462168834227823601e-02
1.462171175476486250e-02
1.462169440109461344e-02
1.462170192585753904e-02
1.462170192585753904e-02
1.462170192585753904e-02
1.462170192585753904e-02
1.462170192585753904e-02
1.462170192585753904e-02
1.462170192585753904e-02
1.462170192585753904e-02
1.462170192585753904e-02
1.462170192585753904e-02
1.462170192585753904e-02
1.462170192585753904e-02
1.462170192585753904e-02
1.462170192585753904e-02
1.462170192585753904e-02
1.462170192585753904e-02
1.462170192585753904e-02
1.462170192585753904e-02
1.462170192585753904e-02
1.462170192585753904e-02
1.462170192585753904e-02
1.462170192585753904e-02
1.462170192585753904e-02
1.462170192585753904e-02
1.462170192585753904e-02
1.462170192585753904e-02
1.462170192585753904e-02
1.462170192585753904e-02
1.462170192585753904e-02
1.462170192585753904e-02
1.462170192585753904e-02
1.462170192585753904e-02
1.462170192585753904e-02
1.462170192585753904e-02
1.462170192585753904e-02
1.462170192585753904e-02
1.462170192585753904e-02
1.462170192585753904e-02
1.004449946144827799e-01
1.004449946144827799e-01
1.004449946144827799e-01
5.602145423249827588e-02
7.087562580042752747e-02
3.785325080050192664e-02
3.785325080050192664e-02
4.146642174677436093e-02
3.178039279452270216e-02
1.785023572771600800e-02
8.176923799721357716e-03
1.599087132351208196e-02
1.599087132351208196e-02
1.599087132351208196e-02
1.585652299229948353e-02
1.775589693755384377e-02
1.822531952441266284e-02
1.822531952441266284e-02
1.660223695664638996e-02
1.660223695664638996e-02
1.453815057333979720e-02
1.570268402253932258e-02
1.570268402253932258e-02
1.613101196389223405e-02
1.613101196389223405e-02
1.509859527654162405e-02
1.421454085922323370e-02
1.463165309807505816e-02
1.459522977665906815e-02
1.459522977665906815e-02
1.459522977665906815e-02
1.471645566959704603e-02
1.461016743403549881e-02
1.461492847031278103e-02
1.463506339670153818e-02
1.461679792120000078e-02
1.461679792120000078e-02
1.461679792120000078e-02
1.461679792120000078e-02
1.462113872823093789e-02
1.462025432085330666e-02
1.462281927595391988e-02
1.462038855262549550e-02
1.462340368104710422e-02
1.462180935917446224e-02
1.462180935917446224e-02
1.462245801886957568e-02
1.462194253317277044e-02
1.462234121162006573e-02
1.462234121162006573e-02
1.462254070658734403e-02
1.462253397038877113e-02
1.462251792880997492e-02
1.462251792880997492e-02
1.461935024623285499e-02
1.461935024623285499e-02
1.462319535600356199e-02
1.461816883416751714e-02
1.461816883416751714e-02
1.461709053306776106e-02
1.461709053306776106e-02
1.461709053306776106e-02
1.461614194366606112e-02
1.461753987247974874e-02
1.461753987247974874e-02
1.461753987247974874e-02
1.461753987247974874e-02
1.461753987247974874e-02
1.461753987247974874e-02
1.461753987247974874e-02
1.461753987247974874e-02
1.461753987247974874e-02
1.461753987247974874e-02
1.461753987247974874e-02
1.461753987247974874e-02
1.461783125158449062e-02
1.461708956564716951e-02
1.461788515415433747e-02
1.461788515415433747e-02
1.461788515415433747e-02
1.461788515415433747e-02
1.461788515415433747e-02
1.461794438796917839e-02
1.461867610118040492e-02
1.461867610118040492e-02
1.461820823042033271e-02
1.461820823042033271e-02
1.461848845177577370e-02
1.461848845177577370e-02
1.461848845177577370e-02
1.461848845177577370e-02
1.461848845177577370e-02
1.461851091063957539e-02
1.461858082199080089e-02
1.461849328030827636e-02
1.461849328030827636e-02
1.461849328030827636e-02
1.461849328030827636e-02
1.461848892034020055e-02
1.461851580584719833e-02
1.218080531872414857e-01
8.033963329636410744e-02
8.033963329636410744e-02
8.544008749987548612e-02
3.767294829557978064e-02
3.797230815798097875e-02
5.554949653253154346e-02
3.067129378969626896e-02
2.257536476992337907e-02
4.716055881489249896e-02
4.716055881489249896e-02
4.716055881489249896e-02
4.257263676126537416e-02
4.035423722073427921e-02
3.914765430002616065e-02
3.241205653296095474e-02
2.216902333412256940e-02
2.434196008272719244e-02
2.434196008272719244e-02
1.943538522220042072e-02
1.943538522220042072e-02
1.683785593547245871e-02
1.683785593547245871e-02
1.804870899716725860e-02
1.265172344538655937e-02
1.551956821574610769e-02
1.416089599145984798e-02
1.454599361921159531e-02
1.442083302390377401e-02
1.453014818571285276e-02
1.453014818571285276e-02
1.464416720744898641e-02
1.458963862456453403e-02
1.458963862456453403e-02
1.460602373329083353e-02
1.460602373329083353e-02
1.459531825776566767e-02
1.460009045580569313e-02
1.460378518948722906e-02
1.463306456164599305e-02
1.461990026390203035e-02
1.462864584842429351e-02
1.462223313095420939e-02
1.462223313095420939e-02
1.462307226259133668e-02
1.462403850354814655e-02
1.462347775415319927e-02
1.462229998870446038e-02
1.462283503041709488e-02
1.462283503041709488e-02
1.462102796718092561e-02
1.462102796718092561e-02
1.462102796718092561e-02
1.462102796718092561e-02
1.462102796718092561e-02
1.462102796718092561e-02
1.462102796718092561e-02
1.462102796718092561e-02
1.462102796718092561e-02
1.462893320599793420e-02
1.462893320599793420e-02
1.462893320599793420e-02
1.462893320599793420e-02
1.462893320599793420e-02
1.462893320599793420e-02
1.462893320599793420e-02
1.462893320599793420e-02
1.462893320599793420e-02
1.462893320599793420e-02
1.462893320599793420e-02
1.462893320599793420e-02
1.462893320599793420e-02
1.462893320599793420e-02
1.462893320599793420e-02
1.462893320599793420e-02
1.462893320599793420e-02
1.462893320599793420e-02
1.462893320599793420e-02
1.462893320599793420e-02
1.462893320599793420e-02
1.462893320599793420e-02
1.462893320599793420e-02
1.462893320599793420e-02
1.462893320599793420e-02
1.462893320599793420e-02
1.462893320599793420e-02
1.462893320599793420e-02
1.462893320599793420e-02
1.462893320599793420e-02
1.462893320599793420e-02
1.462893320599793420e-02
1.462893320599793420e-02
1.462893320599793420e-02
1.462893320599793420e-02
1.462893320599793420e-02
1.462893320599793420e-02
1.462893320599793420e-02
1.462893320599793420e-02
1.462893320599793420e-02
1.462893320599793420e-02
1.727534621275977345e-01
2.320107176386309311e-01
9.238494877429097307e-02
9.238494877429097307e-02
6.966049923906623975e-02
2.071378445115082054e-02
2.216316508366738408e-02
3.009587298168689765e-02
1.736325096438839574e-02
1.736325096438839574e-02
2.560498217975328700e-02
2.208067362964694080e-02
2.792046836664641499e-02
2.068716908689352540e-02
2.068716908689352540e-02
2.416019950838388039e-02
1.590164067846896317e-02
1.861497232779118008e-02
1.698425538228401019e-02
1.395615674962100324e-02
1.395615674962100324e-02
1.486529219400479183e-02
1.435953697488174564e-02
1.435953697488174564e-02
1.435953697488174564e-02
1.471669638787917282e-02
1.460467261138156080e-02
1.468584356774287926e-02
1.470440742834460378e-02
1.463234632146386167e-02
1.463234632146386167e-02
1.458761305730188473e-02
1.462722348037640008e-02
1.462722348037640008e-02
1.461443602237961180e-02
1.462826464824905359e-02
1.463175596490212151e-02
1.462986008354291885e-02
1.462941093619107152e-02
1.462514364586738926e-02
1.462514364586738926e-02
1.462403192853733817e-02
1.462209962599462544e-02
1.462285506065657235e-02
1.462285506065657235e-02
1.462285506065657235e-02
1.462285506065657235e-02
1.462292562394280383e-02
1.462272459827011414e-02
1.462288549100856927e-02
1.462272348492250906e-02
1.462315519549834547e-02
1.462315519549834547e-02
1.462315519549834547e-02
1.462315519549834547e-02
1.462315519549834547e-02
1.462315519549834547e-02
1.462315519549834547e-02
1.462315519549834547e-02
1.462315519549834547e-02
1.462315519549834547e-02
1.462330018197710406e-02
1.462355575566416134e-02
1.462355575566416134e-02
1.462355575566416134e-02
1.462355575566416134e-02
1.462355575566416134e-02
1.462355575566416134e-02
1.462355575566416134e-02
1.462355575566416134e-02
1.462355575566416134e-02
1.462355575566416134e-02
1.462355575566416134e-02
1.462355575566416134e-02
1.462355575566416134e-02
1.462355575566416134e-02
1.462355575566416134e-02
1.462355575566416134e-02
1.462355575566416134e-02
1.462355575566416134e-02
1.462355575566416134e-02
1.462355575566416134e-02
1.462355575566416134e-02
1.462355575566416134e-02
1.462355575566416134e-02
1.462348036281275500e-02
1.462348036281275500e-02
1.462348036281275500e-02
1.462349218178316673e-02
1.462349218178316673e-02
1.462349218178316673e-02
1.462349218178316673e-02
1.462349218178316673e-02
1.462349218178316673e-02
1.462349218178316673e-02
1.462349218178316673e-02
1.462349218178316673e-02
1.462349218178316673e-02
