3.276949791998247985e+00
3.453792862989457646e+00
3.636666422943107158e+00
3.796896758214147294e+00
3.932934017174563479e+00
4.120908201667838888e+00
4.303413308083174016e+00
4.425259139097894590e+00
4.618597695208836562e+00
4.812952578297765349e+00
4.645462367983994589e+00
4.781820470206401552e+00
4.805677388867382049e+00
4.728364123721034318e+00
4.678499878967884662e+00
4.422097113387171596e+00
4.530106391885458272e+00
4.152852033302359303e+00
3.915671272972248484e+00
3.891208467203854049e+00
3.796516644710794086e+00
3.588129342863260796e+00
3.630225756584562369e+00
3.589443512125577218e+00
3.356008229308977242e+00
3.287155129962471278e+00
3.056776637069284597e+00
2.703594094271552617e+00
2.444069695096271921e+00
2.423802505150388420e+00
2.451222487512341619e+00
2.121858276443263414e+00
1.967099878840403271e+00
2.019593791718471643e+00
1.913162996113574321e+00
1.913465605135114433e+00
1.731648916593195642e+00
1.599931471652344950e+00
1.479713924968201422e+00
1.306404093460135751e+00
1.253611867907510780e+00
1.298091504312942179e+00
1.304813424362309515e+00
1.308823640375245345e+00
1.369047364494660801e+00
1.289058817519488365e+00
1.208216863798063034e+00
1.081070757867397703e+00
9.259958972140541755e-01
7.941508294018942982e-01
7.419155549407846495e-01
7.676911949349153330e-01
7.039466403046216181e-01
6.946136120752541832e-01
6.475656302605762304e-01
6.297062581849804941e-01
6.907838546541962277e-01
6.828208507275762562e-01
6.585052835887004186e-01
5.954115645077290297e-01
5.855619856718076166e-01
5.856214308554258396e-01
5.319629940870580498e-01
5.140932879297186453e-01
4.900225061971417717e-01
4.787378368520008864e-01
4.820448550089500017e-01
4.696531816753519162e-01
4.567790444544574946e-01
4.567118929948447703e-01
4.086859526836238432e-01
4.052450653432481675e-01
3.922010827329079907e-01
3.867993943570182669e-01
3.656714618462557076e-01
3.655669028288917599e-01
3.608724290233149001e-01
3.487065769831574347e-01
3.285033661445125874e-01
3.250217748833743037e-01
3.208397576589111511e-01
3.214581082900452857e-01
3.289170471909999560e-01
3.193844786226403554e-01
3.110891308226044205e-01
3.031153076686834980e-01
2.889807104586261666e-01
2.808596491850354204e-01
2.744790038167548851e-01
2.729971061131699073e-01
2.776291207395870653e-01
2.705677879849532341e-01
2.652910788779110351e-01
2.610771991040830020e-01
2.580616162611208964e-01
2.620851234607829983e-01
2.744577171038318775e-01
2.834212711114366678e-01
2.778757715450405064e-01
2.765433302402340310e-01
2.742326368140892145e-01
2.628031157061630485e-01
2.483251394702607195e-01
2.514991779884362399e-01
2.322768640683036678e-01
2.220704254493262586e-01
2.198111525996428450e-01
2.200210736738877071e-01
2.105781589858827241e-01
2.190220542028058770e-01
2.102766784618229357e-01
2.099225093126741437e-01
1.928444755370308794e-01
1.931868081428201600e-01
1.871724873196004002e-01
2.001919903457775041e-01
1.940399771557788922e-01
1.925668112910223495e-01
2.182976404412335092e-01
2.088693295140293116e-01
2.227392988806063401e-01
1.751050929074307316e-01
1.692176154687198841e-01
1.699301129397155774e-01
1.688302565680959988e-01
1.709394558807837694e-01
1.775742871339172635e-01
1.648247285617305269e-01
1.588490946549348526e-01
1.561934861400244567e-01
1.521467664322963820e-01
1.507485371587516110e-01
1.439203086652648400e-01
1.434366096336791851e-01
1.475914935839134356e-01
1.537099472077965434e-01
1.543187181307224265e-01
1.550451603335733231e-01
1.552503878995573905e-01
1.559669651639618015e-01
1.540586016731399499e-01
1.558792613477124334e-01
1.546210509391077736e-01
1.476077313069762420e-01
1.422551930568322354e-01
1.410058222271383666e-01
1.337086255931248246e-01
1.362873121993963543e-01
1.334471767762231975e-01
1.360981188293227673e-01
1.376234975452922116e-01
1.444021451672828082e-01
1.435426548348867626e-01
1.450392642255645126e-01
1.501140376361100870e-01
1.469024352412709455e-01
1.507629809364693096e-01
1.564081731762040073e-01
1.714751589912713314e-01
1.668108109251678073e-01
1.649485686971236265e-01
1.659102976472547064e-01
1.910738785091161129e-01
1.917661770352652173e-01
1.691179149464525910e-01
1.638146215737492084e-01
1.708933828199419580e-01
1.457497514806783689e-01
1.471694177046179997e-01
1.459472582850720457e-01
1.383232030085636000e-01
1.286080495476638330e-01
1.315205151255029736e-01
1.389421539746580059e-01
1.374470631875186477e-01
1.325772333012366078e-01
1.397601977402308515e-01
1.299250195630464733e-01
1.268073935319187218e-01
1.295840441149639921e-01
1.390442037235243011e-01
1.628319230030551845e-01
1.564324304152556189e-01
1.651345444571734600e-01
1.555874000460716888e-01
1.539483617439228180e-01
1.501336756836741670e-01
1.454696769600340445e-01
1.630917755176621298e-01
1.646299168874969521e-01
1.741080490238896272e-01
1.680696629784458329e-01
1.633308931993184554e-01
1.814676318399379429e-01
1.431177368497206503e-01
1.384607034081976051e-01
1.422081873863425550e-01
1.389661411413234682e-01
1.448464022968973253e-01
1.450849310424578431e-01
1.476827687587751736e-01
1.396988675781054290e-01
1.330530459264783472e-01
1.234358147271252398e-01
1.264437229844010691e-01
1.287734856658562521e-01
1.294806130325852067e-01
1.323773556270389229e-01
1.303963515348200430e-01
1.222275267046537689e-01
1.184936915315101674e-01
1.221339308616474217e-01
1.231110335029766828e-01
1.345251197453874725e-01
1.315381767037239469e-01
1.298689532583697515e-01
1.457456695542536373e-01
1.528371300300679358e-01
1.319573673997300467e-01
1.248548011788821882e-01
1.265871688467224143e-01
1.331349469578783085e-01
1.366300343928822103e-01
1.341323324531271677e-01
1.477664794312815444e-01
1.602090439538141065e-01
1.571053920418408467e-01
1.325111589259623246e-01
1.329867361319765073e-01
1.305091874686226949e-01
1.222996965575964823e-01
1.199163122448090035e-01
1.227204658980163010e-01
1.268827833802953775e-01
1.324663888448307236e-01
1.347891964363602257e-01
1.325911271187132923e-01
1.336672095187068643e-01
1.249748562648262257e-01
1.241454386054658687e-01
1.231706730084886486e-01
1.352375628502783533e-01
1.446197996727604795e-01
1.401643004066284448e-01
1.426773040555359695e-01
1.367416801664173287e-01
1.450951248113621084e-01
1.493726167961868245e-01
1.559096092416174251e-01
1.718542955879432399e-01
1.801438138456401550e-01
1.470907920765881782e-01
1.620663460017185420e-01
1.898585964300466555e-01
1.193751285279334023e-01
1.142659097425387238e-01
1.136680551196104366e-01
1.112083392469767201e-01
1.101988239562166766e-01
1.124921712512538391e-01
1.152004226088573502e-01
1.211734138784673065e-01
1.246936450621380366e-01
1.275520830624918556e-01
1.324685827789632842e-01
1.466886899322251137e-01
1.284628562949964581e-01
1.202509624757113343e-01
1.133814181326202875e-01
1.153270778533560526e-01
1.270334890460260158e-01
1.299953894632944196e-01
1.166937125018884247e-01
1.129129120900374261e-01
1.083191134774376119e-01
1.114873411438424833e-01
1.148720734671881544e-01
1.161118219813575408e-01
1.178280330026069828e-01
1.238854582819759326e-01
1.273677763332258239e-01
1.205447676350906716e-01
1.138638529162987606e-01
1.034423126249327113e-01
1.045779744215026841e-01
1.066611745072867101e-01
1.121043228048821394e-01
1.136435833852613986e-01
1.202322125060406449e-01
1.394909570042383584e-01
1.191530955558804533e-01
1.244654677943033139e-01
1.166104907031895038e-01
1.143233403933551773e-01
1.170876058982311119e-01
1.178447522230775812e-01
1.149358318854557942e-01
1.216983168878668503e-01
1.150267646694038692e-01
1.070252679025769788e-01
1.121507661825235647e-01
1.133647846871229381e-01
1.150582614194107095e-01
1.326964991436590247e-01
1.361990112099890626e-01
1.537166384416865095e-01
1.525333608194482937e-01
1.300971250300645976e-01
1.087738733556268128e-01
1.139067244028724724e-01
1.140167740644539296e-01
1.104970906531831526e-01
1.141580244972775493e-01
1.192406439715742172e-01
1.235492679151128509e-01
1.176554759782799664e-01
9.859124690583696837e-02
9.248234503141548879e-02
9.010100730764554477e-02
9.267346940382098497e-02
9.211052913050103708e-02
9.089964260865479595e-02
9.198072178971875013e-02
9.516849740885589826e-02
9.785767556756665153e-02
9.228382916119629020e-02
9.429370127897042375e-02
9.914949544203821574e-02
9.844371073448639209e-02
9.018420460525709836e-02
8.865624494882359818e-02
8.952656562372721116e-02
9.078030309843385104e-02
9.587596565261093107e-02
9.869322298745070166e-02
1.027863468326560281e-01
1.059554381536376849e-01
1.050838757470035079e-01
1.173062400879889833e-01
9.658124746950894068e-02
9.843473218371853739e-02
9.870690058854372784e-02
1.036445667405686555e-01
9.367533933330153550e-02
9.004395942411906606e-02
9.237445251709008875e-02
8.518469704715214696e-02
8.260148971701759824e-02
7.946773444424029553e-02
7.998131216555623424e-02
7.754661024959019766e-02
8.141958315837595495e-02
8.725272963262026282e-02
8.661829967444169276e-02
8.643008775265052790e-02
9.062121517322052622e-02
9.231445085677907059e-02
9.480794937288582191e-02
1.010022235527214957e-01
1.026705134611247822e-01
1.020714776193760026e-01
1.002210487349697449e-01
1.038230189556043626e-01
1.055707676150701435e-01
1.020910599188717266e-01
1.106943587917587762e-01
1.061071054455743484e-01
1.154495565519497169e-01
1.174966043919314918e-01
1.228009570667287498e-01
1.253964979199995167e-01
1.177300290924089277e-01
1.106020239280692541e-01
1.163720463164150676e-01
1.231552688965829867e-01
1.349096661245721418e-01
1.648561633963720741e-01
1.431018079293837619e-01
1.290021062693773868e-01
1.164538887083655799e-01
1.108230601631377404e-01
1.094708580931565006e-01
1.115906473723457804e-01
1.085994737046162145e-01
1.060103332274007076e-01
1.106664184455061761e-01
1.101128576052623487e-01
1.296448344761907401e-01
1.316565993312091287e-01
1.198990914406617841e-01
1.222508264229174996e-01
1.256175832447915530e-01
1.031105898991945130e-01
1.040256982178002082e-01
1.095294105410645064e-01
1.052995761653003348e-01
1.018813660764626983e-01
1.026600676772272264e-01
1.005001168171526099e-01
1.059738283628091776e-01
1.022881900103799063e-01
1.059643898758144825e-01
1.106434413184359256e-01
1.162562576385564317e-01
1.262628053473471013e-01
1.303672128998856483e-01
1.333372072644164741e-01
1.262590408141528175e-01
1.292986229759874872e-01
1.296118764667223422e-01
1.350016120098693484e-01
1.247919368685415226e-01
1.159675976187860835e-01
1.123189580806287641e-01
1.106347094235433787e-01
1.106083810255943517e-01
1.120184207736816956e-01
1.088419527688739979e-01
1.117592899643088944e-01
1.217037620677534210e-01
1.251330685671966647e-01
1.316267974004823593e-01
1.290943996365502278e-01
1.269911750629068858e-01
1.132417466951812085e-01
1.078631610658052492e-01
1.083501748962621691e-01
1.059351815684108494e-01
1.117468256566306745e-01
1.148602964729140280e-01
1.171165925425975973e-01
1.169519221821799099e-01
1.181996413624717690e-01
1.184687831102885225e-01
1.278314175107957695e-01
1.278749282594414671e-01
1.310206842821747264e-01
1.344157442724583096e-01
1.308761661163239942e-01
1.359984623402151482e-01
1.484471679985680248e-01
1.624591297279639468e-01
1.442551000861553301e-01
1.473184393169686968e-01
1.304462338264443799e-01
1.312278359261139782e-01
1.324469813334248069e-01
1.281704416295936511e-01
1.435727391550776777e-01
1.344930873261060145e-01
1.372787140977412279e-01
1.330317634436935237e-01
1.441524522485014559e-01
1.475838163851716511e-01
1.261730335230903111e-01
1.304774352254230996e-01
1.272169337544930834e-01
1.265190540062911817e-01
1.225066449915460376e-01
1.180494268531282614e-01
1.151364904495202623e-01
1.216097055829377938e-01
1.210438891409896245e-01
1.299883757633032710e-01
1.301076409373786436e-01
1.417109270123378673e-01
1.359860435434419035e-01
1.344770478756698306e-01
1.396592307177618730e-01
1.362985344369055940e-01
1.355001133874131902e-01
1.313027635359159395e-01
1.265105391119195066e-01
1.278665106735074330e-01
1.345705000613326707e-01
1.362846151649824145e-01
1.283865373547125044e-01
1.252419352318401291e-01
1.262190283188452389e-01
1.303450400496118933e-01
1.375042141154549369e-01
1.653613404963721334e-01
2.064066850346059634e-01
2.186313197958795473e-01
2.085143716259669211e-01
1.272512342291639842e-01
1.137637328260034802e-01
1.135665714050142633e-01
1.171759051628038367e-01
1.158894414698867364e-01
1.130141034343760398e-01
1.164328500508725467e-01
1.177677302055596953e-01
1.182205420867773055e-01
1.138716953981467328e-01
1.146795892775429315e-01
1.140639289963757963e-01
1.178653098713822317e-01
1.242581616674680450e-01
1.309049198186870155e-01
1.363913761235334143e-01
1.468174954999765802e-01
1.481773434995941330e-01
1.539736658020773308e-01
1.816391381638543523e-01
1.591770786412408933e-01
1.705366714524977345e-01
2.017516718358845773e-01
2.074488873053784155e-01
2.001300751833002822e-01
1.892723090282536214e-01
2.153396996673934694e-01
1.786028817559511261e-01
1.728131370549446100e-01
1.805090614673973137e-01
2.023029343263300361e-01
1.428022910382217570e-01
1.339778862956570726e-01
1.335085132549358455e-01
1.247995274342632993e-01
1.303198955883722032e-01
1.364990360462176033e-01
1.340678529946552067e-01
1.228382172640171133e-01
1.198786038296491968e-01
1.217154829452303799e-01
1.260733882414966922e-01
1.295442916191087146e-01
1.316830071011621528e-01
1.526340075773430782e-01
1.579672735428403751e-01
1.709922134967858942e-01
1.482851862516873509e-01
1.620145878678745655e-01
1.776964355908498272e-01
2.155645009875228890e-01
1.738360194843882323e-01
1.833589181023347059e-01
1.640313948086341567e-01
1.516557996689484600e-01
1.801211147260362577e-01
1.792829603125561666e-01
1.473942129107018162e-01
1.512196464001935858e-01
1.423848251248031327e-01
1.395431528662690879e-01
1.394772168024032977e-01
1.351587322792654478e-01
1.260546882208274377e-01
1.219315059967711612e-01
1.182033343469988673e-01
1.197690709007800253e-01
1.241723315581955700e-01
1.265198317815583728e-01
1.268311651008490748e-01
1.218713283644754647e-01
1.211431346071740606e-01
1.283422509177460091e-01
1.231318465137431067e-01
1.184246594069354314e-01
1.175810833011350365e-01
1.221146580899969136e-01
1.250215970669386334e-01
1.292513028346435611e-01
1.346841114631550373e-01
1.327444754714900976e-01
1.446958327317656168e-01
1.449215949711978590e-01
1.361503093846858359e-01
1.356483207128853785e-01
1.371912945341727530e-01
1.269521758868840944e-01
1.245294389034723864e-01
1.274379175308681944e-01
1.321455899824086622e-01
1.316059619320814056e-01
1.238902812064321263e-01
1.238176669079834452e-01
1.145522708479488894e-01
1.116490034142499088e-01
1.147555197075800504e-01
1.164490548173069684e-01
1.235343400209330395e-01
1.200093365446817384e-01
1.132262648358728918e-01
1.065507147616308881e-01
1.063065092545827650e-01
1.072879111791085888e-01
1.102101858295547743e-01
1.113204298472900006e-01
1.077354384075052823e-01
1.092634962016557215e-01
1.160674851596161516e-01
1.204767986466461910e-01
1.208507700465934476e-01
1.203014309050382397e-01
1.227389553728578248e-01
1.106250984847457070e-01
1.129534917571167058e-01
1.165213883339412115e-01
1.181464473086816097e-01
1.223703814725291272e-01
1.261129711375226503e-01
1.236500402261749704e-01
1.270204961799510923e-01
1.317935955311572704e-01
1.333038836093189128e-01
1.296059641227012560e-01
1.237988372907829621e-01
1.191951794673077464e-01
1.191417053983231944e-01
1.224142470132643240e-01
1.310173470773700055e-01
1.293692706867801134e-01
1.274426767273942607e-01
1.302653695726758987e-01
1.290175076254476694e-01
1.258776436875718163e-01
1.206970338017088473e-01
1.201777444469158407e-01
1.145697807211815133e-01
1.161744618554662045e-01
1.187968534690466010e-01
1.240861802158987337e-01
1.217963531337035443e-01
1.190911591211366305e-01
1.209094871709606028e-01
1.257327777400634450e-01
1.297531263029904347e-01
1.418500693213214925e-01
1.399741698934661160e-01
1.397345094219268891e-01
1.544560181914483576e-01
1.491296510579224743e-01
1.507918413629007748e-01
1.736536836680400708e-01
1.466304283058142977e-01
1.383616157548186731e-01
1.554490103545584923e-01
1.614014917072179867e-01
1.887220637920302146e-01
1.646275813293439083e-01
1.461616599422476404e-01
1.459272647434936010e-01
1.418968145878780618e-01
1.368081611546101140e-01
1.347751651587986987e-01
1.354655586533211886e-01
1.344540265429819414e-01
1.316765611531664215e-01
1.268648082234095364e-01
1.257013282767312223e-01
1.287207492663198227e-01
1.278565329283230800e-01
1.246501698466437047e-01
1.320144122774174755e-01
1.371190030215077849e-01
1.409013263051539233e-01
1.399749032298390761e-01
1.386823105635295317e-01
1.365522306255795570e-01
1.423650036319743795e-01
1.563595566352969646e-01
1.504531539133702189e-01
1.358608691360150833e-01
1.309266261002275389e-01
1.303949083954885069e-01
1.273383730064739372e-01
1.238498813257640774e-01
1.237704149150237187e-01
1.273262537025358077e-01
1.213441534649221804e-01
1.186668750661312166e-01
1.228863969577877191e-01
1.251396184365503594e-01
1.264153760514453440e-01
1.238533424537292399e-01
1.264406420713194978e-01
1.300438398965729214e-01
1.371252485881832017e-01
1.290607072191289062e-01
1.272831490380432751e-01
1.238842419129241035e-01
1.274420727335532633e-01
1.314438840001792563e-01
1.381808209407941745e-01
1.410467923675528534e-01
1.387538461607108475e-01
1.435932361167280014e-01
1.425215693755941815e-01
1.531108287012329094e-01
1.399124665203553830e-01
1.448643102194673293e-01
1.335672708382495688e-01
1.316545434502350564e-01
1.301077873176822719e-01
1.218327198136121003e-01
1.249588923265169682e-01
1.262411647934772174e-01
1.251185902650334969e-01
1.224166569345882805e-01
1.261649848633938642e-01
1.286683754820496517e-01
1.296892643159741898e-01
1.264000312401147297e-01
1.258824791951333177e-01
1.221331734903824545e-01
1.188669214485250231e-01
1.245224277921660322e-01
1.253769345471881513e-01
1.184178393116248063e-01
1.250816982150753931e-01
1.252929655060993075e-01
1.292553933567574254e-01
1.320975280480254921e-01
1.361974419648550316e-01
1.263339330523210180e-01
1.314033002981877807e-01
1.214973776624459628e-01
1.217533382699321487e-01
1.217879102152806259e-01
1.261344591711030805e-01
1.138944620832822024e-01
1.169846899284308073e-01
1.155203320864005567e-01
1.213143872270982249e-01
1.194891586294594965e-01
1.133056745102217905e-01
1.182074134669731796e-01
1.200969719145209696e-01
1.245506040142059651e-01
1.163788923090291055e-01
1.167249003479827879e-01
1.128301355612240930e-01
1.157124182241554139e-01
1.182974793918523393e-01
1.229467392282035665e-01
1.222949142061513644e-01
1.192009827228849017e-01
1.169715749597622229e-01
1.187393161918948031e-01
1.205512600056891509e-01
1.224673261548057668e-01
1.211362980499247066e-01
1.177765266233748997e-01
1.154741082297203458e-01
1.134685661914325433e-01
1.122243963652998083e-01
1.136846927069068286e-01
1.189219996290785814e-01
1.210024052439809816e-01
1.284955972942471991e-01
1.253110324892482697e-01
1.240000273467309483e-01
1.273576276123379036e-01
1.303000931384788175e-01
1.324642799385327974e-01
1.277207319717857115e-01
1.218167145497783405e-01
1.198177672032729180e-01
1.218892456907025440e-01
1.173664109276333217e-01
1.198734175643415001e-01
1.155602317319035649e-01
1.248298498153856406e-01
1.275758918317294599e-01
1.150031946200214122e-01
1.156834181125915434e-01
1.201371073816896728e-01
1.248188639681002965e-01
1.243828258656003716e-01
1.270248820754151242e-01
1.272273988485253804e-01
1.371657499790472912e-01
1.371606894625361228e-01
1.324009113659470327e-01
1.337929483823024068e-01
1.506036427289194068e-01
1.544268758105009076e-01
1.386422613001181137e-01
1.404585400010568697e-01
1.300124787067771792e-01
1.302861725072329557e-01
1.382806645156508807e-01
1.602807470304977722e-01
1.580352223462548888e-01
1.745251752714814808e-01
1.522587272712802864e-01
1.559217506418309196e-01
1.251617063034068111e-01
1.324413306119383849e-01
1.213903879391930729e-01
1.218900197210671110e-01
1.175401819311963497e-01
1.270340937650668300e-01
1.398931493267630277e-01
1.290261788624132988e-01
1.286419438726576214e-01
1.317015567860314040e-01
1.247995046536920088e-01
1.313619047020056219e-01
1.328294285737876279e-01
1.345659316741430744e-01
1.358298698253140591e-01
1.237334155746072084e-01
1.214644192316829407e-01
1.216487949746004882e-01
1.161301498106730307e-01
1.094898479108405570e-01
1.092334909118632957e-01
1.111353204169717168e-01
1.142084914131210466e-01
1.136361145220499413e-01
1.172839480758717523e-01
1.258542534180978612e-01
1.261858932834225566e-01
1.272216053754009202e-01
1.279762243547925282e-01
1.257684626448853649e-01
1.246571067190575394e-01
1.262540568071819358e-01
1.315712743542758745e-01
1.331242778152391948e-01
1.299966879118436003e-01
1.299554191294659267e-01
1.307359529840159684e-01
1.330898163210001151e-01
1.377860190193172796e-01
1.464221636875142896e-01
1.503784263648943742e-01
1.559853923349637517e-01
1.449522804849542601e-01
1.316569569659792605e-01
1.288821560279383160e-01
1.269902776061876681e-01
1.236305545162463548e-01
1.161119803468266681e-01
1.205685698568202679e-01
1.203970786833498258e-01
1.256772158046599308e-01
1.147866673773590696e-01
1.343511108877532556e-01
1.552925074314112919e-01
1.567035238056546931e-01
1.203221868649565901e-01
1.235517984105146266e-01
1.216935082508217303e-01
1.180915583823896192e-01
1.109205031313394152e-01
1.093362303466483831e-01
1.069557003267167655e-01
1.123990058587817920e-01
1.167316796866047918e-01
1.150577121280182274e-01
1.132502681102904168e-01
1.098276086760099080e-01
1.146922505916172924e-01
1.166317892582656307e-01
1.211662377499744814e-01
1.209791170412493760e-01
1.230854188506257801e-01
1.274758921993795480e-01
1.286773206411613024e-01
1.323109489359474700e-01
1.251400382443927095e-01
1.237437318683381471e-01
1.252500615100864689e-01
1.135660556517549685e-01
1.175583106828790719e-01
1.180818036720286818e-01
1.215210570720365729e-01
1.266424203166379714e-01
1.225913938897503774e-01
1.232464314988347964e-01
1.208875482265655832e-01
1.219197607161668223e-01
1.173755179953636513e-01
1.140363079794017576e-01
1.148718111412525278e-01
1.200193500555447185e-01
1.149244725227258623e-01
1.189706446623852304e-01
1.279295682540218249e-01
1.402814040109353622e-01
1.431361752243940633e-01
1.340149012115523230e-01
1.385679768202512929e-01
1.212867063482482577e-01
1.157377531847042784e-01
1.205308013311837123e-01
1.278997210920261307e-01
1.250684656577256970e-01
1.249230377156960448e-01
1.295195834009605917e-01
1.309576536760695131e-01
1.260628800120159598e-01
1.239619580161901297e-01
1.192458165682016846e-01
1.186132964977274357e-01
1.245668761148054082e-01
1.240669554492489224e-01
1.133665868460956294e-01
1.088816691515224755e-01
1.112386839326690302e-01
1.101007039243903085e-01
1.096525973647632102e-01
1.096595599592737891e-01
1.092775556414775084e-01
1.111090115143673757e-01
1.161061945503163578e-01
1.184906393254850782e-01
1.147941835078988143e-01
1.112757801677375369e-01
1.134361656818630992e-01
1.086803959559594912e-01
1.103347495837692233e-01
1.136786805293597130e-01
1.157066721204335347e-01
1.159862329856321539e-01
1.163754719698627538e-01
1.153342236438414103e-01
1.215552811769910896e-01
1.230651902226300859e-01
1.199278598144866564e-01
1.172897025120079179e-01
1.121859879851572345e-01
1.123053674745820019e-01
1.103726853059201068e-01
1.078585156807638640e-01
1.076544809929041308e-01
1.093196240107826567e-01
1.130659028444316871e-01
1.175273571930626065e-01
1.153782266767550135e-01
1.183199242736560214e-01
1.208571312431388628e-01
1.206453119694076009e-01
1.275960518182363002e-01
1.253225225462243908e-01
1.280550800380285126e-01
1.226575172600381236e-01
1.241418535324610023e-01
1.231549411395763682e-01
1.208117584718654824e-01
1.230811783788374469e-01
1.231664598791038928e-01
1.205408570466109941e-01
1.228977434078528386e-01
1.296413243309654517e-01
1.327457280904890680e-01
1.164803652899188274e-01
1.179194049300943542e-01
1.209465977734516806e-01
1.198545620422988289e-01
1.144491065850093137e-01
1.162577069016435538e-01
1.198032016387405724e-01
1.170843074188130661e-01
1.132068938456733953e-01
1.215628735062549010e-01
1.273622428029631826e-01
1.266204524557919264e-01
1.303585266495955464e-01
1.263116311458323260e-01
1.260161343228546615e-01
1.277169701376000832e-01
1.266331590766532900e-01
1.241733254428437488e-01
1.275397625519239797e-01
1.249277096253302716e-01
1.233773406369294556e-01
1.204605902415420149e-01
1.222499324664450687e-01
1.248442897792803458e-01
1.254296533053766705e-01
1.295276993869416138e-01
1.267232162728530176e-01
1.235583212645341850e-01
1.269759206833864784e-01
1.291107082025455821e-01
1.337850269646994605e-01
1.413970850487837050e-01
1.436017744000534502e-01
1.380806148643476949e-01
1.276276348704643571e-01
1.127832961002410567e-01
1.135499922445069171e-01
1.222450600351211863e-01
1.186238431774864904e-01
1.133229360024123750e-01
1.159343851840476114e-01
1.193311965096840038e-01
1.167339892243073468e-01
1.180345392346370814e-01
1.154636900542010403e-01
1.102451423349979781e-01
1.119472669597659231e-01
1.118893700795038082e-01
1.114192653899906682e-01
1.118591589991615454e-01
