5.915836969027097325e+00
6.137620204047051331e+00
6.372329692239794952e+00
6.591510540857672851e+00
6.805672895085445262e+00
7.050908243597847402e+00
7.317751805219439021e+00
7.623566925074632294e+00
7.855862976991791591e+00
8.092922450474585361e+00
8.383075050194728206e+00
8.672168862130165579e+00
8.944421081384325234e+00
9.276842510065387515e+00
9.548863606483894984e+00
9.832843483554050579e+00
1.021740480201966861e+01
1.057429563388346416e+01
1.092756799462332395e+01
1.126122491616680321e+01
1.169988320763148337e+01
1.224359466593434576e+01
1.221457647902969157e+01
1.251808918844247742e+01
1.268247690201602040e+01
1.311219317543673490e+01
1.363047136410878934e+01
1.380002045984510062e+01
1.402577762232337655e+01
1.460524839004350994e+01
1.501642127509752811e+01
1.495352968548429118e+01
1.515157612655782771e+01
1.537394091435029608e+01
1.545646076870503904e+01
1.603281334916915668e+01
1.633882783618713574e+01
1.675940850994749809e+01
1.715194344227965928e+01
1.733465667103768482e+01
1.759213095502426327e+01
1.812745967349027154e+01
1.767016408529912752e+01
1.787099450773706266e+01
1.830883342499747357e+01
1.782137141078160880e+01
1.772526759125383577e+01
1.792342314908093215e+01
1.777646545721068350e+01
1.759288349281631270e+01
1.837391069995100779e+01
1.824250416704265376e+01
1.805156081538510904e+01
1.795636365919395416e+01
1.762490837924570286e+01
1.744545291616920935e+01
1.756191050152264665e+01
1.759939245334685864e+01
1.825632867266152815e+01
1.817136286609283147e+01
1.837562114899604637e+01
1.880620171569201560e+01
1.918933255895033341e+01
1.906297381027950166e+01
1.951991151462087970e+01
1.943439856283718115e+01
2.039042077322072544e+01
2.123162331225871924e+01
2.188695397789808084e+01
2.211391006561424533e+01
2.065075689969538786e+01
2.023103561895722891e+01
1.988831096133506193e+01
1.952577826152078444e+01
2.003013751802195230e+01
2.014983698413026758e+01
1.908995289918227911e+01
1.857546274113519047e+01
1.864856677697162723e+01
1.866078858085207060e+01
1.874253268543767703e+01
1.765215762663631693e+01
1.728593517021078441e+01
1.731728517571668391e+01
1.697469528370547920e+01
1.713375594893854981e+01
1.661684751460323994e+01
1.661960419653908261e+01
1.726609763005386000e+01
1.712056191882726708e+01
1.793936136712353857e+01
1.762272372253933383e+01
1.687763108023162317e+01
1.525171617663931301e+01
1.498374267264663651e+01
1.477083797160158340e+01
1.416170069283040611e+01
1.493428516598228128e+01
1.492496816716640318e+01
1.399855626643215878e+01
1.366478427530361017e+01
1.473281609246398816e+01
1.444866433880913448e+01
1.400838608667240059e+01
1.373389955247225913e+01
1.365945864613794569e+01
1.305471815562423998e+01
1.398601338899477398e+01
1.424148024263653411e+01
1.382941913038363424e+01
1.267254111014472429e+01
1.269264073029379603e+01
1.173479859066531716e+01
1.149394332382252770e+01
1.168121906292015133e+01
1.124008073876328595e+01
1.055674648758061096e+01
1.094970440458928707e+01
1.052087897703588482e+01
1.041177060040033098e+01
1.043566355094820608e+01
1.025881462176057468e+01
1.040294792814899871e+01
1.053496017298366993e+01
1.037324513144693405e+01
9.342642908261277412e+00
9.169751745765506001e+00
8.608761047966115854e+00
9.345213721748098834e+00
9.192261567433529734e+00
9.203209552534342919e+00
9.302917657178737088e+00
9.082625298355907262e+00
9.096282565198389847e+00
8.710193470459678622e+00
8.414273751584813610e+00
8.761540679765243311e+00
9.651577842148572728e+00
1.047347617526905417e+01
1.100630012925281598e+01
1.309317064642718265e+01
1.208440969773292650e+01
1.293635409854452156e+01
1.434800894481637279e+01
1.552382916378242683e+01
1.352375501252808654e+01
1.064307809471918453e+01
1.238009890401901991e+01
1.688511399578530359e+01
1.385703412547142044e+01
1.670327068869338660e+01
2.008808720691165917e+01
1.292034904020329478e+01
1.346193119381669590e+01
2.041812745337698587e+01
2.430258746515302448e+01
1.829095791466330923e+01
2.433041853170812630e+01
2.599436499982431670e+01
2.704430167698605914e+01
3.649966650734780416e+01
3.317491978119242191e+01
3.200816302640554767e+01
3.639568922542824225e+01
4.855616162353490495e+01
2.579912028984124817e+01
1.770568214449187039e+01
1.754736007167144507e+01
1.720663133979216042e+01
1.289477122049534330e+01
7.741570758473583780e+00
6.750251905426697618e+00
5.573933447031393484e+00
5.396679623509065493e+00
5.560930771156612273e+00
5.959938785722462384e+00
6.522342443810490664e+00
5.475810956704297183e+00
4.897731659803556070e+00
4.730673315843599624e+00
4.611509187791670072e+00
4.717690811883310076e+00
5.371228571924221207e+00
4.892230634275033019e+00
5.199170032406748909e+00
4.353218798068451356e+00
3.934211412551345877e+00
3.638856208997474528e+00
2.513291622555099192e+00
2.281112623846861531e+00
2.224609279543176221e+00
2.199091682036486528e+00
2.140650179738185166e+00
2.286373019827838693e+00
2.403086958271368978e+00
2.336188462032478430e+00
2.345027642611412944e+00
2.482091364710127479e+00
2.660435548377928505e+00
2.546082389700606186e+00
2.562080722416310685e+00
2.182771518375273168e+00
2.354272849957740554e+00
2.435884317376991515e+00
2.194195736919269724e+00
2.301042078908330346e+00
1.966259253538258367e+00
1.846401477170767302e+00
1.701497514743788519e+00
1.677477727317137735e+00
1.571222095214712455e+00
1.601496966146060741e+00
1.618745043288513985e+00
1.425678471569868044e+00
1.469556461187191188e+00
1.507784814347144842e+00
1.585523660013520519e+00
1.603643045633556641e+00
1.492538011954903432e+00
1.562048224490918624e+00
1.412196618040924223e+00
1.469480465354622067e+00
1.537631448491462383e+00
1.502297410010412060e+00
1.716123525023721008e+00
1.660114488261530186e+00
1.562384415869831233e+00
1.491879424146146382e+00
1.421935143878394925e+00
1.672763926410510749e+00
1.443616755869953305e+00
1.336845250517082251e+00
1.138966878490777601e+00
1.229138359830852512e+00
1.105178274179411835e+00
1.036719787205224508e+00
1.018454893577200648e+00
1.079490724285685488e+00
9.723166080333203176e-01
1.002341548534127380e+00
1.013605252137770751e+00
1.042109637113644238e+00
1.071822159799724394e+00
1.002263242393716114e+00
9.147968206808889668e-01
8.614456124037763729e-01
7.981861566863002189e-01
8.726263022397224844e-01
8.095797536647852954e-01
8.083288158020321967e-01
7.461790888863892857e-01
7.831461769788451432e-01
7.832289701163029916e-01
7.400865129760771932e-01
7.620526588425617920e-01
7.501466661204101438e-01
6.814030002549328335e-01
6.888593983076265470e-01
6.908537107339235428e-01
7.513611187015593051e-01
7.602977485357982346e-01
7.751918994018017761e-01
6.507661360042039655e-01
6.550023207319296548e-01
6.309168969938852012e-01
6.419945574065778482e-01
6.734981133237234463e-01
6.886822231220951496e-01
7.189058600805422472e-01
7.109822641140300936e-01
6.734216936324753933e-01
6.495809185105594352e-01
6.733973778856897630e-01
6.419138320004320608e-01
6.252691013922121455e-01
6.217725319566934639e-01
6.430952626356779556e-01
6.677915539390455457e-01
7.009428235426810039e-01
7.684727949486699350e-01
6.998510467884850872e-01
7.228116547971378258e-01
6.616354431476799691e-01
6.535095299940901770e-01
6.376359411514052056e-01
6.723052198600499851e-01
6.609903195198639780e-01
6.607006814456686250e-01
6.593409649482497858e-01
6.455420698614391384e-01
6.894338019529928641e-01
6.826202303303148256e-01
7.036252045405938516e-01
7.269754645171789820e-01
6.557096313246327801e-01
5.603905891524114669e-01
5.571059917331023792e-01
5.506546477322842303e-01
5.505258725857745672e-01
5.424253209069341830e-01
5.541978623297950657e-01
5.598640913860954971e-01
5.600010629080286462e-01
5.869559739789663722e-01
5.563853606705164712e-01
5.511575172274999490e-01
5.368400006210025666e-01
5.401129375473470162e-01
5.401327337405051887e-01
5.321680268104655998e-01
5.880756975808509868e-01
5.701365828254993939e-01
5.123857798828820309e-01
5.311917440983021654e-01
5.402631538232683939e-01
5.524296364165708351e-01
4.856668334547292742e-01
4.703489575972759074e-01
4.624479910558261242e-01
4.155962343148127958e-01
4.177215467413177841e-01
4.153331282462141560e-01
4.141175349357524293e-01
4.088028984079726813e-01
4.082711129313996712e-01
4.063436370137269993e-01
3.995445678356621677e-01
3.970889609658703745e-01
3.958604253652864280e-01
3.921096964550519481e-01
3.879343742587909594e-01
3.824760370996603820e-01
3.765542781185171051e-01
3.774629640709437628e-01
3.843630035522083710e-01
3.795469665155644101e-01
3.802717793958129144e-01
3.792732374713238541e-01
3.789653665652514825e-01
3.755449169651963182e-01
3.742756743824071641e-01
3.765485134974386194e-01
3.816222639113519555e-01
3.980180330950807144e-01
4.174895954512786722e-01
4.204069258510717555e-01
4.315541826033888473e-01
4.350533510927037106e-01
4.244901043019210229e-01
4.379174072522924455e-01
4.238269282802304971e-01
4.245040393828236613e-01
4.080057693570212640e-01
4.191014783943262101e-01
4.122657001421909939e-01
4.354574739781924553e-01
4.188733874379254596e-01
4.196400519507887950e-01
4.158654957296644139e-01
4.316006950587671365e-01
4.620286899125123359e-01
4.329724766375488976e-01
4.280150973834049299e-01
4.386995430060792733e-01
4.355213967818041265e-01
4.329914260319649433e-01
4.263552464330936376e-01
4.358807109339365438e-01
4.053183024699235637e-01
4.094080538012739301e-01
3.924006436440756196e-01
3.974083609424035046e-01
3.932590975460601435e-01
3.743655418087286080e-01
3.643805428468414043e-01
3.665962839113984240e-01
3.577173493768960322e-01
3.488992386817143521e-01
3.523251317624239709e-01
3.529635394944330984e-01
3.581758028654901671e-01
3.544652327197976849e-01
3.641299268320808968e-01
3.537634496264503992e-01
3.584070386648084972e-01
3.842786024804698553e-01
4.042907782652315207e-01
4.490307412837659662e-01
5.329987021981198447e-01
4.539116119144482320e-01
4.595472043905474147e-01
3.819153185633101799e-01
3.889126633217210860e-01
4.394975874960213025e-01
4.527596912898400050e-01
3.427071659513010182e-01
3.286346003516442127e-01
3.301465749609651668e-01
3.467629764114649737e-01
3.450312457570449132e-01
3.481533092304276433e-01
3.351344502831696270e-01
3.543483841077741947e-01
3.052813086873016890e-01
2.958554478035924085e-01
3.033600244662936207e-01
2.859798368381368805e-01
2.882547192861262819e-01
2.881012320824925532e-01
2.909017080298033076e-01
2.922578537997462811e-01
2.895443471891612219e-01
2.934439961402204311e-01
2.939913785621551257e-01
3.012461918521192050e-01
3.000249421633619518e-01
2.785569018166935140e-01
2.820771253865395622e-01
2.825871172661569286e-01
2.874027413734945302e-01
3.002602929983668734e-01
3.171529146108911235e-01
3.363020971385040081e-01
3.332823603975661464e-01
3.043650173726761832e-01
3.010633694484820544e-01
3.141478049991453525e-01
3.017276047048994547e-01
3.237395114425431486e-01
3.329590158818400703e-01
3.180169139954963642e-01
3.457743307277914013e-01
3.112415871102366949e-01
3.007725311008269675e-01
2.663347825602382368e-01
2.629112199981379905e-01
2.639863562944028685e-01
2.582461463106807131e-01
2.610990263142920487e-01
2.664306902282318479e-01
2.661860595234940563e-01
2.634157990808475014e-01
2.662103562094189080e-01
2.771230453291180784e-01
2.794301269993137993e-01
2.776989908654292627e-01
2.864111476726730054e-01
2.958360186852340701e-01
2.886247678899533931e-01
2.858120086359651202e-01
2.950972005036774370e-01
2.853391207199006407e-01
2.795257565918943254e-01
2.706763364234582858e-01
2.797031017302681333e-01
2.792492496805077939e-01
2.698466685578331248e-01
2.783888525256169588e-01
2.681574940163791165e-01
2.749015073659891173e-01
2.875673830568638012e-01
3.062158399139943699e-01
3.178665004071804523e-01
2.801480951520038398e-01
2.649878647009090149e-01
2.548036881163648903e-01
2.476991392600082775e-01
2.406892730145991366e-01
2.386299450226367913e-01
2.331492854468316944e-01
2.298296666353867590e-01
2.311125936850714768e-01
2.278677560370382937e-01
2.244957478468055379e-01
2.208610501001890269e-01
2.230951046031884877e-01
2.228926100784247022e-01
2.255394137348133154e-01
2.273094706108078067e-01
2.317372887312495744e-01
2.267288396664025596e-01
2.175239709392793042e-01
2.244893647819005411e-01
2.263443661587745404e-01
2.253620676934969813e-01
2.251224839091851559e-01
2.216112200989527603e-01
2.323932120379033073e-01
2.216456474366227114e-01
2.255192400298268174e-01
2.191766194497089537e-01
2.256325543287243385e-01
2.346237023099211061e-01
2.528606202787221369e-01
2.355727504943386785e-01
2.471199294678990133e-01
2.558993765054399239e-01
2.019146486754670733e-01
1.946307692721272187e-01
1.843809966585425730e-01
1.858708785055005197e-01
1.969043649766846760e-01
2.004387707991172052e-01
2.077851444352722399e-01
1.982811537076509256e-01
1.826974931554139481e-01
1.905830634930864853e-01
1.892912963899617274e-01
1.846402622261487103e-01
1.637340905859189788e-01
1.655861479250621549e-01
1.820513505870200721e-01
1.800084259935550990e-01
1.933009699344870325e-01
1.536363993621222557e-01
1.639196605452833688e-01
1.546767260383745402e-01
1.709971693174559548e-01
1.571222033570168763e-01
1.503643086496539161e-01
1.553483601140850379e-01
1.681602587637934521e-01
1.905530606019671391e-01
1.917639198971936854e-01
2.109157658469115459e-01
2.545440716999543551e-01
2.063944614829984481e-01
1.490826653345203034e-01
1.430434720194784237e-01
1.203646665840144431e-01
1.252845615496205323e-01
1.396891245312969487e-01
1.474990636262295540e-01
1.621182298374067021e-01
1.824783488260077746e-01
2.153305632757944177e-01
2.228034044241627987e-01
1.434073764114012495e-01
1.599619347485599641e-01
1.601180397926536825e-01
1.459671047848883352e-01
1.576905656690334445e-01
1.605256521716838525e-01
1.295995902056918669e-01
1.393901215622715406e-01
1.404996497312109849e-01
1.197736577352881276e-01
1.395110333218560483e-01
1.545832762250197168e-01
1.560994630903234093e-01
1.741352174370479067e-01
2.128877321796885658e-01
2.486040153264822139e-01
3.849015037821019725e-01
3.243020975410378925e-01
5.400292124868465438e-01
2.480734299201579618e-01
2.793211203797381081e-01
4.360136090380876128e-01
3.379897510064456267e-01
3.625202582877651847e-01
3.533930941462431474e-01
3.995482073694785474e-01
1.214720103503407755e-01
1.095571856818075701e-01
1.114573854864844837e-01
1.062426847315681988e-01
8.360935004741618104e-02
8.396184118131795604e-02
8.777845946737954097e-02
7.714150226961259682e-02
7.241603034961008323e-02
7.672564115008169428e-02
7.678965609843596551e-02
7.608324463819032824e-02
7.525669597400370947e-02
8.287217106757779894e-02
9.425977934985042828e-02
9.576411707026294406e-02
9.295036034598969099e-02
9.104564562310032971e-02
9.287609164124571715e-02
8.757837026738843345e-02
9.258096937305122787e-02
9.071236948275335221e-02
9.620204303544196978e-02
8.962738988250823491e-02
8.658606173172861409e-02
8.085312351206372372e-02
7.989666609395873476e-02
7.202905890352914731e-02
7.269621032358192236e-02
7.415236981267114835e-02
7.420613584256986750e-02
7.631208158553333398e-02
7.624664754883483941e-02
7.184436053533090061e-02
7.030654682182513326e-02
6.785144314678871746e-02
6.787066950081466210e-02
6.369191616603037120e-02
6.254855028458204680e-02
6.174114001620516212e-02
6.269402024600513601e-02
6.351962024653667882e-02
5.574312110781164120e-02
5.476386595354110209e-02
5.483600784682931412e-02
5.315983481048122683e-02
5.292093698145366315e-02
5.224086073588159879e-02
5.120434588122579206e-02
5.048003381270604883e-02
5.112183606501476130e-02
5.199773834147448925e-02
5.287487220673497967e-02
5.305621256683605569e-02
5.678713149906126911e-02
5.666281333656597585e-02
5.066234169558768430e-02
5.155905789870672551e-02
5.281276409315199816e-02
5.369073235882827755e-02
5.404269674012499719e-02
5.466562568923036269e-02
5.632875238299571430e-02
5.929597872086302124e-02
6.433555768363233285e-02
6.742294905406635841e-02
6.876324470561133440e-02
8.337828173013552002e-02
8.011741542025627161e-02
8.753374079940780261e-02
8.863710134216321035e-02
8.408345428106428487e-02
8.823789274991353238e-02
8.232925042037048113e-02
7.397825694390428031e-02
9.118547093744572285e-02
1.027622620336786780e-01
1.144865475069892780e-01
1.224339963646881857e-01
1.408446360889586135e-01
2.088815141025013034e-01
3.010522833047154512e-01
1.436759182305169802e-01
2.183534787309192038e-01
1.987644870590212220e-01
2.085488535578672031e-01
2.471814235285632044e-01
1.921212869546910229e-01
2.362516043766131613e-01
1.546238750890565339e-01
1.942281907060421087e-01
3.080573818488770987e-01
3.250521877191715481e-01
1.969460552283209265e-01
1.361945834795376120e-01
1.542914408202206156e-01
2.143639055973389496e-01
2.251627873957789128e-01
3.109429091170683446e-01
4.387002749799117085e-01
5.575876660208344271e-01
8.867949027538343243e-01
1.674815703306364867e+00
2.229956646848008095e+00
1.322948791480623498e+00
1.719136254454832757e+00
9.835249703370425589e-01
5.866647644666759254e-01
3.448489366296000891e-01
4.904025726449090516e-01
6.342901475786463239e-01
8.142312451455873124e-01
9.352571047894567835e-01
5.295449780457217592e-01
5.976176880653706336e-01
6.736369324233876243e-01
5.319785370096127286e-01
7.889486981102906693e-01
5.325268328783311356e-01
1.978561142903726700e-01
1.825058342220531316e-01
1.753686075267923139e-01
2.361303922013477663e-01
2.328970130496565982e-01
2.406480247524460381e-01
2.986704808182684134e-01
2.104508854362105441e-01
3.734797926981733296e-01
5.654049390433941724e-01
4.013934740227197429e-01
5.950900431875076890e-01
3.030772477130392328e-01
3.117861791191197107e-01
3.810167735020592583e-01
3.820152989236867414e-01
3.261504338618186893e-01
1.899327559086709249e-01
1.355039172884482668e-01
1.320236057037808830e-01
1.148852609365766664e-01
8.983680348274133975e-02
9.885289602021789246e-02
1.223153633890766701e-01
1.094836533516365396e-01
7.367727328187639868e-02
7.633912471969747648e-02
5.501286439972488673e-02
6.444706840271859083e-02
7.625860987110617828e-02
7.825714304274426769e-02
8.000208734425298673e-02
8.532979582081390291e-02
8.889959190535497158e-02
6.410556451146187662e-02
5.213153618047090126e-02
5.846265278268802934e-02
7.008381957224910086e-02
6.109004448715488200e-02
6.648576110693879548e-02
9.036383181335444492e-02
1.052621952698226948e-01
1.073787098403762991e-01
1.111532666568319783e-01
7.905959238085366603e-02
1.066209237515909070e-01
1.482366733343427057e-01
1.881987175710966576e-01
2.857939161319861254e-01
3.456277184557643434e-01
4.215210614471057715e-01
5.879786735138228249e-01
2.468330076076630797e-01
3.027290924051561638e-01
2.542098711252503418e-01
1.713794673053363748e-01
2.405049938999668790e-01
3.829520811772649247e-01
4.284469943696873617e-01
5.354924316873523882e-01
5.274961348305370334e-01
5.435943238967831936e-01
5.012640323350346927e-01
5.719214619857939663e-01
2.780497983926965011e-01
3.791009285366533366e-01
3.051840863951493232e-01
3.372981238676811544e-01
4.353196244824456551e-01
6.244769207217834017e-01
4.340856469813298424e-01
2.800217866762836350e-01
3.688598841417875529e-01
3.541173152137825353e-01
4.253734089053377021e-01
3.602767994788372841e-01
4.122264003841506486e-01
2.382527155060345792e-01
1.922894005588714483e-01
1.404770334008742516e-01
1.763028562513565822e-01
2.010531230830174265e-01
1.553772625048995548e-01
1.587670482111777082e-01
1.946303893746849922e-01
2.991652144478255115e-01
2.656451709153360152e-01
3.653620648504342094e-01
4.172518691314018313e-01
5.292071793655342971e-01
5.795650494950310705e-01
6.341123648244599842e-01
7.200292019350903461e-01
1.084772593803556839e+00
1.256222230517764826e+00
1.475963712855835608e+00
5.962568532403168531e-01
6.621536272954592350e-01
5.863258214345367092e-01
4.478950282883923384e-01
3.366548540004614121e-01
2.327591492534903383e-01
2.645119543787994298e-01
1.913109806746391695e-01
1.650742729101820905e-01
1.408194977727105501e-01
1.043395137185774563e-01
1.459795702082937741e-01
1.244968135127250686e-01
1.254362986550021097e-01
1.042507378981647193e-01
9.023721509119686512e-02
8.178506309945059172e-02
1.071776448123254871e-01
1.077906508296612442e-01
1.321277572029498915e-01
1.754496962479011601e-01
1.686046636098189333e-01
1.322068336939349331e-01
1.092891777479270965e-01
8.643801856452139332e-02
4.092878534797445012e-02
4.146171287202714967e-02
5.091663518495435914e-02
5.288302722661734900e-02
5.417027147979092822e-02
5.294721410112845222e-02
5.575969038333884048e-02
6.391534681124702577e-02
8.197987528741575158e-02
7.849967789181586109e-02
6.297944244797448743e-02
6.025344367946485619e-02
7.242541520479864325e-02
8.026663699246172623e-02
1.052229596028684405e-01
1.138501875270671176e-01
1.243503489014690100e-01
7.787188877829277767e-02
8.948464199662364837e-02
1.238368380755139747e-01
8.850878387837918249e-02
9.122687454022018749e-02
6.714008476074131981e-02
7.523127547738937826e-02
6.708769306957942935e-02
6.282280101858847554e-02
6.097464960347767637e-02
3.673394218305782444e-02
3.495001382075549334e-02
3.413461422749390628e-02
3.391981457534027494e-02
3.348413553585623953e-02
3.347266489862659594e-02
3.349076269682919188e-02
3.351991268530947476e-02
3.367433142036305865e-02
3.346399963821421880e-02
3.355166130296015348e-02
3.355201746731475976e-02
3.362433294540443512e-02
3.345406097879911889e-02
3.344692583046182666e-02
3.343506610571206350e-02
3.348617772486978811e-02
3.355811633711860281e-02
3.361952544537254173e-02
3.374939085766265334e-02
3.392182093700581852e-02
3.393936922490049801e-02
3.385186352222765288e-02
3.344752248392129923e-02
3.349418457851782716e-02
3.358097634001042109e-02
3.349532512686774488e-02
3.349504351055125617e-02
3.342038008814185446e-02
3.365587372359451351e-02
3.391844415124112971e-02
3.375755564750215765e-02
3.470121533831994898e-02
3.577920000171361248e-02
3.606312546109781414e-02
3.586178767234793341e-02
3.379836316541045410e-02
3.310236835780035192e-02
3.344737062179664600e-02
3.301399494888627995e-02
3.304833721657082779e-02
3.296919421373130377e-02
3.297315056122475385e-02
3.297239701568779185e-02
3.305841640466919418e-02
3.291956444268259729e-02
3.274487120074959234e-02
3.266115292437977990e-02
3.268485546160451727e-02
3.266037032548097657e-02
3.267430177368806782e-02
3.275612896235398364e-02
3.282769809960245366e-02
3.270755712612005012e-02
3.285280936553813813e-02
3.278021819175166995e-02
3.277790320960373427e-02
3.267922582072253085e-02
3.254429416513785617e-02
3.271376088166001728e-02
3.240454176799532210e-02
3.232006681323886660e-02
3.229044802046160401e-02
3.241762821130797501e-02
3.236449221644206037e-02
3.244821106032256403e-02
3.249705157930396493e-02
3.229824700145792621e-02
3.234103610913471871e-02
3.228861950997475444e-02
3.220407207715680897e-02
3.213319611160408290e-02
3.215260874370164113e-02
3.211035384584096097e-02
3.198345838663661095e-02
3.196120780330545530e-02
3.197736730557241419e-02
3.199820389397472348e-02
3.213801041823630134e-02
3.212223684001410534e-02
3.207122685719520500e-02
3.199461115992175558e-02
3.202689875486865179e-02
3.187925830614215389e-02
3.145816738716038230e-02
3.152791779343712408e-02
3.162087405729172018e-02
3.171682750239824405e-02
3.175519210237183476e-02
3.174278693766485748e-02
3.178013707526672338e-02
3.185179350361715123e-02
3.188182019581072002e-02
3.209823772127630426e-02
3.168808356367902590e-02
3.188755193608600741e-02
3.221569822798867055e-02
3.227983678238771637e-02
3.237932417748665831e-02
3.258337112022190868e-02
3.265873820211760009e-02
3.302336361605581749e-02
3.221229604179508960e-02
3.254120468084994999e-02
3.288371543670987052e-02
3.287678914758625226e-02
3.218812923604175147e-02
3.225458670524567611e-02
3.293553150415709507e-02
3.208814232701068248e-02
3.221628308437381183e-02
3.238500401176987870e-02
3.308457411092775163e-02
3.355835445169401410e-02
3.331782451493742192e-02
3.334592081529295232e-02
3.241575179649511251e-02
3.264721085958026403e-02
3.167170453874619540e-02
3.215480116660883458e-02
3.127318599913193886e-02
3.126755135150216525e-02
3.124129055620288378e-02
3.134792135777998701e-02
3.128672543066345763e-02
3.122500943133356410e-02
3.122814411736927337e-02
3.122156196272036360e-02
3.122142484235169990e-02
3.122747191723326821e-02
3.119478138791328958e-02
3.115565831577728206e-02
3.110835021546409090e-02
3.109814292452259959e-02
3.111420674446989734e-02
3.118678973626250184e-02
3.125195762306961361e-02
3.126170250777524084e-02
3.137488122222509279e-02
3.130433535138166939e-02
3.144810927344962592e-02
3.153462791140953375e-02
3.154848107855947464e-02
3.154719232590925265e-02
3.156618283343216175e-02
3.191394231147296617e-02
3.137188764022088433e-02
3.123850873069674433e-02
3.129162738683072265e-02
3.123594417782103033e-02
3.113675654488847616e-02
3.112176863299043889e-02
3.112000929124179166e-02
3.112536812750479540e-02
3.104056341225670812e-02
3.110713220901607443e-02
3.109143891991018177e-02
3.114844217118320491e-02
3.105754034912422412e-02
3.104297837684481809e-02
3.104288629999343158e-02
3.098782378813228627e-02
3.096231347473362566e-02
3.094124853769003591e-02
3.095225857339031078e-02
3.097819601629930170e-02
3.100216617025051968e-02
3.094038326465491789e-02
3.099464453093804181e-02
3.093221897444300983e-02
