3.199238557378294434e+00
3.318041494231283473e+00
3.460526040106916223e+00
3.618227225442572692e+00
3.758303875137668726e+00
3.868694354473392494e+00
3.976704894126121825e+00
4.000159386130365924e+00
4.022701789505013892e+00
4.186247275041645288e+00
4.025206150204579281e+00
3.971622635413480928e+00
3.927399641584525813e+00
3.781276953770063454e+00
3.815769102541378022e+00
3.856864193244951444e+00
4.110290016736400709e+00
3.972004517396355183e+00
3.858015134318891981e+00
3.889035216856546739e+00
3.856659195900203230e+00
3.753924549766351593e+00
3.637722810931377282e+00
3.682477501934701802e+00
3.561471312973644388e+00
3.312355478946434229e+00
2.646674602148477717e+00
2.335002605934030306e+00
2.284825726503068477e+00
2.056463799529337777e+00
2.020735189425300948e+00
1.625148855304003881e+00
1.584600536479186195e+00
1.571241274319797654e+00
1.581303768812227117e+00
1.685891055089618007e+00
1.414013225872003954e+00
1.419218071919867707e+00
1.368528197481665876e+00
1.232288470510380041e+00
1.007344788526160384e+00
9.404294717713604923e-01
1.050617185769367135e+00
9.764896432384345681e-01
9.925365545662822031e-01
8.385349003971127591e-01
7.834883890775029558e-01
8.176647271390845573e-01
6.451821375950896886e-01
6.890762377305971187e-01
7.513190517878701735e-01
7.285248039247476104e-01
7.042685504416444919e-01
5.967426719133560598e-01
5.851397830374449605e-01
6.340959439609462622e-01
7.122175082287556247e-01
5.771110567806920777e-01
5.301013167849458751e-01
5.378910299920789395e-01
5.462722340630361550e-01
5.027661026637435526e-01
4.760215935830962586e-01
4.722793182923324395e-01
4.178045028837070740e-01
4.160092369607620855e-01
4.127826902029543277e-01
4.189685113202119560e-01
4.183389617845498787e-01
3.954805285980486085e-01
3.900993413848836133e-01
3.837717281187098539e-01
3.831572199077397101e-01
3.856967533852796448e-01
3.694108673393033948e-01
3.670089940955183483e-01
3.618406770592044741e-01
3.549865108378389977e-01
3.529885263703694820e-01
3.516443967921703551e-01
3.505560528733674408e-01
3.539526998917430500e-01
3.466795370877742144e-01
3.457318627554255563e-01
3.474748684114463693e-01
3.444462749662165479e-01
3.374006749618867484e-01
3.431004966604588313e-01
3.498138948464205034e-01
3.350782560780970476e-01
3.326510881028433841e-01
3.312593236910023609e-01
3.411732538369730006e-01
3.349689115092810421e-01
3.434122253488363641e-01
3.342703336340357434e-01
3.245813485268596588e-01
3.245538168558885217e-01
3.215020862434692095e-01
3.198178891242844379e-01
3.132829248173950032e-01
3.123924170581401372e-01
3.106315822904145985e-01
3.073782833166125439e-01
3.033972393085875852e-01
3.023810242295627559e-01
3.025074890060412969e-01
3.025418926861122570e-01
3.041981269639294494e-01
3.005735941733503891e-01
3.036169558002660418e-01
2.988887605910074408e-01
2.963796419499707402e-01
2.956077172068279357e-01
2.967155132770354919e-01
2.959703433854996568e-01
2.942249634401289393e-01
2.941433986510703091e-01
2.936533785627879478e-01
2.941640938659269566e-01
2.933287179052688209e-01
2.932300268519573150e-01
2.938306477671001060e-01
2.933431433998240356e-01
2.926654220544052110e-01
2.929440107646946734e-01
2.928559927523492479e-01
2.933965417174493884e-01
2.953324559197773036e-01
2.943287734407883938e-01
2.947785721103257095e-01
2.946776189011515723e-01
2.950950787591850033e-01
2.928347552558577815e-01
2.921216540987346399e-01
2.928336314506272964e-01
2.919138834700564233e-01
2.929988038118496174e-01
2.920572508498119335e-01
2.913682144876589830e-01
2.910635385177494650e-01
2.904001507210256516e-01
2.906357437051953485e-01
2.906704575280479874e-01
2.904893131528740735e-01
2.900706666606941986e-01
2.900593855225300777e-01
2.895058847394991197e-01
2.894155548834004277e-01
2.895723261478362898e-01
2.894933870521291253e-01
2.894895544334887827e-01
2.895926403343370148e-01
2.895336740734615888e-01
2.891311423919223911e-01
2.891545392506259526e-01
2.891941651682569669e-01
2.889619158406641075e-01
2.889784787486181505e-01
2.888683388802752439e-01
2.888575465411898913e-01
2.890004781607153905e-01
2.889359421447377230e-01
2.888895103853680868e-01
2.889188323328562569e-01
2.887658276100576460e-01
2.885663038180303896e-01
2.885548844236883737e-01
2.886660247120038103e-01
2.886945654740527556e-01
2.886521200687505173e-01
2.886582363946206264e-01
2.887509043898908168e-01
2.888000125085208869e-01
2.888363075233752464e-01
2.888989441071085906e-01
2.889339460244931268e-01
2.889722577910140977e-01
2.889696133139407208e-01
2.889501303656434317e-01
2.889018081292814011e-01
2.889975260381440481e-01
2.888963524862410148e-01
2.887661262851499711e-01
2.887851086781311194e-01
2.887630953267725786e-01
2.887661438395188185e-01
2.887940467258501287e-01
2.888703598466430544e-01
2.889657230238126262e-01
2.889949342923169295e-01
2.890378760562307692e-01
2.890606674541552623e-01
2.890405600372534800e-01
2.892311156935905014e-01
2.894642792970517076e-01
2.896533030507283946e-01
2.898046834254314752e-01
2.899702860130863313e-01
2.901771580700321929e-01
2.904782427104222187e-01
2.906226420164298996e-01
2.908129877400084662e-01
2.910453659262142168e-01
2.913226438540875152e-01
2.916071197780130131e-01
2.919290519670887929e-01
2.924137791601925662e-01
2.928520987823908239e-01
2.930694145931153072e-01
2.933055119389499366e-01
2.940167674588765045e-01
2.943708910935237122e-01
2.948388029341034167e-01
2.950500013377146402e-01
2.950353901222468878e-01
2.956402129100488829e-01
2.963474468360033365e-01
2.964285887542699727e-01
2.971140651193325266e-01
2.977971693343238746e-01
2.984237643747934543e-01
3.002622737788741003e-01
3.017799862507463127e-01
3.012053419577359614e-01
3.035761428397217854e-01
3.002914197868687407e-01
3.001588682977602285e-01
3.005110836697225674e-01
3.008905231185490803e-01
3.015769945485848869e-01
3.021512246295871007e-01
3.027870256001755633e-01
3.034550668469279122e-01
3.040852825469425036e-01
3.055112707839284791e-01
3.065298905371127702e-01
3.073367569772243457e-01
3.081248861914266945e-01
3.088461317505827863e-01
3.099569669776933711e-01
3.107831973023686967e-01
3.114385879306220128e-01
3.121832338006981789e-01
3.125952903972864516e-01
3.133328001714144051e-01
3.149668535660442581e-01
3.159636090303372113e-01
3.172611229174573388e-01
3.185088479912660531e-01
3.195575395871027014e-01
3.208890082851223458e-01
3.218252330483953871e-01
3.228127430047883495e-01
3.240499096585029992e-01
3.255230922824900452e-01
3.263790302451616832e-01
3.274700063445314946e-01
3.289067089990431736e-01
3.309812564208554075e-01
3.310840090647162448e-01
3.323538925575660330e-01
3.343529243267591711e-01
3.371063085851102592e-01
3.351277180077409934e-01
3.336050430266533362e-01
3.346654638002806714e-01
3.403832138199285318e-01
3.447803079436728146e-01
3.499933818513702444e-01
3.575327451042242255e-01
3.627733570510553451e-01
3.692518682391089380e-01
3.749267745977293842e-01
3.765503640844737876e-01
3.793559862850066633e-01
3.831511630059110107e-01
3.870573779441179862e-01
3.908757991443864155e-01
3.968911970454226945e-01
3.998006573429628285e-01
4.037149210957632905e-01
4.050135119005355278e-01
4.037893732403199376e-01
4.124214923091674700e-01
4.062878483630920634e-01
4.119722656889944212e-01
4.092512247094816646e-01
4.061724639870647469e-01
4.098827893245596821e-01
4.094324209734664932e-01
4.099208666338380325e-01
4.089913302288365471e-01
4.092594373254153095e-01
4.094077356319861249e-01
4.107648834582338648e-01
4.123942611680896375e-01
4.154324445360684792e-01
4.164078376547301064e-01
4.176935952733840662e-01
4.165843078637462837e-01
4.183381307204849797e-01
4.178252903563313692e-01
4.191868403629234741e-01
4.166628670003656443e-01
4.180382030130818660e-01
4.187363264928385953e-01
4.203154136188546608e-01
4.204107423297668844e-01
4.226706802888423042e-01
4.253373881708215620e-01
4.281516560669955673e-01
4.292193514130084875e-01
4.233955147720033785e-01
4.234788832300594441e-01
4.235603856513173726e-01
4.235123659391062945e-01
4.237394169978979108e-01
4.241527634601097718e-01
4.249251404776962504e-01
4.258233817737927529e-01
4.268484835951667500e-01
4.264289014289376345e-01
4.267960387007927459e-01
4.272541663406277390e-01
4.273683835802551401e-01
4.278247975891207311e-01
4.281502374941668632e-01
4.286342414236228304e-01
4.288416805258438158e-01
4.290814863898074760e-01
4.292382619069134986e-01
4.298267653707224523e-01
4.299054995503913679e-01
4.306835515051426477e-01
4.307249342207093989e-01
4.311994737594939120e-01
4.316345570599608439e-01
4.322576296807361107e-01
4.328399043869999296e-01
4.335056386344474655e-01
4.339633390649206834e-01
4.344583887310993764e-01
4.346994955404655525e-01
4.353591186695530135e-01
4.358004674030792058e-01
4.365928226686128788e-01
4.375934455810981949e-01
4.377439162793528848e-01
4.379838685553256727e-01
4.385400267089117898e-01
4.398934461271758467e-01
4.395777147889129433e-01
4.400554297178466689e-01
4.403135550518821884e-01
4.412868730970068154e-01
4.419796881013020040e-01
4.430100786848218952e-01
4.431053374961821945e-01
4.436614774595257216e-01
4.442331644026387139e-01
4.446795816820585667e-01
4.455221260811841888e-01
4.469696676421934800e-01
4.482241252169951728e-01
4.494292392041880913e-01
4.489043277194814663e-01
4.494757031532813363e-01
4.510467355145311719e-01
4.514833428378408620e-01
4.522118671209773288e-01
4.528952580054147470e-01
4.531526373981235034e-01
4.538071535310073679e-01
4.542468236738058662e-01
4.550073637343236554e-01
4.557277906718252836e-01
4.563684523767124745e-01
4.572311717762556627e-01
4.578420325347556386e-01
4.584926283253019652e-01
4.588761413674885548e-01
4.599050675689907997e-01
4.603472777733015886e-01
4.608637387987162826e-01
4.614151565916975728e-01
4.621151619992188708e-01
4.626346063824386401e-01
4.632040849921966186e-01
4.636544334499565490e-01
4.642226723299757163e-01
4.648728814319554314e-01
4.657989108452568194e-01
4.670565699709340879e-01
4.669390185854868092e-01
4.674469500645855313e-01
4.678514011588605359e-01
4.680875331504472103e-01
4.687122738938204192e-01
4.692396825518245218e-01
4.696748418357252763e-01
4.699304815215525899e-01
4.705564916413632059e-01
4.709480451860839634e-01
4.714165998906987842e-01
4.722054377028993000e-01
4.730219304431363958e-01
4.733814980804055828e-01
4.742665519660283491e-01
4.749970175041214882e-01
4.749032919496428140e-01
4.756323220009748831e-01
4.762283700014636745e-01
4.766063404344622612e-01
4.771306168466069031e-01
4.774092597692536910e-01
4.779609638992940446e-01
4.785998682628426204e-01
4.789632635578813247e-01
4.796377341219943968e-01
4.802490781331028025e-01
4.808586288945044807e-01
4.819303924367196457e-01
4.818700679388347452e-01
4.824724857204538697e-01
4.839050994250208571e-01
4.852996335734583444e-01
4.860931886942702618e-01
4.868874933658977611e-01
4.882308167126914733e-01
4.888336352076343982e-01
4.896572579051952645e-01
4.905268663518168037e-01
4.914281796921090573e-01
4.927753151766242068e-01
4.936003312240931362e-01
4.945041748947296423e-01
4.953811244654788837e-01
4.958688774691809020e-01
4.965229269829484759e-01
4.973595635860562081e-01
4.976246631248976704e-01
4.981865341357827881e-01
4.987497450210567895e-01
4.996209709774672159e-01
4.999905690111578482e-01
5.003467644212777898e-01
5.011104926000133908e-01
5.020881367175805687e-01
5.023567446135730474e-01
5.028604193855931159e-01
5.036336015197279137e-01
5.043861815736490062e-01
5.049142040012893906e-01
5.055437395132147405e-01
5.057785084532832043e-01
5.058254655904477204e-01
5.059563550772208096e-01
5.068001533905506228e-01
5.075478723143717064e-01
5.075971643560293067e-01
5.081511929343954792e-01
5.085022760207832393e-01
5.085669540211154027e-01
5.093825772712987643e-01
5.101934833305155070e-01
5.107124026128976313e-01
5.106357228717094410e-01
5.111571407142891932e-01
5.115893399010198461e-01
5.125008057743177803e-01
5.129696076300326313e-01
5.134354987496710931e-01
5.138619496148452148e-01
5.151663174842355808e-01
5.150582496290053713e-01
5.156089101745507941e-01
5.162773907784887761e-01
5.166013490983764056e-01
5.169292917085537287e-01
5.175504330568591049e-01
5.186676618526864235e-01
5.181914793888058313e-01
5.185931986543098615e-01
5.195842219280918384e-01
5.201210439665393537e-01
5.205474079587172342e-01
5.211249527554523420e-01
5.216365845015050740e-01
5.219219036492240837e-01
5.224004251020697431e-01
5.228594419893138889e-01
5.231178137518861515e-01
5.239359551157156680e-01
5.245248339136369120e-01
5.256355950264210986e-01
5.263800518928598571e-01
5.269767369256196377e-01
5.276912304479383087e-01
5.281397688795034240e-01
