5.004050265422964827e+00
5.050529085864013723e+00
5.050529085864013723e+00
4.848328977673157070e+00
4.848328977673157070e+00
4.903419285484856616e+00
4.891816911659850220e+00
4.891816911659850220e+00
4.771805176565067086e+00
5.004225852951567077e+00
4.706469329349884489e+00
4.706469329349884489e+00
4.436037975200768813e+00
4.437508854663555269e+00
4.437508854699672156e+00
4.521755268642174030e+00
4.526725102279820057e+00
4.584834135696942425e+00
4.788091351319303968e+00
4.536986031594183011e+00
4.443650414228545564e+00
4.443650414228545564e+00
4.369754226628154825e+00
4.248727055457842461e+00
4.291523787752817398e+00
4.242544535554003460e+00
4.233497544398002077e+00
4.282220677944357234e+00
4.282220677972642164e+00
4.063879432344633003e+00
4.155995696060094780e+00
4.038946538862797198e+00
3.859908525983613004e+00
3.859908525983613004e+00
4.198005112713650178e+00
4.109227877389303174e+00
3.678844193841495969e+00
3.678844193841277477e+00
3.678844193841277477e+00
3.487387999033110919e+00
3.416756475146946137e+00
3.585380145418522790e+00
3.470211953005093442e+00
3.381022254820452044e+00
3.257168884521066676e+00
3.257168884521066676e+00
3.041707842480815049e+00
2.906935683976888285e+00
3.053519735669109281e+00
2.945102405687555880e+00
2.945102405687555880e+00
2.806896047495741620e+00
2.806896047495741620e+00
2.607267479941634214e+00
2.607267479941634214e+00
2.558017217980690816e+00
2.558017217980690816e+00
2.646939109423344760e+00
2.736325069297298462e+00
2.648250977158229880e+00
2.230202500510653607e+00
2.230202500510653607e+00
2.230202500510653607e+00
2.298842823708461047e+00
2.350424498122523520e+00
2.350424498122523520e+00
2.393324415178953224e+00
2.393324415178953224e+00
2.197526010918610773e+00
2.233394394085708612e+00
2.106319827890970053e+00
2.106319827890970053e+00
2.046746048309750599e+00
1.970134812169158645e+00
1.964374992925218777e+00
1.964374992925218777e+00
1.935545097168814621e+00
1.935545097168814621e+00
1.984602965776922634e+00
2.076980961235176615e+00
1.982195077989740373e+00
1.982195077989740373e+00
1.634480261512227584e+00
1.636508571045394156e+00
1.594481694427373641e+00
1.610445932550436332e+00
1.610445932550909509e+00
1.560411977151539897e+00
1.768664986847554133e+00
1.768664986847554133e+00
1.615526797203752363e+00
1.493110923518125688e+00
1.493110923518125688e+00
1.382937185460271889e+00
1.485117697329168651e+00
1.485117697329168651e+00
1.371510135506560868e+00
1.371510135506560868e+00
1.310549807349874918e+00
1.250891076613511510e+00
1.246383701896002449e+00
1.246383701896002449e+00
1.134517699510821487e+00
1.135024146698870418e+00
1.265897597404866959e+00
1.227069269068993496e+00
1.053639865586853297e+00
1.053639865586853297e+00
1.053639865586853297e+00
1.053639865586853297e+00
9.460341984726025055e-01
1.012052816195220917e+00
9.585190521359647775e-01
8.504159609305068646e-01
8.910082305853095352e-01
8.282768848658977889e-01
8.282768848658977889e-01
7.924653490308350978e-01
7.924653490308350978e-01
7.924653490308350978e-01
7.924653490308350978e-01
7.924653490308350978e-01
7.924653490308350978e-01
7.683105043250746391e-01
6.825980859195357464e-01
7.635379185781822065e-01
7.635379185781822065e-01
6.983224229682554185e-01
6.983976544515312357e-01
6.984679109161374688e-01
7.256497621581491364e-01
6.777561027665348625e-01
7.075877148648896942e-01
6.801790791468025343e-01
5.678686299100410562e-01
5.595731261594462103e-01
6.183553374673074199e-01
6.076720731059103153e-01
6.076720731059103153e-01
6.232187440087174624e-01
6.016841582571814673e-01
5.661759046894688785e-01
6.004263617028273714e-01
6.004263617028273714e-01
5.746745540270183916e-01
6.047797221106802068e-01
5.950778975577207808e-01
5.950778975577207808e-01
6.127005713046672630e-01
6.127005713046672630e-01
5.007567140837123620e-01
5.007567140837123620e-01
4.910067897505125956e-01
4.910067897505125956e-01
4.910067897505125956e-01
4.910067897505125956e-01
4.825027345468427264e-01
4.174383835918537011e-01
4.174383835918537011e-01
4.174383835918537011e-01
4.186703655981868222e-01
4.214036036093513626e-01
4.214036036093513626e-01
4.437746152497874519e-01
4.491631868629474278e-01
4.348660627335630968e-01
4.448578432410780215e-01
4.383374543640802257e-01
4.383374543640802257e-01
4.383374543640802257e-01
4.383374543640802257e-01
4.383374543640802257e-01
4.383374544044574272e-01
4.383374543433659065e-01
4.383374543433659065e-01
4.383374543433659065e-01
4.383374543433659065e-01
4.424472225185841490e-01
4.424472225185841490e-01
4.156784856824543573e-01
4.152670846859343179e-01
4.152668883783600662e-01
4.349264567188476649e-01
4.243994025912628532e-01
4.319882775695623733e-01
4.161312029462637119e-01
4.161312029462637119e-01
4.161312029462637119e-01
4.088935668127987588e-01
4.173365452681819798e-01
4.173365452681819798e-01
4.216021062408293885e-01
4.216021062408293885e-01
4.156341903444409347e-01
4.156341903444409347e-01
4.156341903444409347e-01
4.156341903444409347e-01
4.156341903444409347e-01
4.193312086008051942e-01
4.204899868912735927e-01
4.187102500394764837e-01
4.200823113496211514e-01
4.157365577670194545e-01
4.157365577670194545e-01
4.157365577670194545e-01
4.114276673291551445e-01
4.133766436618083184e-01
4.133464378072805867e-01
4.133464378072805867e-01
4.133464378072805867e-01
4.133464378072805867e-01
4.102050179728784496e-01
4.103766690414590301e-01
4.127641643309054031e-01
4.124744782245557961e-01
4.124744782245557961e-01
4.120591747020604378e-01
4.122438049450969366e-01
4.156118190481179475e-01
4.156118190481179475e-01
4.156118190481179475e-01
4.091401928898843465e-01
4.091401928898843465e-01
4.158404666372926828e-01
4.158404666372926828e-01
4.095024946596582671e-01
4.063880853042027841e-01
4.063880853042027841e-01
4.144569197170396846e-01
4.122450984344244729e-01
4.122450984344244729e-01
4.122450984344244729e-01
4.195817263081998427e-01
4.144212286782414378e-01
4.144212286782414378e-01
4.144212286782414378e-01
4.186525968707526246e-01
4.246010647270012095e-01
4.184331208718263806e-01
4.176601509809212409e-01
4.176601509809212409e-01
4.196082068663685716e-01
4.168418751696533198e-01
4.035069939120413673e-01
4.192569594021909318e-01
4.192569594021909318e-01
4.229625433553143576e-01
4.171615879734056898e-01
4.171615879734056898e-01
4.171615879734056898e-01
4.171615879734056898e-01
4.153305353311184112e-01
4.192798514834313872e-01
4.192798514834313872e-01
4.192798514834313872e-01
4.205945980075471713e-01
4.205945980075471713e-01
4.073042839183023123e-01
4.046681259074428327e-01
4.105740235167628649e-01
4.105740235167628649e-01
4.063386837405914553e-01
4.063386837405914553e-01
4.063386837405914553e-01
4.128167552521185835e-01
4.128167552521185835e-01
3.498430127390937394e-01
3.498430127390937394e-01
3.705676674480134491e-01
3.705676674480134491e-01
3.705676674480134491e-01
3.705676674480134491e-01
3.717291794237170821e-01
3.717291794237170821e-01
3.729958753619594947e-01
3.690773276644909173e-01
3.724963473186052587e-01
3.724963473186052587e-01
3.724963473186052587e-01
3.724963473186052587e-01
2.955048127364191535e-01
3.000415239093818243e-01
3.000415239093818243e-01
2.882346648345324169e-01
2.905189467324673092e-01
2.905189481376199145e-01
2.927929435664246016e-01
2.916350522725801309e-01
2.916350522725801309e-01
2.916350522725801309e-01
2.911723718534457994e-01
2.920634341736154105e-01
2.920634341736154105e-01
2.920634341736154105e-01
2.916461321815463914e-01
2.916461321815463914e-01
2.916461321815463914e-01
2.916461321815463914e-01
2.916461321815463914e-01
2.860111607532287437e-01
2.857992128542706789e-01
2.857992128542706789e-01
2.858537154665979907e-01
2.848433419876081341e-01
2.847477990238349022e-01
2.820810231168328075e-01
2.820810231168328075e-01
2.828942668628524060e-01
2.828942668628524060e-01
2.792710955438019171e-01
2.819484122391915926e-01
2.819484122391915926e-01
2.811921073309379682e-01
2.800683189772079085e-01
2.800683189772079085e-01
2.793505577457547351e-01
2.788091919838154298e-01
2.789521267557576456e-01
2.788764616876140967e-01
2.790510414642876635e-01
2.764433234995622435e-01
2.755365913350005802e-01
2.762160087765816452e-01
2.741948640158226036e-01
2.754560458648276922e-01
2.754560458648276922e-01
2.754560458648276922e-01
2.754560458648276922e-01
2.746419339684534888e-01
2.746419339684534888e-01
2.728546543751789732e-01
2.722393557919693396e-01
2.704568135377438121e-01
2.705590578768046761e-01
2.699213884484003012e-01
2.699213884484003012e-01
2.689496140492216303e-01
2.666248298132327665e-01
2.666248298132327665e-01
2.670039670153620537e-01
2.632208812193332359e-01
2.633844665571480892e-01
2.638531622895526341e-01
2.635433145194577276e-01
2.565952587533468776e-01
2.559446345681209989e-01
2.618670766063003197e-01
2.579057309970055334e-01
2.546329406598130118e-01
2.487669406141880812e-01
2.545762237846975196e-01
2.529180224061521320e-01
2.422483114414069605e-01
2.422483114414069605e-01
2.419772163282546962e-01
2.413337966716101735e-01
2.413337966716101735e-01
2.413337966716101735e-01
2.413337966716101735e-01
2.414580003936228902e-01
2.393911914681493558e-01
2.392379565441483391e-01
2.394180246966064463e-01
2.340301454768156375e-01
2.327059169580928122e-01
2.351537784763086947e-01
2.345091005129828210e-01
2.323086185132197390e-01
2.341907038803190677e-01
2.333460633006029794e-01
2.333460633006029794e-01
2.317474629189360258e-01
2.326487153725047830e-01
2.321079329040389161e-01
2.323966704634499170e-01
2.326113932478169055e-01
2.326113932478169055e-01
2.321895326320080333e-01
2.257264270655412741e-01
2.255003690231253688e-01
2.255003690231253688e-01
2.255003690231253688e-01
2.164985985923140455e-01
2.173812095965770297e-01
2.173812101387541385e-01
2.173739225595418545e-01
2.181905858459267933e-01
2.130424792809734180e-01
2.158793145709232697e-01
2.138937634063262094e-01
2.116529995811168019e-01
2.116569796022980399e-01
2.122656188925188536e-01
2.123669064637625226e-01
2.123830306746756214e-01
2.127163886969778706e-01
2.127004908280571427e-01
2.127091385627681297e-01
2.109030815222623090e-01
2.108937209922820966e-01
2.039880926951681828e-01
2.038415455800594578e-01
2.030282059592831145e-01
2.038798442468071626e-01
2.029876137263464386e-01
1.963664784371265959e-01
1.960932129750038999e-01
1.969154874864298410e-01
1.940483456071536716e-01
1.940482296571706400e-01
1.940478923494199370e-01
1.921425912879364817e-01
1.933804597745057419e-01
1.915774316298148316e-01
1.915784465465343867e-01
1.914974266774266409e-01
1.894836827571881044e-01
1.892663202274767753e-01
1.887228737223822228e-01
1.887215884805068244e-01
1.887219977557979544e-01
1.867424157933713080e-01
1.857591980916696861e-01
1.857432479446366747e-01
1.857433552018656064e-01
1.855450298651356023e-01
1.855447848422502877e-01
1.850406470434685369e-01
1.831579522269486393e-01
1.831578024587579290e-01
1.811376378089028516e-01
1.789315681612859144e-01
1.801725407626007247e-01
1.800671750296387874e-01
1.776947528595457515e-01
1.776943422898729086e-01
1.776942696478455985e-01
1.782669553260800566e-01
1.782670005970514726e-01
1.768638575189045437e-01
1.768639304534559697e-01
1.775601978724018759e-01
1.775601927247739964e-01
1.775602868356916109e-01
1.719932113197253920e-01
1.713999807378472351e-01
1.713999772957485457e-01
1.731202717467815178e-01
1.714123836810763080e-01
1.724201326571726256e-01
1.678038598214385557e-01
1.673972882281016816e-01
1.674384764723995112e-01
1.674384900791140440e-01
1.651683750833277120e-01
1.651684781202635843e-01
1.620374301688222163e-01
1.608876440553466125e-01
1.607023730607893552e-01
1.607023796210920175e-01
1.607023796819451456e-01
1.604256596589248018e-01
1.604256626152143761e-01
1.594324044782759742e-01
1.539514095816349737e-01
1.543121572468622027e-01
1.555878025119056818e-01
1.544462146735630925e-01
1.530558837584293508e-01
3.314806293479136134e-02
5.815002422940016014e-02
3.464782544626594102e-02
2.838492090819503405e-02
2.838483501776373208e-02
2.838492875464820181e-02
3.518261038366912730e-02
2.889997682656757216e-02
2.889997483659468430e-02
2.506699126408547251e-02
2.506700651783234923e-02
2.506701780473220842e-02
2.506699350862817699e-02
2.695126036554863075e-02
2.691859765268543592e-02
2.691853514785903789e-02
2.691864120994591145e-02
2.691854229897033823e-02
2.691853466659407945e-02
2.691851348162362795e-02
2.862572085708123618e-02
2.798431645804149229e-02
2.798438104981930755e-02
2.798435580910837300e-02
2.798440231458870081e-02
2.798436041453729664e-02
2.801865171639376928e-02
2.801865481900986388e-02
2.801857424773264785e-02
2.798512688521831437e-02
2.802612434870779823e-02
2.802620450076693040e-02
2.802580878898530692e-02
2.802613672885045926e-02
2.802587398058863782e-02
2.802579852332501287e-02
2.802631982662326729e-02
2.802615802086521474e-02
2.804723245463984840e-02
2.804442451629798189e-02
2.802205499953984089e-02
2.802189103387196789e-02
2.802156737473750214e-02
2.802001030147000318e-02
2.801999550348902718e-02
2.802001752021183317e-02
2.801318518273752944e-02
2.801317673779378861e-02
2.801334319968170825e-02
2.801608520791479262e-02
2.801576416675939651e-02
2.801586943541554964e-02
2.801594755006475007e-02
2.801642621560208185e-02
2.801296783471968893e-02
2.801266742849478283e-02
2.801546897761999361e-02
2.801538722692203248e-02
2.801400260214480242e-02
2.800841236941773588e-02
2.800625411348897295e-02
2.801010331672874193e-02
2.801056608482897781e-02
2.801048648533730617e-02
2.800938253287761637e-02
2.800823783475091949e-02
2.800823783475091949e-02
2.800823783475091949e-02
2.800823783475091949e-02
2.800823783475091949e-02
2.800823783589764804e-02
2.800823783542405118e-02
2.800827025886680477e-02
2.800822626125071269e-02
2.800843424174835616e-02
2.800843424176932550e-02
2.800843424194461237e-02
2.800954280577954564e-02
2.800876475861234505e-02
2.800876475861234505e-02
2.800876475861234505e-02
2.800925071330259003e-02
2.801024532412133700e-02
2.800875010983668728e-02
2.800875010983668728e-02
2.800617608011853055e-02
2.800744978608406960e-02
2.800744978608406960e-02
2.800744978608406960e-02
2.800745306743868124e-02
2.800891871860334073e-02
2.801277686200703831e-02
2.801080472018474543e-02
2.800772165989201534e-02
2.801079846985461697e-02
2.801087715645488724e-02
2.801082190208777078e-02
2.800816448994070812e-02
2.800892231528582729e-02
2.800825713419937205e-02
2.800824452163581252e-02
2.800753277337851566e-02
2.800827263165879544e-02
2.800827202883771072e-02
2.800827202883771072e-02
2.799401988013295456e-02
2.800439280422534205e-02
2.800467680722368291e-02
2.800617201171545778e-02
2.800931588757482604e-02
2.803253545673428659e-02
2.800913037850314563e-02
2.801022429666445712e-02
2.800871991962175858e-02
2.800924527452006152e-02
2.800746516393337604e-02
2.800674651577913024e-02
2.801030027363609481e-02
2.801030027363609481e-02
2.800356730224758117e-02
2.800639058226766370e-02
2.800639058226766370e-02
2.800506808124568828e-02
2.800506808124568828e-02
2.800506808124568828e-02
2.800506808124568828e-02
2.800490060286389693e-02
2.800490060286389693e-02
2.800694715574281873e-02
2.800694715574281873e-02
2.800694715574281873e-02
2.800694889930453735e-02
2.800694719068858030e-02
2.800694719068858030e-02
2.800712392677235513e-02
2.800724475509894229e-02
2.800725240950018360e-02
2.800817635210679779e-02
2.800737756688053554e-02
2.800737756688053554e-02
2.800691120140898216e-02
2.800691120140898216e-02
2.800760482843757740e-02
2.800760482843757740e-02
2.800760482843757740e-02
2.790514700500424869e-02
2.801526516815047371e-02
2.800841155574380556e-02
2.800786371601981378e-02
2.801339469111404495e-02
2.800829910889665597e-02
2.800774902237675862e-02
2.800780856222114673e-02
2.800780856222114673e-02
2.800793979318663696e-02
2.800620781126731892e-02
2.800714380323406777e-02
2.800714380323406777e-02
2.800688947688366459e-02
2.800718081461137793e-02
2.804318933571915348e-02
2.800499799197272988e-02
2.800499799197272988e-02
2.800622029224330428e-02
2.800556980339315508e-02
2.800627218823490555e-02
2.800627218823490555e-02
2.800627218823490555e-02
2.800646412581706685e-02
2.800657674035985506e-02
2.800576314749473120e-02
2.800507751704800485e-02
2.800531845260376129e-02
2.800475752805320351e-02
2.800467852488169179e-02
2.800467852488169179e-02
2.800467852488169179e-02
2.800467852488169179e-02
2.800467852488169179e-02
2.800467852488169179e-02
2.800468775174534686e-02
2.800601775405347355e-02
2.800566106933533028e-02
2.800561644230399605e-02
2.800505699621359812e-02
2.800505699621359812e-02
2.800505699621359812e-02
2.800505699621359812e-02
2.800304115806828004e-02
2.800228590532825163e-02
2.800228590532825163e-02
2.800228590532825163e-02
2.800268485180583758e-02
2.800268485180583758e-02
2.800268485180583758e-02
2.800268485180583758e-02
2.800247949256347291e-02
2.800247949256347291e-02
2.800247949256347291e-02
2.800247949256347291e-02
2.800247949256347291e-02
2.800247949256347291e-02
2.800247949256347291e-02
2.800247949256347291e-02
2.800250445598338744e-02
2.800238733354331114e-02
2.800252687841589538e-02
2.800247953353366542e-02
2.800249503537867793e-02
2.800249503537867793e-02
2.800248178963945719e-02
2.801084128077560575e-02
2.800474167848265167e-02
2.800474167848265167e-02
2.800474167848265167e-02
2.800481921898500398e-02
2.800467778932561741e-02
2.800794777108472910e-02
2.800525811528584846e-02
2.800535661521628625e-02
2.800513635969921478e-02
2.800551081703313294e-02
2.800551081703313294e-02
2.800551081703313294e-02
2.800551081703313294e-02
2.800553102252334448e-02
2.800553102252334448e-02
2.800553102252334448e-02
2.800553102252334448e-02
2.800553102252334448e-02
2.800553102252334448e-02
2.800537841068530959e-02
2.800537841068530959e-02
2.800537841068530959e-02
2.800550150957942241e-02
2.800562380455498546e-02
2.800555210951844592e-02
2.800555210951844592e-02
2.800555210951844592e-02
2.800545897668432413e-02
2.800545897668432413e-02
2.800556044045943854e-02
2.800549376953300612e-02
2.800549376953300612e-02
2.800549376953300612e-02
2.800549376953300612e-02
2.800546423183779277e-02
2.800555492979105165e-02
2.800556629119666657e-02
2.800556629119666657e-02
2.800573504128714766e-02
2.800584766043795470e-02
2.800584766043795470e-02
2.800584766043795470e-02
2.800584766043795470e-02
2.800500457500258028e-02
2.800636924965119873e-02
2.800632789726542615e-02
2.800527125239619941e-02
2.800661990689416042e-02
2.800576047251060463e-02
2.800576047251060463e-02
2.800576047251060463e-02
2.800607258539099254e-02
2.800586228125234028e-02
2.800719463589411429e-02
2.800719463589411429e-02
2.800685670630863669e-02
2.800685670630863669e-02
2.800685294419753835e-02
2.800685294419753835e-02
2.800686764455081676e-02
2.800627355584298789e-02
2.800627355584298789e-02
2.869269994807668173e-02
2.805637260357391957e-02
2.799931566609199091e-02
2.799931566609199091e-02
2.800089878974644161e-02
2.800089754493515978e-02
2.801652201990919439e-02
2.801652201990919439e-02
2.799955075970515447e-02
2.800641671158933879e-02
2.800636203841728317e-02
2.800712983445931975e-02
2.800712983445931975e-02
2.800709507022045019e-02
2.800688753472735382e-02
2.800688753472735382e-02
2.800499134980808519e-02
2.800535792950915176e-02
2.800406857607182914e-02
2.800406857607182914e-02
2.800395340881475792e-02
2.800405993899856422e-02
2.800485995299037759e-02
2.800475019657040765e-02
2.800475019657040765e-02
2.800475019657040765e-02
2.800501200771636501e-02
2.800682427861191787e-02
2.800682427861191787e-02
2.800682427861191787e-02
2.800633012498606605e-02
2.800741083646098722e-02
2.800742344486956831e-02
2.800734792820153141e-02
2.800734792820153141e-02
2.800744312489787669e-02
2.800744312489787669e-02
2.800734132891875838e-02
2.800743808916609373e-02
2.800732892573665894e-02
2.800744238808434983e-02
2.800744238808434983e-02
2.800744238808434983e-02
2.800744238808434983e-02
2.800716862525576278e-02
2.800700046375450419e-02
2.800706605902961860e-02
2.800706605902961860e-02
2.800698565316229321e-02
2.800698565316229321e-02
2.800701156982352696e-02
2.800701156982352696e-02
2.800701156982352696e-02
2.800696747568821171e-02
2.800696747568821171e-02
2.800702305941332737e-02
2.800702305941332737e-02
2.800701938712703287e-02
2.800690749307822164e-02
2.800695978351284976e-02
2.800695978351284976e-02
2.800709040365974983e-02
2.800709040365974983e-02
2.800709040365974983e-02
2.800685715364196332e-02
2.800699396132929828e-02
2.800699396132929828e-02
2.800699396132929828e-02
2.800699396132929828e-02
2.800699361457914538e-02
2.800699361457914538e-02
2.800698162597880028e-02
2.800698162597880028e-02
2.800699220548805851e-02
2.800698503835290232e-02
2.800698503835290232e-02
2.800698503835290232e-02
2.800698503835290232e-02
2.800698503835290232e-02
2.800699043182666714e-02
2.800698566839713438e-02
2.800697548515616170e-02
2.800697548515616170e-02
2.800734277803897457e-02
2.800710879598208164e-02
2.800710879598208164e-02
2.800710879598208164e-02
2.800710879598208164e-02
2.800721606473186714e-02
2.800698601309806884e-02
2.800698601309806884e-02
2.800697739757141910e-02
2.800697739757141910e-02
2.800697739757141910e-02
2.800697739757141910e-02
2.800697739757141910e-02
2.800697739757141910e-02
2.800697734376246528e-02
2.800697734376246528e-02
2.800699834324772014e-02
2.800698193830689769e-02
2.800698962915192797e-02
2.800686417810556439e-02
2.800686417810556439e-02
2.800692935426513097e-02
2.800692935426513097e-02
2.800675373568670135e-02
2.800687397691431491e-02
2.800687397691431491e-02
2.800687397691431491e-02
2.800692926174291886e-02
2.800692926174291886e-02
2.800692926174291886e-02
2.800691871084561024e-02
2.800692116904106993e-02
2.800692116904106993e-02
2.800693215607549802e-02
2.800693215607549802e-02
2.800693215607549802e-02
2.800691172146662841e-02
2.800691172146662841e-02
2.800691172146662841e-02
2.800691172146662841e-02
2.800689397310526102e-02
2.800693177823943350e-02
2.800701035048287421e-02
2.800701035048287421e-02
2.800701035048287421e-02
2.800701035048287421e-02
2.800698693753282675e-02
2.800698693753282675e-02
2.800698693753282675e-02
2.800698693753282675e-02
2.800699684404092324e-02
2.800699684404092324e-02
2.800699684404092324e-02
2.800699398871255713e-02
2.800699398871255713e-02
2.800699398871255713e-02
2.800699065595459517e-02
2.800697943695608719e-02
2.800698050167833852e-02
2.800696982614549191e-02
2.800697416035471260e-02
2.800700097151630208e-02
2.800698651478654780e-02
2.800698589623268689e-02
2.800698589623268689e-02
2.800698589623268689e-02
2.800698589623268689e-02
2.800699034228266299e-02
2.800698934658297709e-02
2.800698934658297709e-02
2.800699175353075707e-02
2.800699175353075707e-02
2.800699175353075707e-02
2.800699689115869820e-02
2.800699678005229981e-02
2.800699678005229981e-02
2.800700428476683018e-02
2.800700428476683018e-02
2.800700310261522094e-02
2.800699774684156998e-02
2.800697881482203111e-02
2.800697881482203111e-02
2.800697881482203111e-02
2.800697881482203111e-02
2.800698847960671548e-02
2.800698847960671548e-02
2.800698847960671548e-02
2.800698847960671548e-02
2.800698847960671548e-02
2.800698847960671548e-02
2.800698847960671548e-02
2.800844155360921253e-02
2.800721418097382523e-02
2.800719446987135972e-02
2.800719446987135972e-02
2.800867566988254204e-02
2.800867566988254204e-02
2.800755926850941394e-02
2.800754383869933153e-02
2.800774809850078984e-02
2.800776716840443908e-02
2.800777322621865809e-02
2.800776141169370251e-02
2.800778924424489336e-02
2.800777584275483331e-02
2.800777584275483331e-02
2.800777584275526005e-02
2.800777895070580281e-02
2.800776623084951997e-02
2.800832931256884081e-02
2.800774392152489273e-02
2.800778380527915029e-02
2.800781598932261529e-02
2.800782379919068699e-02
2.800798559734334406e-02
2.800800704040255426e-02
2.800800704040255426e-02
2.800798992521284086e-02
2.800798992521284086e-02
2.800798992521284086e-02
2.800795470750783861e-02
2.800793778728605937e-02
2.800793778728605937e-02
2.800793778728605937e-02
2.800793778728605937e-02
2.800792658417909642e-02
2.800792658417909642e-02
2.800792658417909642e-02
2.800792658417909642e-02
2.800792658417909642e-02
2.800794175510154527e-02
2.800789070891765431e-02
2.800793681693018386e-02
2.800793681693018386e-02
2.800793268500605809e-02
2.800792467715332995e-02
2.800792467715332995e-02
2.800792467715332995e-02
2.800792467715332995e-02
2.800792467715332995e-02
2.800792467842595779e-02
2.800791843509133766e-02
2.800791843509133766e-02
2.800791554629388641e-02
2.800792068624270714e-02
2.800792068624270714e-02
2.800792068624270714e-02
2.800792068624270714e-02
2.824460817349573605e-02
2.801215839788048084e-02
2.801434319222871616e-02
2.801434319222542366e-02
2.801434451335346743e-02
2.800750667251350121e-02
2.801348381047664288e-02
2.801348381047664288e-02
2.801001302806879756e-02
2.801071973966432621e-02
2.801071973966432621e-02
2.800986984730090279e-02
2.800986984730090279e-02
2.800986525701745083e-02
2.800861122467271369e-02
2.800879149715537059e-02
2.800879149715537059e-02
2.800806927817259262e-02
2.800807048800961832e-02
2.800807048800961832e-02
2.800960994889188649e-02
2.800732710839241510e-02
2.800732710839241510e-02
2.800976625116632576e-02
2.800734496608762655e-02
