1.617183696991610020e+00
1.617183696991610020e+00
1.757064779733413573e+00
1.570071888333174792e+00
1.242045150397840469e+00
1.518297515952152343e+00
1.109328979132347293e+00
1.066691142058232344e+00
7.677189097497616466e-01
7.677189097497616466e-01
7.754188715394173537e-01
6.249905512149849240e-01
6.504115141370607756e-01
6.640830621461800698e-01
6.637843391447036945e-01
4.762981428910456616e-01
2.964912328158870181e-01
2.926852074716893570e-01
3.748159117058069145e-01
2.969378387715262968e-01
2.955833949229654256e-01
2.975896185821484408e-01
2.869730481345801332e-01
2.607550095178704508e-01
2.567202867139872224e-01
2.531512569570470994e-01
2.423432113104842522e-01
2.321552630261211891e-01
2.224912399741313940e-01
2.278155931029088588e-01
2.261357555250330387e-01
2.199281059890841883e-01
2.195212541686372976e-01
2.190603977716048534e-01
2.183555362229713526e-01
2.176675608557811781e-01
2.199978028214024106e-01
2.199707389100653832e-01
2.199658446848861693e-01
2.187533230393479966e-01
2.167013765251893376e-01
2.186123492570170301e-01
2.191169915486321507e-01
2.193727158475425043e-01
2.195002846357359261e-01
2.200005301204430441e-01
2.203232037100654739e-01
2.200637345449613369e-01
2.200292130267438029e-01
2.186542255676167668e-01
2.173307736884101948e-01
2.157298623420360606e-01
2.163149253445673659e-01
2.151575401841158697e-01
2.149128590159684604e-01
2.154373878768967576e-01
2.148882749560410976e-01
2.151560595034853751e-01
2.160958980389680595e-01
2.160958756381398949e-01
2.161089065536945797e-01
2.153820966825297778e-01
2.145575303619552121e-01
2.138554113332331308e-01
2.136632826029130072e-01
2.141394226906314369e-01
2.151987251777492116e-01
2.144802541588735068e-01
2.144873970549587283e-01
2.150654899435730794e-01
2.150489550706141673e-01
2.154584492213293956e-01
2.158435300242528554e-01
2.170899592363288999e-01
2.162943897853048525e-01
2.162704785860453394e-01
2.165692758772959359e-01
2.180459461099587826e-01
2.185269747418890629e-01
2.193582085430645090e-01
2.194069095855505913e-01
2.188805476094471403e-01
2.204117646998833557e-01
2.207252342905903497e-01
2.208114594269183495e-01
2.213849864341148888e-01
2.217272697995863184e-01
2.219215965940237179e-01
2.224389633887332296e-01
2.222602163937355546e-01
2.224149399618460532e-01
2.226680502107842852e-01
2.230923765406070958e-01
2.233552847412356712e-01
2.237164922156696933e-01
2.240458151745733650e-01
2.241713650083034526e-01
2.242985375979496265e-01
2.244739744927362057e-01
2.246179952365100208e-01
2.247391385367766004e-01
2.249184765173624645e-01
2.250981867193406205e-01
2.252435188686366663e-01
2.253256037628640907e-01
2.253936509399580568e-01
2.254935896698029296e-01
2.255205718986936503e-01
2.255712251959129944e-01
2.255898987705894365e-01
2.256341005087932061e-01
2.256763447548784385e-01
2.256862459028944057e-01
2.257719604777292111e-01
2.257813164158510300e-01
2.258282387572805028e-01
2.257815243525204407e-01
2.258726150572513414e-01
2.258710630137040209e-01
2.258890441188071974e-01
2.259257850153350289e-01
2.258953863586622701e-01
2.259405722621539714e-01
2.259823190381128333e-01
2.259465982409850915e-01
2.260164605204046384e-01
2.260086392308115477e-01
2.260484743061933477e-01
2.260899561514841394e-01
2.261188057280238140e-01
2.261049007534368105e-01
2.260789584177448630e-01
2.260946213389297133e-01
2.261145716738381106e-01
2.260541466138842326e-01
2.260965733580961035e-01
2.260379072414193113e-01
2.260329988854480332e-01
2.261895531759296751e-01
2.263261257079589861e-01
2.261935178572495320e-01
2.261590756043746209e-01
2.261721634139927939e-01
2.248138680669882483e-01
2.245104847866232767e-01
2.241167753108327665e-01
2.245334804486786573e-01
2.232456122203135551e-01
2.225617916214039094e-01
2.201984069536114530e-01
2.188001828718518227e-01
2.166242714862802177e-01
2.153285628551655784e-01
2.164407222204247916e-01
2.164773144502095681e-01
2.177480833014601436e-01
2.181091765207805178e-01
2.222906624731892100e-01
2.238486759413370331e-01
2.249877555586320688e-01
2.272925216006699556e-01
2.266217003249950124e-01
2.274745596680609883e-01
2.290700519427123216e-01
2.297888953306548021e-01
2.296078687253396422e-01
2.299448331170106663e-01
2.300268210543264524e-01
2.301276284926437043e-01
2.300804360511596314e-01
2.300932870615620962e-01
2.300970012632134465e-01
2.300931262381543385e-01
2.301308641970871705e-01
2.301741193288157072e-01
2.301438120692826383e-01
2.301473485851753820e-01
2.301478005587723474e-01
2.301626064360038637e-01
2.301719914501459407e-01
2.301544533121700487e-01
2.301590925153548239e-01
2.301701977939320798e-01
2.301616335149417880e-01
2.301652449796978139e-01
2.301720801205605627e-01
2.301957613948379111e-01
2.301907422434712192e-01
2.301825222728813847e-01
2.301906986047477233e-01
2.301832637372888402e-01
2.301891985406562535e-01
2.301961223954723246e-01
2.301994676556427810e-01
2.301985830722554915e-01
2.301994833515063343e-01
2.301981940926556836e-01
2.302025831303822490e-01
2.302096437997430689e-01
2.302027191445835397e-01
2.302023337196992814e-01
2.302018739542539549e-01
2.302011010777032241e-01
2.302033275803473666e-01
2.302083717551134667e-01
2.302085943607080631e-01
2.302071480448844298e-01
2.302054647229912765e-01
2.302055879855444409e-01
2.302083579930571944e-01
2.302063026582299721e-01
2.302041053507918600e-01
2.302035973342113073e-01
2.302033002233014602e-01
2.302024668109002303e-01
2.302003536332574984e-01
2.302021447116565089e-01
2.302007158002745690e-01
2.301993584510591828e-01
2.301993340211126726e-01
2.302003352557844273e-01
2.302014350721520997e-01
2.301996830262634519e-01
2.301983726902628036e-01
2.302007421970944656e-01
2.301994300639765567e-01
2.301984600715482887e-01
2.301996824764417082e-01
2.302004859176537965e-01
2.302028095438425070e-01
2.302010647542016009e-01
2.301938304354013143e-01
2.301864009834851399e-01
2.301877250557072541e-01
2.301873897203888519e-01
2.301875342644736366e-01
2.301884154140800831e-01
2.301980313698726022e-01
2.301854787864310581e-01
2.301882722699580552e-01
2.301878444016014491e-01
2.301703401063415755e-01
2.301753377127795097e-01
2.301849637880465926e-01
2.301687802657504667e-01
2.301492463132518707e-01
2.301426855107977509e-01
2.301381220872395494e-01
2.301250001440536541e-01
2.301134192687316615e-01
2.301096050568224582e-01
2.300727516849927490e-01
2.299873827336071652e-01
2.299141200366255633e-01
2.298085934939341768e-01
2.302256336487997768e-01
2.299203177800179798e-01
2.298459438215446904e-01
2.297332281897907502e-01
2.299346179062679851e-01
2.298477224937253427e-01
2.301543301697541455e-01
2.303402715146388169e-01
2.305848327841712453e-01
2.306397088277500063e-01
2.310690524832537951e-01
2.309803756428582544e-01
2.311109950278507075e-01
2.310748721407439032e-01
2.310718179702190012e-01
2.310490438882940867e-01
2.310574547423881187e-01
2.310507195454152007e-01
2.310396636811146709e-01
2.310466791242181128e-01
2.310423750964204215e-01
2.310449673572464724e-01
2.310325237197139447e-01
2.310358669504253004e-01
2.310381711674531213e-01
2.310359628867560411e-01
2.310365024738291750e-01
2.310372592483886656e-01
2.310317754633947895e-01
2.310340616430971994e-01
2.310345847269680564e-01
2.310350174883576413e-01
2.310329425197099051e-01
2.310313937595401268e-01
2.310326823795439688e-01
2.310306099581304062e-01
2.310322258978700360e-01
2.310319943157830291e-01
2.310317414827162685e-01
2.310315180075976915e-01
2.310318344422482018e-01
2.310317523721951427e-01
2.310313442915689908e-01
2.310316321332765710e-01
2.310305584316659222e-01
2.310310657939864121e-01
2.310308554121132951e-01
2.310310127041957096e-01
2.310310403774883392e-01
2.310309670114629177e-01
2.310310530687566810e-01
2.310310497377867367e-01
2.310310528222028759e-01
2.310308569188802841e-01
2.310309953232612401e-01
2.310309931820941076e-01
2.310309646945755691e-01
2.310309228405977022e-01
2.310307372365154044e-01
2.310307151658567981e-01
2.310308612555361241e-01
2.310307139994765835e-01
2.310307091328438756e-01
2.310306264375170393e-01
2.310305817508266912e-01
2.310304510478731477e-01
2.310305037911914994e-01
2.310305847617675490e-01
2.310307724851818623e-01
2.310305751707230348e-01
2.310305215784640709e-01
2.310305363998960970e-01
2.310303248674433207e-01
2.310303682316666163e-01
2.310303440865248692e-01
2.310302729544174150e-01
2.310301115698312480e-01
2.310300430798752636e-01
2.310301538121749820e-01
2.310295211681240857e-01
2.310295388056283483e-01
2.310293178872887265e-01
2.310293774109406506e-01
2.310289260182107618e-01
2.310291209400242851e-01
2.310286755836979400e-01
2.310279220611100026e-01
2.310262837799938740e-01
2.310247508608054834e-01
2.310243420868904607e-01
2.310234851317116422e-01
2.310227951281099701e-01
2.310225051926403372e-01
2.310231959792584944e-01
2.310512819030518250e-01
2.310360105471921943e-01
2.310312110481522463e-01
2.310258651337906699e-01
2.310308556207304187e-01
2.310022433014493892e-01
2.309998514756134158e-01
2.309940967346320040e-01
2.310012925787961746e-01
2.310034414445502338e-01
2.310148412416283548e-01
2.310059259280565769e-01
2.310361376569408098e-01
2.310335551061851178e-01
2.310555385069571477e-01
2.310593086306820532e-01
2.311107528001279110e-01
2.310811611358844775e-01
2.310816970188981079e-01
2.310846200501206760e-01
2.310843939490751509e-01
2.310865549334027158e-01
2.310864926371333505e-01
2.310859951571344328e-01
2.310872855478239840e-01
2.310869329746277623e-01
2.310872814248000617e-01
2.310875975540844229e-01
2.310877757875331728e-01
2.310878362139371089e-01
2.310880120347575672e-01
2.310883464803648868e-01
2.310881418583989044e-01
2.310885927634107884e-01
2.310887058509702441e-01
2.310885830791828410e-01
2.310886796859527303e-01
2.310888241661637477e-01
2.310887040488929511e-01
2.310887282578518720e-01
2.310887431717054408e-01
2.310887863119812369e-01
2.310888549114319401e-01
2.310889137521523751e-01
2.310888652125264731e-01
2.310889042290176221e-01
2.310889668284311083e-01
2.310890131384625290e-01
2.310889961101047219e-01
2.310890182800043602e-01
2.310890537932121791e-01
2.310891136335044282e-01
2.310890592614920358e-01
2.310890471233904564e-01
2.310890748689722884e-01
2.310891022829999197e-01
2.310891370009854895e-01
2.310891409346672587e-01
2.310891449694545685e-01
2.310891715434033877e-01
2.310891685672275542e-01
2.310891700082224887e-01
2.310891762115113990e-01
2.310891619997226254e-01
2.310891702335422238e-01
2.310891736750396441e-01
2.310891899322471132e-01
2.310892089273804129e-01
2.310892149997353928e-01
2.310892283327649621e-01
2.310892394208349798e-01
2.310892459267600285e-01
2.310892351443187276e-01
2.310892701524888682e-01
2.310892784315228543e-01
2.310892698317014160e-01
2.310892813411066782e-01
2.310892811669993940e-01
2.310892971443370136e-01
2.310893418852015546e-01
2.310894123670176048e-01
2.310893724140070660e-01
2.310894689888323972e-01
2.310894165558220748e-01
2.310894339890266769e-01
2.310894937609871969e-01
2.310895611194452304e-01
2.310896438203255410e-01
2.310895922296132277e-01
2.310896215030820433e-01
2.310896642793639211e-01
2.310900797302087306e-01
2.310902521151661504e-01
2.310904060410835514e-01
2.310906082215759827e-01
2.310911895579715325e-01
2.310913915129912677e-01
2.310917244416770822e-01
2.310954313066692078e-01
2.310956052395639615e-01
2.310965495030293804e-01
2.311000540294391170e-01
2.311020292898882111e-01
2.311017681482145647e-01
2.311016190785519231e-01
2.311014846461317274e-01
2.311015258633957459e-01
2.311016929572053680e-01
2.311016613123418328e-01
2.311015303223049877e-01
2.311012959657728350e-01
2.311012479656871788e-01
2.311012295820498441e-01
2.311011824693232908e-01
2.311011898777129703e-01
2.311010375219769986e-01
2.311003768689645355e-01
2.311002611641830573e-01
2.310995595247653800e-01
2.310998116228960564e-01
2.310995829202149576e-01
2.310995250271887236e-01
2.310995046158890454e-01
2.310994295095619433e-01
2.310996065499612839e-01
2.310996436367518669e-01
2.310995802611461036e-01
2.310996158872054285e-01
2.310996666387523379e-01
2.310998506709519007e-01
2.310997560502544845e-01
2.310997859768746943e-01
2.310999293614451333e-01
2.311000275840706941e-01
2.311000612263635623e-01
2.311000624725575436e-01
2.311000222029179763e-01
2.311000851007737056e-01
2.311003805068797268e-01
2.311004182677256491e-01
2.311004620485824224e-01
2.311004466395133183e-01
2.311003177234808581e-01
2.311005265970021150e-01
2.311004461451155179e-01
2.311006285927142412e-01
2.311003795730730281e-01
2.311005715072017297e-01
2.311007112398384411e-01
2.311007864742730677e-01
2.311006605002112746e-01
2.311006185937632684e-01
2.311005861185116694e-01
2.311005858420943082e-01
2.311005700020418996e-01
2.311006375436288895e-01
2.311004893865569176e-01
2.311006190312088759e-01
2.311008298628298152e-01
2.311005341750024256e-01
2.311007861617052628e-01
2.311005612642079710e-01
2.311007008453628830e-01
2.311009583390845890e-01
2.311007896954231644e-01
2.311011753040551897e-01
2.311006636693832272e-01
2.311014787136523863e-01
2.311002249464470526e-01
2.311005387706092928e-01
2.311008054079882745e-01
2.311003747713627765e-01
2.311015732023695979e-01
2.311002343952277827e-01
2.311001317335469318e-01
2.311009873527037350e-01
2.311015803416674175e-01
2.311015726158743566e-01
2.311013831110471095e-01
2.311002774491638656e-01
2.310995604614853871e-01
2.310999476314973544e-01
2.310996403566291657e-01
2.311003748278329661e-01
2.311006743374077743e-01
2.310995596475281244e-01
2.311015051043641133e-01
2.311022870782236116e-01
2.311005638169670862e-01
2.310996872699625782e-01
2.311015724222803547e-01
2.310995764753106529e-01
2.310987933776020298e-01
2.311011170364854206e-01
2.311009064145198855e-01
2.311008046977613695e-01
2.310998307351999903e-01
2.311001015565226357e-01
2.311010212756208493e-01
2.311000048266291795e-01
2.311014557676339676e-01
2.311005346791919213e-01
2.310990887680288153e-01
2.310997806929095122e-01
2.311009502233039858e-01
2.311011231835918278e-01
2.311010518396236502e-01
2.311039436484767506e-01
2.311025448915816627e-01
2.310996957928719842e-01
2.311034039524407779e-01
2.311020813190817758e-01
2.311020813190817758e-01
2.311007358375940790e-01
2.311007358377275833e-01
2.310986003006041123e-01
2.310990664025941999e-01
2.311009393617810548e-01
2.311009393617810548e-01
2.311014711869381344e-01
2.311004991002870157e-01
2.311041705417743175e-01
2.310998919188332057e-01
2.310996928608883283e-01
2.310988481275313144e-01
2.310997822534210100e-01
2.310997822534442969e-01
2.311001420700686260e-01
2.311005465908055334e-01
2.311017653232718960e-01
2.311003871367305895e-01
2.311004885264471842e-01
2.311006435279545912e-01
2.310999177411453276e-01
2.310996717046732984e-01
2.310872229331530359e-01
2.311033948330769860e-01
2.311021386631862684e-01
2.311021386631862684e-01
2.311018782963084606e-01
2.311018782963084606e-01
2.311008968271990593e-01
2.311008968271990593e-01
2.310924456848759134e-01
2.311015746863010478e-01
2.311002680253447794e-01
2.310995339417782068e-01
2.310967634030965112e-01
2.310992974611723871e-01
2.310995656536037057e-01
2.311227944475302276e-01
2.311189344548875424e-01
2.311004181963999538e-01
2.311000768170306530e-01
2.311000768170306530e-01
2.310994322337761309e-01
2.311000731976733114e-01
2.310972373173835748e-01
2.310992068178482073e-01
2.311011214108538714e-01
2.311011214108538714e-01
2.311011113847980802e-01
2.311011113847980802e-01
2.311008450082908672e-01
2.311002913961611727e-01
2.311006227796933155e-01
2.311007556683705999e-01
2.310854909687142800e-01
2.310971105350420607e-01
2.310971105350420607e-01
2.310999421887458272e-01
2.310984101210505626e-01
2.310992378895753152e-01
2.310992378895753152e-01
2.310995885060556088e-01
2.311014023830923192e-01
2.311004723729754851e-01
2.311008173135902510e-01
2.311007597413378967e-01
2.309939159136971121e-01
2.310159964879071326e-01
2.310974540634816721e-01
2.311201690790640473e-01
2.310754859543881490e-01
2.311140624348826667e-01
2.311180463621924919e-01
2.311061050683386464e-01
2.311061050683386464e-01
2.310959988477045979e-01
2.311057050761627096e-01
2.311004155472226596e-01
2.311041725241471945e-01
2.311028671717566263e-01
2.311036494910395922e-01
2.311034083758874702e-01
2.311034083758874702e-01
2.311011390539083610e-01
2.311019561915770570e-01
2.311012228517718703e-01
2.311009910135279899e-01
2.311006356142681073e-01
2.311007766780824590e-01
2.311005986508901655e-01
2.311006531078954040e-01
2.314058297081661719e-01
2.313350543248439140e-01
2.309787489228509738e-01
2.310509925116052132e-01
2.310396165033048177e-01
2.311250901128027724e-01
2.310930328322108873e-01
2.311058633730918854e-01
2.311053215129508509e-01
2.311053215129508509e-01
2.310996257411528643e-01
2.311029335393497419e-01
2.310971473599574555e-01
2.310993085683315518e-01
2.310993085683315518e-01
2.310968156822116037e-01
2.310965222180854928e-01
2.310990719701987162e-01
2.310999822590842356e-01
2.310993246354181851e-01
2.311004052602493586e-01
2.311004052602493586e-01
2.310998983658934802e-01
2.311002580069781709e-01
2.311002416976156160e-01
2.311007427820764570e-01
2.311008153816770105e-01
2.311007557946872515e-01
2.311007013881728744e-01
2.311006421977469527e-01
2.311006588383866522e-01
2.311006588383866522e-01
2.311005207141103857e-01
2.311005880112159128e-01
2.311005880112159128e-01
2.311005880112159128e-01
2.311005958584519682e-01
2.311006066947789983e-01
2.311006241713520482e-01
2.311008088880242839e-01
2.311008088880242839e-01
2.311007742742749727e-01
2.311007743560212213e-01
2.311025674396134655e-01
2.311026058061543542e-01
2.311000385793081646e-01
2.311005567623147239e-01
2.311006567040928827e-01
2.311001692665240470e-01
2.311006161348472532e-01
2.311006161348472532e-01
2.311007219665840440e-01
2.311007219665840440e-01
2.311007219665840440e-01
2.311006842359823454e-01
2.311007095777352638e-01
2.311007180785727699e-01
2.311006986288546838e-01
2.311013650370828121e-01
2.311007720245226993e-01
2.311008081535197989e-01
2.311006849361697535e-01
2.311006849361697535e-01
2.311007377779622507e-01
2.311007377779622507e-01
2.311007051464288309e-01
2.311007969170896514e-01
2.311007518419274653e-01
2.311007269679720422e-01
2.311007269681746856e-01
2.311007579462938111e-01
2.311007543777435780e-01
2.311007467297652718e-01
2.311025462854374157e-01
2.311016325227076840e-01
2.311010921150721820e-01
2.311010921150721820e-01
2.311008332738709037e-01
2.311007494982452726e-01
2.311006868976172302e-01
2.311007503173402866e-01
2.311008227425668526e-01
2.311008227425668526e-01
2.311007085664318061e-01
2.311007928329511241e-01
2.311007588565291426e-01
2.311007588565291426e-01
2.311007421692530261e-01
2.311007489484876165e-01
2.311007378915289623e-01
2.311007378915326815e-01
2.311025727139201791e-01
2.311015716600031966e-01
2.311006046073778575e-01
2.311010007087769824e-01
2.311004228191990417e-01
2.311004228191990417e-01
2.311007544374590328e-01
2.311007557111494637e-01
2.311007148993896310e-01
2.311007891859878927e-01
2.311007300268050069e-01
2.311007433456064575e-01
2.311007364112899753e-01
2.311007364112899753e-01
2.311007364112899753e-01
2.311007408260448148e-01
2.311007462671996748e-01
2.311007439328810198e-01
2.311007453600992800e-01
2.312026949665941522e-01
2.310289418955086826e-01
2.310665045606632717e-01
2.310700846788582286e-01
2.310916642886993166e-01
2.310916642886993166e-01
2.310916642886993166e-01
2.311011407083959912e-01
2.310985644780820525e-01
2.310985644780820525e-01
2.310985920083789835e-01
2.310971669861654754e-01
2.310999659773450010e-01
2.310999659773450010e-01
2.311004546175794705e-01
2.311011685495148460e-01
2.311011069257401240e-01
2.311011069257401240e-01
2.311009825763531977e-01
2.311009335011846577e-01
2.311009335011846577e-01
2.311009539330112217e-01
2.311004613372334704e-01
2.311004613372334704e-01
2.311007657217354072e-01
2.311007657217354072e-01
2.311007014761829459e-01
2.311006590627715518e-01
2.311007370113468684e-01
2.311006996518438217e-01
2.311007583281317612e-01
2.311007445167550245e-01
2.311007596329613945e-01
2.311007596329613945e-01
2.311007522067574926e-01
2.311007510883215932e-01
2.311007510883215377e-01
3.736257282804959501e-01
2.415422356842546747e-01
2.381511630139807878e-01
2.381511630139807878e-01
2.319325411865894582e-01
2.291145332247600808e-01
2.291145332247600808e-01
2.291145332247600808e-01
2.312542216458584876e-01
2.312542216458584876e-01
2.320402689012309450e-01
2.312392847697047060e-01
2.311838610871699839e-01
2.309481791095635561e-01
2.309507921155508070e-01
2.311101895642775905e-01
2.311101895642775905e-01
2.311001470438313887e-01
2.310300149856814866e-01
2.310593104864445135e-01
2.310780895203487229e-01
2.310617829994956740e-01
2.310801614561569239e-01
2.310731491332243537e-01
2.311181175345919103e-01
2.310800381901423617e-01
2.310911021274985599e-01
2.310911021274985599e-01
2.310911021274985599e-01
2.311037843250490220e-01
2.310982469258466843e-01
2.310982469258466843e-01
2.311000975290077586e-01
2.310992175563855999e-01
2.311004810422290778e-01
2.311004810422290778e-01
2.311019192367343711e-01
2.311008336229014581e-01
2.311016608847186737e-01
2.311012800933581746e-01
2.311007121839888656e-01
2.311007995837232876e-01
2.311007605100215412e-01
2.311007605100215412e-01
2.311007605100215412e-01
2.311007660819076603e-01
2.311007660819076603e-01
2.311007800603657458e-01
2.311007800603657458e-01
2.311007682960840581e-01
2.311007454168003128e-01
2.311007454168003128e-01
2.311141166534068647e-01
2.311050243568471552e-01
2.311041902338663023e-01
2.311051045500012724e-01
2.311051045500012724e-01
2.311014629699285339e-01
2.311028975422147747e-01
2.311022549182473185e-01
2.310995831717129467e-01
2.311018556035222549e-01
2.311008004516398040e-01
2.311004164034767550e-01
2.311008538469918050e-01
2.311008059935440451e-01
2.311008404356006685e-01
2.311007143238812400e-01
2.311006682723643901e-01
2.311006682723643901e-01
2.311007185169360600e-01
2.311007185169360600e-01
2.311007185169360600e-01
2.311007262302204046e-01
2.311007254853488513e-01
2.311007295920120275e-01
5.892127204186687894e-01
2.572705265831948807e-01
2.172012493462614213e-01
2.275156098776935643e-01
2.377131385989021684e-01
2.329630173543658089e-01
2.329630173543658089e-01
2.328781407376653290e-01
2.321729579754263362e-01
2.301651119198486750e-01
2.301651119198486750e-01
2.305360120537731095e-01
2.307433246680542227e-01
2.307857941350741071e-01
2.313048053909362300e-01
2.309346523571277621e-01
2.312398941783240514e-01
2.311058291617010263e-01
2.312709782186145868e-01
2.312709782186145868e-01
2.312709782186145868e-01
2.312678371161737689e-01
2.311738244257156294e-01
2.311738244257156294e-01
2.311738244257156294e-01
2.311561343159464765e-01
2.311561343159464765e-01
2.311274105430316250e-01
2.311274105430316250e-01
2.311234220179233800e-01
2.311223096090861684e-01
2.311089409463784605e-01
2.311106080529473084e-01
2.311106080529473084e-01
2.311085106474807804e-01
2.311061224118013124e-01
2.311072549585165836e-01
2.311016295532852538e-01
2.311027219670781785e-01
2.311005486585031021e-01
2.311005486585031021e-01
2.311005680640510207e-01
2.311005159457619196e-01
2.310999370134720621e-01
2.310999357268474774e-01
2.311003620286423699e-01
2.311022329537778808e-01
2.310998523846856945e-01
2.310998523846856945e-01
2.311019392335363909e-01
2.311014827932725835e-01
2.311006437835600724e-01
2.311007018821528147e-01
2.311005252804660681e-01
2.311008257184861969e-01
2.311005590622862982e-01
2.311007139090108520e-01
2.311007476043932529e-01
2.311007476043932529e-01
2.311007476043932529e-01
2.311007476043932529e-01
2.311007476043932529e-01
2.311007691673349351e-01
2.311007304465590995e-01
2.311007322289079791e-01
2.311007717160525887e-01
2.311007808522351770e-01
2.311007132182795187e-01
2.311025557064340374e-01
2.311004237108965909e-01
2.310997013371150766e-01
2.311008698216241719e-01
2.311006349592444054e-01
2.311006349592444054e-01
2.311005329107112538e-01
2.311005458744189167e-01
2.311006410775156283e-01
2.311006160829159051e-01
2.311006160829159051e-01
2.311008549573816961e-01
2.311007266086906875e-01
2.311007318366150587e-01
2.311007536145260055e-01
2.311007536145260055e-01
2.311007536145260055e-01
2.311007490948459031e-01
2.311007490948459031e-01
2.311007484174175119e-01
2.311007484721272209e-01
2.311007523370766092e-01
2.311007503873769298e-01
2.311007837552968014e-01
2.311007174313653434e-01
2.311007762284604528e-01
2.311007762284604528e-01
2.311007608243761668e-01
2.311007417417002829e-01
2.311007438744175080e-01
2.311007439561910681e-01
2.311007433778190234e-01
2.311025799156440075e-01
2.311011540129638553e-01
2.311011540129638553e-01
2.311011540129638553e-01
2.311006553869860980e-01
2.311006553869860980e-01
2.311006553869860980e-01
2.311006337241319486e-01
2.311006370620999617e-01
2.311006793314138996e-01
2.311006793314138996e-01
2.311006826250909252e-01
2.311006918478595573e-01
2.311006949650047659e-01
2.311006990639156156e-01
2.311007089337227538e-01
2.311007430781048533e-01
2.311008058386039010e-01
2.311007733060717606e-01
2.311007563049351510e-01
2.311007563049351510e-01
2.311007537628545772e-01
2.311007530421432810e-01
