1.788956434427758646e+00
1.788956434427758646e+00
1.852809170529394311e+00
1.786341085256685002e+00
1.300101294466704305e+00
1.300101294466704305e+00
1.300101294466704305e+00
1.398233251620440321e+00
1.296694168703036443e+00
9.780027003529163654e-01
9.752324307196623687e-01
1.303224791556071072e+00
9.094034995676728572e-01
8.996479617686046204e-01
9.615396731117841211e-01
9.615396731117841211e-01
8.367409847365026021e-01
8.367409847365043785e-01
8.191581789783745071e-01
8.160762627750838272e-01
9.598124139940057420e-01
8.329733842342020855e-01
8.965564295846369935e-01
8.965564295846369935e-01
8.965564295846369935e-01
8.976873997567715868e-01
8.943102303730556812e-01
9.860085812601558919e-01
8.010131070628809802e-01
8.010131070628809802e-01
8.010131070628809802e-01
8.010131070628809802e-01
8.010131070628809802e-01
8.010131070628809802e-01
8.010131070628809802e-01
8.010131070628809802e-01
8.010131069810196847e-01
8.010131070781791873e-01
8.010131070802565256e-01
7.623011112388193844e-01
7.623046130851139912e-01
7.632995473581050128e-01
7.816937012134869134e-01
7.816937012134869134e-01
7.816937012134869134e-01
7.816937012134869134e-01
7.816937012134869134e-01
7.530106164114438450e-01
7.519224521142769957e-01
7.519224521142769957e-01
7.464261215536788230e-01
7.464261215536788230e-01
7.400917914378775109e-01
7.383463296750552018e-01
7.383389508615786356e-01
7.296385976635429982e-01
7.489713112386422456e-01
7.489713112386422456e-01
7.398692826740627115e-01
7.644388367925449845e-01
7.517124662617562514e-01
7.521427163880485267e-01
6.950401229086123900e-01
7.461171073529752062e-01
6.877152358416239730e-01
6.877152358416239730e-01
6.932505908038780751e-01
6.819229503829555838e-01
6.814141271784404097e-01
6.814142237585708584e-01
6.814141967493584362e-01
6.813428324845739459e-01
6.829704465033840100e-01
6.819300796367003814e-01
6.819734216939609128e-01
6.819834512189421050e-01
6.819126957474364037e-01
6.833151280170375319e-01
6.801962005217545570e-01
6.819752478374863092e-01
6.815428571143272718e-01
6.812635853124601182e-01
6.808298359604487704e-01
6.808421806086519812e-01
6.808294758757535980e-01
6.818218631888022241e-01
6.818141388319253204e-01
6.818374157776789790e-01
6.827116497307453846e-01
6.817483316648719205e-01
6.817483322417668967e-01
6.837147007805602916e-01
6.812131943094718034e-01
6.812809783885793724e-01
6.823442440008814502e-01
6.809970891291061701e-01
6.837951513413312865e-01
6.837951513413507154e-01
6.833874871061528244e-01
6.850521380544498662e-01
6.835665214219718289e-01
6.833890706973441143e-01
6.833890706802723258e-01
6.828647666057515719e-01
6.834251878316843776e-01
6.827345368322370600e-01
6.827299108473938727e-01
6.827261391360985865e-01
6.820469770217554295e-01
6.820469770209744986e-01
6.820469777300156577e-01
6.819441899938520901e-01
6.821743481695736744e-01
6.812077684311592662e-01
6.811328867014474486e-01
6.814485981254594371e-01
6.808286758016959261e-01
6.813703020144532552e-01
6.806410414706721701e-01
6.806458688772932808e-01
6.806094118721802699e-01
6.805716695500000357e-01
6.811676699707434057e-01
6.813568160480298896e-01
6.806787437813492936e-01
6.802319433080926681e-01
6.799207171794305893e-01
6.798268620076769464e-01
6.795420999061785317e-01
6.795354494506127274e-01
6.804673144085384706e-01
6.800401659141046551e-01
6.795685259880326345e-01
6.796069272318187027e-01
6.791522456081979797e-01
6.800158476612697678e-01
6.788219551266496676e-01
6.791814902714551350e-01
6.793879777028432043e-01
6.795552809845957221e-01
6.799353472193971903e-01
6.769809376963134007e-01
6.772522180632732924e-01
6.768284253309231335e-01
6.762336258479734186e-01
6.782135692893130896e-01
6.784102763593734542e-01
6.789140537799657205e-01
6.812805555703246307e-01
6.812805555703247418e-01
6.813617053340543794e-01
6.802161281854876007e-01
6.802161281854876007e-01
6.848119362041823477e-01
6.862334481408880471e-01
6.859733462418854399e-01
6.862953306314213409e-01
6.862953306314213409e-01
6.862953306314213409e-01
6.851741517463518782e-01
6.869399252447668802e-01
6.878928605391537721e-01
6.878928605391537721e-01
6.882438102356466247e-01
6.881506765053337915e-01
6.884659002127340166e-01
6.876753024094571787e-01
6.874640241305213229e-01
6.871622143757583068e-01
6.876026204131543418e-01
6.876026204131548969e-01
6.870302523663748273e-01
6.874750754559678656e-01
6.874750754559678656e-01
6.886676544777655673e-01
6.862596373079208334e-01
6.873894453782619651e-01
6.861605750732698850e-01
6.890232960892126446e-01
6.893560647991917589e-01
6.884397030125500860e-01
6.914915107365823266e-01
6.898330983646561165e-01
6.912929766699070777e-01
6.922829788916901039e-01
6.909796914496629805e-01
6.906153825521054168e-01
6.909979668967966004e-01
6.914164272788431154e-01
6.898884456767101492e-01
6.898884456767101492e-01
6.922992533105394308e-01
6.927675554219465681e-01
6.938531659770841298e-01
6.921117132243602699e-01
6.920163613453687024e-01
6.943694988867284978e-01
6.952406122489124263e-01
6.952406122489124263e-01
6.968232771197588882e-01
6.964212947030985479e-01
6.956198897607265286e-01
6.957783532591000908e-01
6.957783532591000908e-01
6.959591783085851135e-01
6.950403340463077173e-01
6.948977715093250795e-01
6.965585444800014292e-01
6.960755967483069906e-01
6.960755967483069906e-01
6.961539183604033010e-01
6.961826856217706583e-01
6.965923309072413749e-01
6.965923309072413749e-01
6.967036925782101875e-01
6.967036925782101875e-01
6.965438068649961734e-01
6.964121710486924632e-01
6.972108690909267770e-01
6.981439918100127429e-01
6.972517156777989777e-01
6.985583858587008921e-01
6.990634256976040461e-01
6.990634256976040461e-01
6.987664925895068491e-01
6.998997724650475316e-01
7.009757213965340794e-01
6.997227278466332523e-01
7.040580985267574921e-01
7.019253281604176387e-01
7.048046450421840969e-01
7.045052389097714585e-01
7.046121714735806840e-01
7.121776748941764934e-01
7.101908406685645270e-01
7.113139747780499178e-01
7.106163335500872424e-01
7.106428014376584557e-01
7.106428014376584557e-01
7.120272336866177998e-01
7.120272336866177998e-01
7.113795908290557746e-01
7.137138989631359731e-01
7.141669732602049514e-01
7.141967486814799759e-01
7.149773783173020147e-01
7.148365203819133651e-01
7.154731686552769920e-01
7.153196559594936499e-01
7.169199919650736108e-01
7.160851753144886755e-01
7.160851753144886755e-01
7.167478808524337941e-01
7.177842648559836780e-01
7.184767942223819759e-01
7.210011040266283144e-01
7.216588021587408974e-01
7.219417420240251682e-01
7.219417420240251682e-01
7.209770330491799273e-01
7.209770330491799273e-01
7.219523941916397014e-01
7.219523941916397014e-01
7.240233714667443365e-01
7.224348373297055925e-01
7.239856614693633841e-01
7.228746438811487485e-01
7.230960677880398091e-01
7.230274888096275276e-01
7.239113224139563929e-01
7.240729321356806913e-01
7.240729321356806913e-01
7.243331235107447474e-01
7.250704889681819365e-01
7.252031549226404250e-01
7.247316321831336339e-01
7.244940898678183805e-01
7.256156347177771249e-01
7.256156347177771249e-01
7.257852625059613150e-01
7.260111854875064274e-01
7.263440065026152137e-01
7.271453446183090419e-01
7.271453446183090419e-01
7.304801155678216640e-01
7.296207338581852664e-01
7.291912911195996827e-01
7.289394985123290871e-01
7.291500454182078261e-01
7.314933508825290920e-01
7.291291695756231261e-01
7.303593420448855067e-01
7.303593420448855067e-01
7.302080624285879340e-01
7.308278015966955810e-01
7.324543935088564384e-01
7.311802538239072780e-01
7.311802538239072780e-01
7.358143394982897822e-01
7.351647318505086792e-01
7.334881782684798956e-01
7.407872898494962666e-01
7.382125916886522754e-01
7.369667936215605897e-01
7.369667936215605897e-01
7.401019630677326822e-01
7.385134519315574853e-01
7.420478981644046401e-01
7.442856256372203383e-01
7.425118905990067963e-01
7.457995044627965253e-01
7.457995044627965253e-01
7.459861246068398843e-01
7.460803116409868707e-01
7.459951457160882704e-01
7.473354449780247322e-01
7.472164797435633110e-01
7.472540673224806751e-01
7.472540673224806751e-01
7.472540673224806751e-01
7.477455031209824243e-01
7.484700931183123629e-01
7.491244850496306951e-01
7.487147926927345543e-01
7.487956118874420364e-01
7.487956118874420364e-01
7.470735045937006991e-01
7.468932474800442645e-01
7.468684820956013048e-01
7.463951154432674207e-01
7.468781562337044599e-01
7.481614925226910406e-01
7.477437707515209864e-01
7.477437707515209864e-01
7.481191958271411480e-01
7.479774512521679686e-01
7.479774512521679686e-01
7.479843513895348961e-01
7.488677718682791307e-01
7.492328155234753151e-01
7.484683261776189367e-01
7.482277942505723978e-01
7.498438381900175420e-01
7.499695635312371156e-01
7.492581441819833321e-01
7.512028048003783764e-01
7.515578026356802832e-01
7.511273802811974099e-01
7.500055059217095588e-01
7.531675076561860083e-01
7.531675076561860083e-01
7.536987357508583285e-01
7.541256391795492231e-01
7.540953211910226273e-01
7.537957024794823546e-01
7.549180726625940308e-01
7.545969107250778407e-01
7.559284642335230009e-01
7.563912786558149026e-01
7.549510728429682516e-01
7.571491683903666114e-01
7.571491683903666114e-01
7.571491683903666114e-01
7.586666597995647132e-01
7.602394426086455104e-01
7.602394426086455104e-01
7.744385868917820215e-01
7.655449574109819411e-01
7.655449574109819411e-01
7.657523795687641854e-01
7.656079608834620576e-01
7.673111923395296019e-01
7.677130740530437869e-01
7.668935787567463525e-01
7.668935787567463525e-01
7.745073171583258809e-01
7.729653476607518670e-01
7.729653476607518670e-01
7.735839353526300366e-01
7.731183865344787298e-01
7.730694528523477382e-01
7.733273660325810095e-01
7.733273660325810095e-01
7.749465466227301036e-01
7.748798953547060275e-01
7.740529429482190249e-01
7.751840995506122933e-01
7.753752897561808632e-01
7.779188671940354682e-01
7.776929067471016754e-01
7.852767870954412421e-01
7.808058944176756722e-01
7.808058944176756722e-01
7.835562641698288200e-01
7.836903921874714962e-01
7.826052487866828056e-01
7.836096189593036998e-01
7.853909485829748682e-01
7.853909485829748682e-01
7.853909485829748682e-01
7.850249531306537909e-01
7.852033749439844001e-01
7.848853182223685110e-01
7.860174178429453207e-01
7.860252196348757048e-01
7.860557715688253344e-01
7.863944846653724285e-01
7.866420201078119234e-01
7.860058290417777371e-01
7.882228308856554788e-01
7.877323875321713409e-01
7.874892096181441703e-01
7.878788025271460382e-01
7.877962486046858892e-01
7.879559963205714501e-01
7.879559963205714501e-01
7.879559963205714501e-01
7.871579917393565218e-01
7.872075473513242549e-01
7.878581491514298207e-01
7.878581491514298207e-01
7.887620651991203991e-01
7.876502779232151807e-01
7.877929447722558098e-01
7.877929447722558098e-01
7.880082428314130194e-01
7.881859936490153151e-01
7.880752866684543889e-01
7.880752866684543889e-01
7.888979423998907503e-01
7.886508376899580286e-01
7.884104826810843791e-01
7.883755443036097876e-01
7.893574496137423235e-01
7.893574496137423235e-01
7.885137466350412572e-01
7.880402456423784008e-01
7.900170605258588497e-01
7.884409777056105018e-01
7.884409777056105018e-01
7.895303425960293886e-01
7.897877061215067274e-01
7.908745944146083895e-01
7.897598472654555612e-01
7.899659601524554597e-01
7.902414344549454350e-01
7.902219959058826015e-01
7.902219959058826015e-01
7.902370421151736490e-01
7.892404122784677512e-01
7.895917890993613408e-01
7.895917890993613408e-01
7.896986797789795620e-01
7.931490637208045147e-01
7.922249311219224932e-01
7.922249311219224932e-01
7.931243500831560711e-01
7.945442561165018125e-01
7.962617593677436822e-01
7.969566091628463855e-01
7.969566091628463855e-01
7.967703356089662625e-01
7.971195976270578631e-01
7.968701894665229934e-01
7.989640267824077435e-01
7.995390681396434829e-01
7.995765896298616671e-01
8.176519721106469962e-01
8.077046702046325466e-01
8.100332056323822361e-01
8.150093785166985239e-01
8.148134992659065157e-01
8.144589567514196604e-01
8.158985423581789354e-01
8.159994258384581922e-01
8.167539354348175573e-01
8.177623264982625262e-01
8.178115775199329418e-01
8.165351768234100360e-01
8.214648326033568981e-01
8.214648326033568981e-01
8.226930672655862198e-01
8.217801631630597958e-01
8.224277208244665793e-01
8.225989890089820955e-01
8.225989890089820955e-01
8.225127034439880802e-01
8.232553139421886490e-01
8.232553139421886490e-01
8.229292122709429558e-01
8.230047999831621164e-01
8.233009466485977645e-01
8.226136059889991303e-01
8.234455047078764744e-01
8.247060052740347036e-01
8.248286650701446288e-01
8.250415120133326452e-01
8.255346850623951349e-01
8.257032771241664681e-01
8.257032771241664681e-01
8.263387585657849810e-01
8.254619337246958954e-01
8.306126506979231161e-01
8.306126506979231161e-01
8.309852141238464052e-01
8.304839444393004033e-01
8.304839444393004033e-01
8.298804657032468057e-01
8.299554873952718070e-01
8.301845574149130380e-01
8.301575222015828981e-01
8.301676568236818765e-01
8.317599061203648780e-01
8.317599061203648780e-01
8.313276488468072101e-01
8.311506743545271636e-01
8.311946738439851545e-01
8.310838816095270642e-01
8.317261345089239644e-01
8.317391785771863777e-01
8.315075265722006170e-01
8.317856994809451621e-01
8.319050192704049440e-01
8.305128765959207682e-01
8.324495886636090747e-01
8.321909922443624374e-01
8.336656063607703615e-01
8.425039053032845615e-01
8.379073731871926611e-01
8.400997576449128479e-01
8.412988901713587264e-01
8.440788636230212028e-01
8.440052886218163408e-01
8.428227789099024259e-01
8.446185851372355335e-01
8.447391183614259003e-01
8.447391183614259003e-01
8.463752114662291826e-01
8.475347402168217359e-01
8.475347402168217359e-01
8.491363333039352312e-01
8.491363333039352312e-01
8.488357946201665616e-01
8.494763441415026373e-01
8.495231142712670325e-01
8.497633249621037166e-01
8.497034846389999174e-01
8.505155545640542547e-01
8.505155545640542547e-01
8.505155545640542547e-01
8.508682581368619546e-01
8.513624787655296178e-01
8.512169554793733717e-01
8.522675088498543605e-01
8.522675088498543605e-01
8.518765602744182708e-01
8.522708520314213887e-01
8.530509838803578271e-01
8.530509838803578271e-01
8.527606628510473463e-01
8.534054238116643987e-01
8.543851505125983348e-01
8.540514719693764745e-01
8.542059094876787162e-01
8.532180784538766494e-01
8.539224887718658286e-01
8.535079212414948824e-01
8.549453069759938018e-01
8.529728213506321266e-01
8.526343638407464232e-01
8.557466207215910226e-01
8.557466207215910226e-01
8.559756457291344267e-01
8.559756457291344267e-01
8.560725753308624508e-01
8.557900545291098338e-01
8.558556919681492570e-01
8.556097858453726168e-01
8.559365701105251523e-01
8.562946146928656077e-01
8.555603362755906938e-01
8.556489288806938820e-01
8.554582149201034325e-01
8.554448215586853976e-01
8.555815749839783546e-01
8.555815749839783546e-01
8.547111664932864894e-01
8.535892487112503035e-01
8.533643025316830499e-01
8.523003562013794498e-01
8.523003562013794498e-01
8.493953316210726134e-01
8.510380089491840216e-01
8.502732893743047971e-01
8.498912431580093463e-01
8.498912431580093463e-01
8.510089146045458630e-01
8.473769718065361500e-01
8.490686693477556002e-01
8.490686693477556002e-01
8.490686693477556002e-01
8.488882104936124051e-01
8.495634430085330369e-01
8.484413525845949655e-01
8.484413525845949655e-01
8.484135586137067087e-01
8.460587343176790842e-01
8.446016053917034805e-01
8.457583686997410810e-01
8.466994589551191108e-01
8.466325354559006700e-01
8.466325354559006700e-01
8.466626678930572192e-01
8.465425297275076533e-01
8.461480573247156522e-01
8.451072482666973640e-01
8.452354162664447168e-01
8.454759466018937353e-01
8.449650244164146340e-01
8.449650244164146340e-01
8.443187061063432974e-01
8.443187061063432974e-01
8.425223103329790852e-01
8.439504398506789684e-01
8.439504398506789684e-01
8.437514393350201702e-01
8.436792368945327247e-01
8.433170823936156912e-01
8.435451278963446153e-01
8.433900546529354836e-01
8.439984618339079203e-01
8.438662280165147855e-01
8.443936719788625034e-01
8.434869095010627538e-01
8.437195488122241072e-01
8.430719368392510793e-01
8.447311975535019002e-01
8.420238521572992463e-01
8.420238521572992463e-01
8.446920660233800948e-01
8.445041883655205472e-01
8.455249335402184041e-01
8.455249335402184041e-01
8.462799635835080991e-01
8.450262275720897831e-01
8.451298595524100454e-01
8.451298595524100454e-01
8.455930068702132152e-01
8.463090498606250511e-01
8.463090498606250511e-01
8.526101884135977027e-01
8.527452376172531823e-01
8.550975329360670507e-01
8.548735410293636372e-01
8.574609340807572977e-01
8.574609340807572977e-01
8.544297094436784645e-01
8.544297094436784645e-01
8.580534887658838317e-01
8.564723273013757909e-01
8.563801479261003990e-01
8.563801479261003990e-01
8.584463679561450400e-01
8.584463679561450400e-01
8.579547312061894804e-01
8.584565273513881101e-01
8.574005219129504640e-01
8.581660607601476753e-01
8.584286165347978503e-01
8.584286165347978503e-01
8.586887208204737609e-01
8.587259137469538395e-01
8.588649938868857525e-01
8.589589411216308479e-01
8.587419591080585057e-01
8.591972714454580995e-01
8.593196712604725951e-01
8.591034539448106910e-01
8.594468573226956565e-01
8.594788886061188737e-01
8.597649386795854776e-01
8.595531219139763701e-01
8.595531219139763701e-01
8.600947041525532910e-01
8.609865547949745457e-01
8.609067165841337577e-01
8.609067165841337577e-01
8.611695512464508928e-01
8.611082486976887607e-01
8.612030927498233179e-01
8.614675679644474560e-01
8.614412841000735899e-01
8.614489779913131473e-01
8.615211848274357820e-01
8.615211848274357820e-01
8.617228895000157429e-01
8.617928397555590925e-01
8.619314750532280911e-01
8.619700345133154418e-01
8.630046752841482594e-01
8.631604005590216566e-01
8.635285643823795709e-01
8.634206373851082139e-01
8.634946251633413006e-01
8.634946251633413006e-01
8.638296416639978936e-01
8.638854696146975876e-01
8.642462728480516665e-01
8.643615482007509510e-01
8.644569802371837586e-01
8.644433975002918658e-01
8.649275339223000403e-01
8.646709268066596898e-01
8.647493163023447504e-01
8.647493163023447504e-01
8.647731666567293196e-01
8.647731666567293196e-01
8.647747369469442891e-01
8.648609176431952816e-01
8.647926295562938792e-01
8.665470981729936906e-01
8.667074138961796681e-01
8.663103293422859119e-01
8.665188899940927669e-01
8.668233097964405109e-01
8.670523315952429755e-01
8.670523315952429755e-01
8.668738286216793876e-01
8.684836366928587736e-01
8.678342848649407415e-01
8.683623202943325792e-01
8.681887669149713771e-01
8.681255312250649725e-01
8.681255312250649725e-01
8.688764919675487919e-01
8.688764919675487919e-01
8.689863896073326544e-01
8.687910835979053559e-01
8.690235715370192571e-01
8.688815842042635351e-01
8.689806239857276182e-01
8.689956861561396462e-01
8.691250185459790112e-01
8.691932977330202315e-01
8.691950304538168526e-01
8.692817600039486337e-01
8.693550531752282096e-01
8.693475888329805779e-01
8.693949966117729966e-01
8.694021037387179573e-01
8.694021037387179573e-01
8.694978809779833062e-01
8.696703888334135213e-01
8.695373732896455321e-01
8.695412482252065089e-01
8.695291213506275430e-01
8.697357488165446959e-01
8.698556854459656984e-01
8.697870058813084171e-01
8.698273547101383896e-01
8.700373329552392176e-01
8.700221928497516855e-01
8.700221928497516855e-01
8.700311085474703443e-01
8.701440674506389916e-01
8.701095234804506751e-01
8.701239660913586693e-01
8.701703645163397782e-01
8.701924668453000500e-01
8.702032101339092218e-01
8.703771931959760622e-01
8.703651298343632048e-01
8.703482331748582101e-01
8.704279346578168708e-01
8.704933714431850600e-01
8.705749929712865987e-01
8.704985028087104393e-01
8.705536409903655848e-01
8.706282660018744846e-01
8.705970156569955432e-01
8.706682690049384332e-01
8.707047634435811645e-01
8.707789831467988018e-01
8.707300983684393980e-01
8.707902864131366050e-01
8.709188965952276984e-01
8.709188965952276984e-01
8.709378980729018949e-01
8.710156427637940624e-01
8.710146162255201219e-01
8.710183636915216354e-01
8.710023270308728804e-01
8.713040246014276402e-01
8.714302880908002535e-01
8.715046492939639844e-01
8.716222053599136377e-01
8.716164903335922309e-01
8.717023829250369893e-01
8.717037748882536796e-01
8.718727250907972737e-01
8.719049541454602092e-01
8.718900199465605683e-01
8.718740601367509502e-01
8.719081718418218996e-01
8.719066538640631858e-01
8.719168513521070585e-01
8.719282671269882323e-01
8.719515956133859769e-01
8.719625038812636175e-01
8.719951096534255264e-01
8.719737496207452532e-01
8.720121019839819354e-01
8.720787013077607730e-01
8.720240958245859542e-01
8.721299668125096494e-01
8.721252305478447431e-01
8.721167326940052478e-01
8.721581612984757870e-01
8.721581612984757870e-01
8.721587133423180926e-01
8.721969402402354188e-01
8.722046474867591881e-01
8.724002081511049722e-01
8.724296133850160118e-01
8.725385675379033756e-01
8.724913087754339047e-01
8.725927209488568703e-01
8.725853496288366040e-01
8.725853496288366040e-01
8.726388635957297302e-01
8.726311979081834425e-01
8.726913661227416741e-01
8.726929327321306662e-01
8.726929327321306662e-01
8.728026595090430106e-01
8.728041461952295021e-01
8.728208214232910933e-01
8.728208214232910933e-01
8.729313519060513116e-01
8.729313519060513116e-01
8.729235275780841130e-01
8.729393586497690150e-01
8.729638042249919794e-01
8.729628568872984662e-01
8.729646158344577245e-01
8.729646158344577245e-01
8.729895615912706131e-01
8.730046556673862757e-01
8.730019960126320644e-01
8.730003604127788419e-01
8.730682121859154599e-01
8.730361510235906675e-01
8.730596892882090954e-01
8.730606069633843891e-01
8.731340119634516395e-01
8.731598827550083319e-01
8.731598827550083319e-01
8.731779290600081289e-01
8.731941405832968073e-01
8.732058701586016269e-01
8.732466167383960975e-01
8.732655632227445119e-01
8.732655632227445119e-01
8.733152898734236613e-01
8.733191426130584301e-01
8.733216136073143065e-01
8.733412635117846490e-01
8.733573033202639557e-01
8.733417601324585666e-01
8.734788920952407665e-01
8.734490662201681577e-01
8.735681787691218503e-01
8.735681787691218503e-01
8.735720629454233332e-01
8.736618247192902142e-01
8.736618247192902142e-01
8.736627086891909366e-01
8.736738596043759353e-01
8.740762570487116134e-01
8.740762570487116134e-01
8.740762570487116134e-01
8.741820103044815049e-01
8.741820103044815049e-01
8.740572505115764557e-01
8.742239153987970690e-01
8.742604704847731778e-01
8.742604704847731778e-01
8.742498761667890639e-01
8.742638984892132648e-01
8.742632257749045621e-01
8.742628884981630266e-01
8.742853821898557420e-01
8.742984568525892231e-01
8.742896628630342226e-01
8.743024408830893934e-01
8.743064925715715585e-01
8.743517819414803327e-01
8.743623083261703455e-01
8.743623083261703455e-01
8.743821274876877325e-01
8.743945832111391647e-01
8.744150145058724455e-01
8.743883372712301094e-01
8.744285633254578194e-01
8.744356025792978659e-01
8.744368169608727204e-01
8.744585139044860345e-01
8.744553762276210396e-01
8.744823363935474436e-01
8.744552504025906448e-01
8.744836046748741820e-01
8.744885777756448153e-01
8.744826224545725335e-01
8.744954583044326490e-01
8.744943099347951554e-01
8.745158151445487915e-01
8.745233146778513822e-01
8.745299430364887883e-01
8.745499142351461641e-01
8.745566689418970974e-01
8.745669785467512503e-01
8.745890983964892396e-01
8.745809366187647926e-01
8.745809366187647926e-01
8.745896706266477194e-01
8.745922395648407788e-01
8.745978400814851117e-01
8.746004235146367378e-01
8.746130319673574016e-01
8.746175597081710107e-01
8.746327090007249838e-01
8.746358998479265567e-01
8.746490413303887879e-01
8.746630196471925078e-01
8.746630196471925078e-01
8.746681606206450077e-01
8.746687735228422245e-01
8.746783053359531435e-01
8.746923911975561516e-01
8.747086329996558440e-01
8.747047244872387939e-01
8.747047244872387939e-01
8.747126092218834303e-01
8.747153126494902065e-01
8.747264824518291570e-01
8.747285826064589154e-01
8.747745253263354837e-01
8.747773323730183570e-01
8.747725792210822027e-01
8.748143164465914667e-01
8.748228715214343421e-01
8.747954406718834175e-01
8.748224322089955818e-01
8.748308085153253533e-01
8.748304192136078239e-01
8.748464955533618026e-01
8.748601858621277705e-01
8.749180027822005545e-01
8.749180027822005545e-01
8.749494533585447931e-01
8.749593429478419448e-01
8.749593429478419448e-01
8.749633919185942910e-01
8.749784095405247486e-01
8.751324420452150088e-01
8.750768403858661948e-01
8.751094371375419678e-01
8.751285654914826573e-01
8.751628729911863358e-01
8.751628729911863358e-01
8.751628729911863358e-01
8.751641167478920735e-01
8.752052758956969658e-01
8.752294219210852155e-01
8.751979718791628171e-01
8.751979718791628171e-01
8.752798239944482583e-01
8.752805748823340171e-01
8.752776513462817709e-01
8.752656038146300332e-01
8.752878673708697210e-01
8.753928558650492242e-01
8.753928558650492242e-01
8.753644714672096372e-01
8.754392177663082864e-01
8.753678393191162144e-01
8.754184822753189321e-01
8.754282936540570548e-01
8.754575125496899535e-01
8.754577498105473587e-01
8.754577498105473587e-01
8.754631339399460144e-01
8.754591700066676196e-01
8.754649869799409068e-01
8.754763368072125962e-01
8.754784522670032709e-01
8.754956991221969353e-01
8.754922357854033610e-01
8.754922357854033610e-01
