4.162150651527922740e+00
4.325273418298555939e+00
4.502219960035199087e+00
4.638849231883548363e+00
4.851138247165814654e+00
5.039094216369456092e+00
5.200105911203345421e+00
5.409075609598738232e+00
5.628744702578655890e+00
5.853129196703255488e+00
6.112168874095583071e+00
6.306493438790576000e+00
6.569860504339571250e+00
6.863180563490810293e+00
7.171694782207429064e+00
7.272386097901171631e+00
7.506062543751142790e+00
7.817357805663032622e+00
7.931313572666753409e+00
8.329739311096608034e+00
8.875844259990914864e+00
9.358171733023732841e+00
9.673472393675645264e+00
9.550884441896137389e+00
9.750817637308342611e+00
1.034827735263314885e+01
1.048927904688056323e+01
1.037697810215258976e+01
1.062586157827203692e+01
1.076856731765468034e+01
1.075862450565515260e+01
1.107309852882274193e+01
1.058669139488701560e+01
1.022769127948589407e+01
9.831033849232030164e+00
9.721125231316957382e+00
1.001949946775203770e+01
1.057362978860472857e+01
1.019590704947992776e+01
1.036776695784698177e+01
9.974037627925314453e+00
1.006594884671429391e+01
1.028661701005161433e+01
1.010982994620783160e+01
1.040021357853793305e+01
1.079876904208211563e+01
1.126381820974694747e+01
1.165145542187143235e+01
1.222390560069248266e+01
1.307928377859815328e+01
1.421264036242877893e+01
1.219362478629945912e+01
1.178762774246082046e+01
1.170862927059081748e+01
1.095827594167604602e+01
1.081121447252963108e+01
1.191866187630070328e+01
1.085952820169717192e+01
1.027146644005322074e+01
9.822247757297940751e+00
9.124936971775197136e+00
9.449322001246953207e+00
9.996926904150015503e+00
1.097488656547691654e+01
9.892908261325342067e+00
9.347882803145209252e+00
9.500560190862888277e+00
9.649668038466005626e+00
9.542199724946854644e+00
7.853722425960919296e+00
7.675299293702672720e+00
7.704868848919383062e+00
7.625689184555598743e+00
7.517658127013244318e+00
7.322599407627583545e+00
7.331276015729674356e+00
7.546969422809603145e+00
7.529140860248475065e+00
7.882880174106539961e+00
7.754654296468931562e+00
8.056544286955338308e+00
7.530960357499145275e+00
7.557643530842720558e+00
7.394526854464417376e+00
7.702991365081635955e+00
7.578288206036116748e+00
7.673358838411632021e+00
7.401094856364701435e+00
7.053266195203512723e+00
7.475647257401547563e+00
6.172265131581633923e+00
6.591856142911658445e+00
6.271272390234023497e+00
6.193308432677780750e+00
5.757221708707037422e+00
5.433850747993753671e+00
5.620068994669437323e+00
6.014117587718891933e+00
6.603533430733854459e+00
7.020241084548922927e+00
5.946365652160618964e+00
5.023833920453447455e+00
4.394209737304332286e+00
4.781464781930907293e+00
5.078120755280914445e+00
5.656935464934084834e+00
6.162161776485901576e+00
6.640634664127672337e+00
6.099570095827150595e+00
4.650543490769279309e+00
4.257400986129220577e+00
3.908094602523816352e+00
3.905082256279284625e+00
3.826914117668331894e+00
4.406355757119363226e+00
4.487481055747432279e+00
4.617880270073322357e+00
5.779738215089169628e+00
5.334016924363444545e+00
5.385179137484317202e+00
4.081342125680643029e+00
4.473288999281696654e+00
3.631711411261614231e+00
3.036908320455151244e+00
2.556268724585233798e+00
2.218537026321336647e+00
2.342405218197309402e+00
2.303219332978984291e+00
2.991488948360133904e+00
3.747797262282835717e+00
4.203895847952887621e+00
2.979312728745049377e+00
3.191787188307521284e+00
3.332914784264942476e+00
3.136082416889873326e+00
2.935965391585722450e+00
3.043134108831632823e+00
2.480511047906964972e+00
3.075740473450598866e+00
3.142934455819211159e+00
3.853717502797189720e+00
4.820590546708530155e+00
4.447885744440165823e+00
3.443977458662995872e+00
2.953140283493322027e+00
4.051285150512885735e+00
3.921039990002945341e+00
2.630975827697336733e+00
2.817751633959232560e+00
2.934508277704502621e+00
2.816678712215817892e+00
2.957340406655065035e+00
3.328070896121262834e+00
4.269603298031090510e+00
4.834537405498108953e+00
6.827285306137357068e+00
8.005041769522762252e+00
1.256354919043242369e+01
7.363349456367711099e+00
6.061142749777984839e+00
6.871369610950034179e+00
3.722831264819365771e+00
3.946539902373708664e+00
2.176825096378188995e+00
2.608861898564808879e+00
2.596183920108996901e+00
1.868289493161616299e+00
2.349782361078560200e+00
2.489978428448000436e+00
2.921166202964740943e+00
3.076492665397616566e+00
2.866448702222126776e+00
2.965427260877786964e+00
4.324157480400508291e+00
3.869180014155065628e+00
4.909727324527982439e+00
6.186326047337787237e+00
7.845663086790515273e+00
5.604465612364498917e+00
4.031126817383613670e+00
2.948749341527893364e+00
2.258764736506010173e+00
3.271820286919002285e+00
2.387415389815593869e+00
2.315138959939528895e+00
2.759374412427396894e+00
1.699688871701734660e+00
1.364326026624852028e+00
1.810005560199764663e+00
1.642374403484081924e+00
1.699653754295227692e+00
1.619543982327124043e+00
1.734578641569032742e+00
1.127453655942328492e+00
1.214136746884084017e+00
3.712575795559807101e-01
3.158712677469854291e-01
4.275930873160219137e-01
5.558989804417900915e-01
2.446453042966816593e-01
3.002185666926108221e-01
3.084728759500690032e-01
3.005587191983112860e-01
4.496379869553259745e-01
3.883232492858931240e-01
3.884270776202684572e-01
2.064686804812167764e-01
2.060777604942708729e-01
2.431729814774461484e-01
2.261060088036581928e-01
2.298094440244302650e-01
2.806709997312552551e-01
3.184169545802340573e-01
3.765165553029443113e-01
4.584756920123406743e-01
4.192015926519687130e-01
4.325054314498080754e-01
4.603846762293457573e-01
6.948596864161022957e-01
3.668309145641168167e-01
4.274216522579452060e-01
3.095496849245172322e-01
3.169567765037677454e-01
3.036961117597991033e-01
3.433934432743529497e-01
3.338739266457342869e-01
4.832638210441050353e-01
5.802202746994928884e-01
8.143735790412169884e-01
9.217601459805682129e-01
1.045515609044703087e+00
1.379793633855230350e+00
1.084331199951407143e+00
2.195586347076674827e-01
1.777780586607723423e-01
2.254886079247538089e-01
2.037711095178759424e-01
1.771733203520967637e-01
1.731026203507773087e-01
1.552370805618864813e-01
1.661513213093199492e-01
1.681528957492342546e-01
2.146821393185040505e-01
1.386987450947490541e-01
1.464194312425919908e-01
1.204369205086707750e-01
1.216422216839963544e-01
1.383302745007921608e-01
1.691458379653262845e-01
1.812271883405527362e-01
1.818816062284574486e-01
2.158056507997839213e-01
2.020856286400631585e-01
1.726665540538834254e-01
1.770893947117991030e-01
1.497641049489153720e-01
1.596451091761636465e-01
1.714416070251671143e-01
1.415862122094124487e-01
1.638865786975141625e-01
1.854225507213778934e-01
1.937590360936413403e-01
2.534743878195354627e-01
2.752849422987365680e-01
3.664631814666923781e-01
5.009797989839274157e-01
3.299143413827595461e-01
3.142165728810414893e-01
1.984898569560050730e-01
1.567008517829245051e-01
1.527271335122537821e-01
1.216738650025749463e-01
1.243109912156345476e-01
1.266115578680785114e-01
1.269896927427349997e-01
1.549062609174044758e-01
1.280416551978286743e-01
1.036095648069265823e-01
9.968726309953902798e-02
8.900608811433824430e-02
9.496416592641350463e-02
8.733356113978382740e-02
8.311761311461969559e-02
7.967293903236116748e-02
8.010747813780424997e-02
8.120418918837893352e-02
7.861519315627228666e-02
7.732347375027458225e-02
7.889224340852982187e-02
8.047816470431158609e-02
7.980127410289353240e-02
7.766931793299258757e-02
7.649643164467773149e-02
7.701738049352596649e-02
7.573525053607195467e-02
7.514144074347518798e-02
7.277619317450077785e-02
7.313817135232755784e-02
7.398528845886752359e-02
7.210343630754856292e-02
7.280336515733661085e-02
7.233954033023967667e-02
7.209027214178999332e-02
6.996651627429970044e-02
7.085524617097564704e-02
7.126164093166965918e-02
7.256396699899192448e-02
7.307137019229148489e-02
7.105693321694241116e-02
7.239852058614459906e-02
7.343269841106266071e-02
7.610848667883510221e-02
7.276796684173997276e-02
7.126560524271825792e-02
7.364243568950698537e-02
7.285627455980625555e-02
7.380141309043024289e-02
7.276840784167203091e-02
7.011336229509024243e-02
7.049204979661508053e-02
6.971326618409239007e-02
6.833972933657329885e-02
6.931276310756633030e-02
6.884472997040230746e-02
7.014032210312777516e-02
6.901742210090057450e-02
6.978665186464033665e-02
6.966151650913311733e-02
6.798433756677729756e-02
6.776538940994254745e-02
6.791249505423581356e-02
6.900296818762467754e-02
6.961744863959802576e-02
6.936458617543277139e-02
7.023914194158099866e-02
7.013062438890738104e-02
7.131249109143698861e-02
7.068191406394287724e-02
7.050319667194832052e-02
7.153023946417318146e-02
7.354239532898138032e-02
7.568640216104832730e-02
6.922057986443860833e-02
7.061497608365231715e-02
6.949562934323114116e-02
6.893520132743320705e-02
6.914353619212454394e-02
6.623081027042275470e-02
6.591230310869712616e-02
6.582082570576133773e-02
6.672205459012073292e-02
6.664726431689385611e-02
6.555426818557300028e-02
6.554019253258978883e-02
6.540200481225010021e-02
6.479104650263069198e-02
6.513048417702890780e-02
6.504302901160102790e-02
6.543896638010891775e-02
6.685063271215833935e-02
6.621012971989739815e-02
6.615846594916673096e-02
6.512862499545497841e-02
6.537041973314344778e-02
6.553588450816964783e-02
6.549629308758088408e-02
6.483764140727156511e-02
6.475196223694305864e-02
6.477653994359716672e-02
6.470990408273973038e-02
6.459427088421222651e-02
6.414033940060444305e-02
6.407909573144893178e-02
6.427939258742947082e-02
6.474719692850175456e-02
6.418260622023842787e-02
6.383719198418710827e-02
6.382896921248588928e-02
6.404055709238791472e-02
6.427860685763922555e-02
6.409910820114149421e-02
6.407332605751750454e-02
6.443653329518118922e-02
6.422774117891151546e-02
6.462528893824086296e-02
6.551226490198709673e-02
6.653458937513638538e-02
6.807977701537254456e-02
6.689740489710599425e-02
6.727878885250876406e-02
6.718391923050064107e-02
6.857994858398760996e-02
6.728833932784220040e-02
6.620449791817448193e-02
6.449031006511066200e-02
6.472099911646200798e-02
6.514325834528614245e-02
6.510500291544045470e-02
6.395616007416879412e-02
6.398689699336093661e-02
