6.083875762809920928e+00
6.594169777536117216e+00
7.128151049494063862e+00
7.819087566960659430e+00
8.440397222639873576e+00
9.059030204136488962e+00
9.926631145430242498e+00
1.083903092803673296e+01
1.142456206760217974e+01
1.238563313628516305e+01
1.323741590069041507e+01
1.386431309802790146e+01
1.517221883662922011e+01
1.617869337602883917e+01
1.713103803361788735e+01
1.797223277725455404e+01
1.992684771651050113e+01
1.983865647017209710e+01
1.974717941189516424e+01
2.041028103243127134e+01
2.054699850510377956e+01
2.006165672351636786e+01
2.012861466424495305e+01
2.027766259349195010e+01
1.984031483302274523e+01
1.985291493544227137e+01
2.069416673864632727e+01
2.168619708960084580e+01
2.056027096428244860e+01
2.154857019382248140e+01
2.371902277817213900e+01
2.391624298854780406e+01
2.153425477355392204e+01
2.205730903705900303e+01
2.224211309562559791e+01
2.177464786074065017e+01
2.401866606823846695e+01
2.302085631417697797e+01
2.542517408269400647e+01
1.914709693420494574e+01
1.887254479608594693e+01
1.860703890785498515e+01
1.649826546866391297e+01
1.740452430291996322e+01
1.822399184757965784e+01
1.584358678620757921e+01
1.530796781348251656e+01
1.646834111109565413e+01
1.684746898152652506e+01
1.670622717991793138e+01
1.474436674431451699e+01
1.518532176747059204e+01
1.396627249967196782e+01
1.423586487314343785e+01
1.632858134923663940e+01
1.435254633459362594e+01
1.355498428467220329e+01
1.326939388298974443e+01
1.132382115940644596e+01
1.098241391578189763e+01
1.108887184368680323e+01
1.066716135141185084e+01
1.112716759522441734e+01
1.143015772887970805e+01
1.113529356815713456e+01
1.117537646564169762e+01
1.077701622420125815e+01
1.099025959489630999e+01
1.149842017441172004e+01
1.150010505472452138e+01
1.154109543962024276e+01
1.161910327159005263e+01
1.105886164540005900e+01
1.095937750655056497e+01
1.100770720445136241e+01
1.076807240070566252e+01
1.156321216593021717e+01
1.136014320390004961e+01
1.177039854102642735e+01
1.080911321549559645e+01
1.069214993902440725e+01
9.850775749669503867e+00
9.826971204447653818e+00
9.293148345199300664e+00
9.196824919258052233e+00
9.222751570840728164e+00
9.210058708974180774e+00
9.360756832403156480e+00
1.027161546737749376e+01
1.056707111407819610e+01
9.620364868410574033e+00
8.566210683428641559e+00
8.635357587210753749e+00
9.135996660944467607e+00
8.857546809284563949e+00
1.007853250142662027e+01
9.484222306433268912e+00
1.042840352709438534e+01
1.134715515159215293e+01
1.167971660055642324e+01
1.352994316204805259e+01
1.332964670305465305e+01
1.074800066761758011e+01
9.993631800031096191e+00
1.030351062663262240e+01
9.602919490801021141e+00
8.990380458700215627e+00
8.972205598199961329e+00
9.220237359393660626e+00
1.043179602176989462e+01
9.418854016182386601e+00
9.868896297882521651e+00
1.010238633338563830e+01
9.079439669151414094e+00
9.399024879498458773e+00
1.167548822256769547e+01
1.314044958198197044e+01
1.451818708661179258e+01
1.823996236054743036e+01
1.843817176710402350e+01
1.290292660093085608e+01
1.286787714570446006e+01
9.117068221549315510e+00
8.308333115038875505e+00
8.504626245997304324e+00
7.097059043865805883e+00
7.259221430396294750e+00
6.747185037652055684e+00
6.594312623227140513e+00
6.810345846832494665e+00
6.489034688680025198e+00
6.267985223732382316e+00
6.523969781641506316e+00
5.938847129643972877e+00
5.782990545322507003e+00
5.284885290296014837e+00
5.138763698487239573e+00
5.295271711110035362e+00
5.013350191244868803e+00
5.290121440120297613e+00
5.189271471124730084e+00
5.654334978234810904e+00
6.080945536542225582e+00
5.696634285260546271e+00
5.487294242940458311e+00
5.243783959667706718e+00
5.221212974121980821e+00
4.936419292859723029e+00
4.482522875632436232e+00
4.534558041045395171e+00
4.417713794803391103e+00
4.472103554229027722e+00
4.092930509058449573e+00
4.090393863967362265e+00
4.263174817426363283e+00
4.545787237563756022e+00
4.669559419353574548e+00
4.630873809013269948e+00
4.837192444319139639e+00
4.568625276847606109e+00
4.400499018007042018e+00
4.334887784623964180e+00
3.870733670426003137e+00
3.959392932838048385e+00
4.038805663763333165e+00
4.201804287691839335e+00
4.206329656464235178e+00
4.359950465212754089e+00
4.379679084124544097e+00
4.416732582919835615e+00
4.271528966548810757e+00
4.802006528744446889e+00
5.230297846900462844e+00
5.351288211984039478e+00
5.328866579129827308e+00
5.650895411238026966e+00
5.500685311241568343e+00
4.313151981652170619e+00
4.492761842023982766e+00
4.363132250378560784e+00
4.267541511045814140e+00
4.344618507707339816e+00
4.299628260373010491e+00
4.484276208943996700e+00
4.506192505929733194e+00
4.496053044838222768e+00
4.715042432836123787e+00
4.380976140040561795e+00
4.031820025094463134e+00
4.035617716940238076e+00
3.878910186184842512e+00
3.981661300137756765e+00
4.058146653345699129e+00
4.079430576029775324e+00
4.150615757432142061e+00
4.267155002957681020e+00
4.376275067862914980e+00
4.242583727555348183e+00
4.211778668837179218e+00
4.157823467024771347e+00
3.998556527571992980e+00
4.090599644139153668e+00
3.990917554337072737e+00
4.024167398682427788e+00
3.808946762155222210e+00
3.930752316956670267e+00
3.951303108926838448e+00
3.787960044428528850e+00
3.922406307346142373e+00
4.118005117680180405e+00
4.309815602391632083e+00
4.233189863979907486e+00
4.127217804901261999e+00
4.094341560712771333e+00
4.077225349508237784e+00
4.126026741850479240e+00
3.923692687971517490e+00
4.234378258516864335e+00
4.065602236714952689e+00
3.937880397944248045e+00
4.006905248297446320e+00
4.002562726586337938e+00
3.908938909627416969e+00
3.927248422705230002e+00
3.576633895199115010e+00
3.596979240796753352e+00
3.631903935875560041e+00
3.860625995609784589e+00
3.553436792012917067e+00
3.605040119267976184e+00
3.338226665436078822e+00
3.213564336025982904e+00
3.154352654702857528e+00
3.156829018313386026e+00
3.190630786221894333e+00
3.023292607029398837e+00
3.062171665761682426e+00
3.098862454635054497e+00
3.066955432477713739e+00
3.111075675265115859e+00
3.097012307277696941e+00
3.297552786402624836e+00
3.154263473598062806e+00
3.174081190504238315e+00
3.241928944796990120e+00
3.376924033396651925e+00
3.425723409985870660e+00
3.059011413497907395e+00
2.949496030946756608e+00
3.015340900274437796e+00
3.182170538338393584e+00
3.362713450439632989e+00
3.839027718884716389e+00
4.313313302116846160e+00
5.195728140970500952e+00
6.748040663015807183e+00
6.881206485476931256e+00
7.143365418964358504e+00
3.466617674890829282e+00
3.311714292733606069e+00
3.499027987267197215e+00
3.476898904786047684e+00
3.357190885987817008e+00
3.455471592137870918e+00
3.109531892367523032e+00
3.250820035645064277e+00
3.382705550919335558e+00
3.307450482007486592e+00
3.644332917381303716e+00
4.475247553599181138e+00
3.999216147204563754e+00
3.719698095254601711e+00
3.203819294152322694e+00
3.484730488929314252e+00
3.592091185374973072e+00
4.457322594892636047e+00
3.933150454257706929e+00
3.695297526846134328e+00
3.788436925728410731e+00
3.811194000859324582e+00
3.755435945974384015e+00
4.139262187021463646e+00
3.599358722327441473e+00
3.324411995898028938e+00
3.348758680158508305e+00
3.134814254380763998e+00
2.977105379399273666e+00
2.661014116963584364e+00
2.704335273118373184e+00
2.683157571685134801e+00
2.552371792308384624e+00
2.639599050644270584e+00
2.771634169239015844e+00
2.651915894997965317e+00
2.588703779291075868e+00
2.601418972882350911e+00
2.490490278936496882e+00
2.483175868820352683e+00
2.679635370135873718e+00
2.407231079170289334e+00
2.335189496235643869e+00
2.315384643161417344e+00
2.396333229165963807e+00
2.317364385275425764e+00
2.328941331403068471e+00
2.310652404678279925e+00
2.151946301750922164e+00
2.260416266879923697e+00
2.253461366386630083e+00
2.251776795576094781e+00
2.193571678296802219e+00
2.216177740019087850e+00
2.144293073719399256e+00
2.195634262334673625e+00
2.286076292204030747e+00
2.140958449463726598e+00
2.139145886247708184e+00
1.987485927283061393e+00
1.954069995242126101e+00
2.057746909315378403e+00
2.120152718878839604e+00
2.181464252973146500e+00
2.333437124757236969e+00
2.227010126137769497e+00
1.967263489681688959e+00
2.032706829217203470e+00
2.122220380240242843e+00
2.244236111089688901e+00
2.211601036858865221e+00
2.255854685145402883e+00
2.191086964875761822e+00
2.166048773085458290e+00
2.117463882267777819e+00
2.079104117988250788e+00
2.011149569384298008e+00
2.091647207133831454e+00
2.031332865415591993e+00
1.997225717422653757e+00
1.992418801278147855e+00
1.973332666603308638e+00
1.994363882783525721e+00
1.984498061048325379e+00
1.987106886116034810e+00
2.087653326414099730e+00
2.205275704099232570e+00
2.077960598528970859e+00
2.079018120802120340e+00
2.064798129356894663e+00
2.072433396260099592e+00
2.094374457042604387e+00
2.066301465327151199e+00
2.185919080763102595e+00
2.208269875244807778e+00
2.375286656198374757e+00
2.248147192699313734e+00
2.314499544210550930e+00
2.469672427916056012e+00
2.304910166532765370e+00
2.418327911999820667e+00
2.280901610810790903e+00
2.042820611750856941e+00
2.019888339971182667e+00
1.994104924902441400e+00
2.043889183141009092e+00
1.970803380899810664e+00
2.068653877285835829e+00
2.099699026374211908e+00
2.033125967976494586e+00
2.042668230010662445e+00
1.865779208557825530e+00
1.804068976901909149e+00
1.763958817739761820e+00
1.756929229896722955e+00
1.744981413169958140e+00
1.753885144687964859e+00
1.798898615112525023e+00
1.824717043965307761e+00
1.874488514629164548e+00
1.952283652901921185e+00
1.878221906578306122e+00
1.873695557458154859e+00
1.811972644625107209e+00
1.764101762334634227e+00
1.771211751739975249e+00
1.754993540440267230e+00
1.740897039839848226e+00
1.765378468388060895e+00
1.744207543954097606e+00
1.778416219025821920e+00
1.749822822442351988e+00
1.778162769100083640e+00
1.757925855536172977e+00
1.756721196070711422e+00
1.777325570418749612e+00
1.757079717999822988e+00
1.796611799266408571e+00
1.817837398186051834e+00
1.859733770663072772e+00
1.857827457921119141e+00
1.871449408337978237e+00
2.087164236203460810e+00
2.059118315426215151e+00
2.045829930610755909e+00
2.105519850994796105e+00
2.446571960032293713e+00
2.165736766991331663e+00
2.122908332228075956e+00
2.280011899413511678e+00
1.945813627629943365e+00
2.066727290210484291e+00
2.001547809636599951e+00
1.813724292487011613e+00
1.761131205533214450e+00
1.811633488556803950e+00
1.854422400124801307e+00
1.813700019711990796e+00
1.840704231008724046e+00
1.786144870660135053e+00
1.764943869128863252e+00
1.812070275206244752e+00
1.768044535732384404e+00
1.762129535115017687e+00
1.774692157878157595e+00
1.803969953339426890e+00
1.771181723112754902e+00
1.618297834675353597e+00
1.640130283568744129e+00
1.654133506154942035e+00
1.631530042996765628e+00
1.632087433087126227e+00
1.628326640701396766e+00
1.644011026834200528e+00
1.666032687824323455e+00
1.680076452486371608e+00
1.716073858784422423e+00
1.654534105673918454e+00
1.655874345924048363e+00
1.680050262625318647e+00
1.718363153674490329e+00
1.645608602914585772e+00
1.689797517640956759e+00
1.743436082257932895e+00
1.868699977572624737e+00
1.704388894633119822e+00
1.654305955317023846e+00
1.654491877415071421e+00
1.625218143812967142e+00
1.605983126551138396e+00
1.633592322335321478e+00
1.606121544951098823e+00
1.615042781850974274e+00
1.604234870760603116e+00
1.632661221425082632e+00
1.569030744531659805e+00
1.557010807008426090e+00
1.545863651389604465e+00
1.553246218214633823e+00
1.560529292780642230e+00
1.561963312082073063e+00
1.555399771680586962e+00
1.576825530755063820e+00
1.588077826761898015e+00
1.633339952012497598e+00
1.589358636650400891e+00
1.596616077654611665e+00
1.599697409891645661e+00
1.580403897226814403e+00
1.591693662362924533e+00
1.599091419553199556e+00
1.591827959544373616e+00
1.617880679055966775e+00
1.593636305504154249e+00
1.588165394709190048e+00
1.565383424062326334e+00
1.576484598313462770e+00
1.561065104082216326e+00
1.570515247634411526e+00
1.585184935536708473e+00
1.585914085406487706e+00
1.571848278226081419e+00
1.570567095169353777e+00
1.600027987139797325e+00
1.616952940912361969e+00
1.591526200397382462e+00
1.598992724450254643e+00
1.586765264342276271e+00
1.604695044775764412e+00
1.568176574827543801e+00
1.582783668629170526e+00
1.572151711759402382e+00
1.582614811684659450e+00
1.591528878648331924e+00
1.576315955511613520e+00
1.567076289277505197e+00
1.561405413308404322e+00
1.559946307514886055e+00
1.552840483405208749e+00
1.557594861569554068e+00
1.563126844918242053e+00
1.561673806859476432e+00
1.561830438936389065e+00
1.574235224907021724e+00
1.567424184526234221e+00
1.556728561831851598e+00
1.568254689086755249e+00
1.568140584786055225e+00
1.563046501007442579e+00
1.569215568532829952e+00
1.562365833729163045e+00
1.576592250430618236e+00
1.586638096886560545e+00
1.581993171222744632e+00
1.582516758274014945e+00
1.573144752889789499e+00
1.551321085077661976e+00
1.553385391499556123e+00
1.560140167022308066e+00
1.577043106746482515e+00
1.575151365704076101e+00
1.574182263402807314e+00
1.578337901521385422e+00
1.593579733933519593e+00
1.606268069566647583e+00
1.599944064005795363e+00
1.612820587341141643e+00
1.600628050654270274e+00
1.575806589795526458e+00
1.571271250347279214e+00
1.558032959689066965e+00
1.539341870435152249e+00
1.539111076675902856e+00
1.542478240290649394e+00
1.544135954392351850e+00
1.539819538078696759e+00
1.544317183775481217e+00
1.547860332426113539e+00
1.542891675980471389e+00
1.538695667721605709e+00
1.541010523474692917e+00
1.541990078119226837e+00
1.534261692911870423e+00
1.540992977108295525e+00
1.540769929370115809e+00
1.544616331071022586e+00
1.554062060209995710e+00
1.555841218882824784e+00
1.584116681379700742e+00
1.581807156509601242e+00
1.576105547710123345e+00
1.578566697791529805e+00
1.556203551696508480e+00
1.574510629392306127e+00
1.578251223570675377e+00
1.570918100724078892e+00
1.576181586168377224e+00
1.573199148474189402e+00
1.591121166877194293e+00
1.613130767393109677e+00
1.611343021303412115e+00
1.554042706063996304e+00
1.557226569357974322e+00
1.555324357693792292e+00
1.545708481711506543e+00
1.565380566159475517e+00
1.535415769516563333e+00
1.547828179871622689e+00
1.534411656100674648e+00
1.537665919551061799e+00
1.545797534352101987e+00
1.531063731763523617e+00
1.527538935699275013e+00
1.525458752314079902e+00
1.526313326160570361e+00
1.530617620994196404e+00
1.538217322295999390e+00
1.533649980038822358e+00
1.528936104744441415e+00
1.531979089031266339e+00
1.531339393973677909e+00
1.526093163751342630e+00
1.531601025767768576e+00
1.527964567326534295e+00
1.533551220421386141e+00
1.529642199460082397e+00
1.530665327781309371e+00
1.527969562142475368e+00
1.525713600443025841e+00
1.526491057057358214e+00
1.524389179424574747e+00
1.523828897991303499e+00
1.526531910453677865e+00
1.525774811299634104e+00
1.521268956468557088e+00
1.518855332115157886e+00
1.518264035032641068e+00
1.517472396727851391e+00
1.518014084454422763e+00
1.517896775063651171e+00
1.516903106135928381e+00
1.516930218241870021e+00
1.517381780402978553e+00
1.518201998232969530e+00
1.520168297713025751e+00
1.522103326157287162e+00
1.521805280395574389e+00
1.520479602117356333e+00
1.522297506934845224e+00
1.525549902744573139e+00
1.523625768626656773e+00
1.524967842426357523e+00
1.522780358770942088e+00
1.521891264140060152e+00
1.524954148582948754e+00
1.526532657458952835e+00
1.532087507114660685e+00
1.530461549673752586e+00
1.534251082782954301e+00
1.541629488979350260e+00
1.542650130252932295e+00
1.539434639855944198e+00
1.530672634817004552e+00
1.532156691479574340e+00
1.540515547659504936e+00
1.547661320415886665e+00
1.555452265802480083e+00
1.565021694129181240e+00
1.595672461263616837e+00
1.634215499968237895e+00
1.696033880924282089e+00
1.727796136961487372e+00
1.617296894242034044e+00
1.598160465097652860e+00
1.580234196686621573e+00
1.534791668559223998e+00
1.534147549204734728e+00
1.543970615022055570e+00
1.545324939995241564e+00
1.542389774318468243e+00
1.545775718460056458e+00
1.543588709306571216e+00
1.539888571119803373e+00
1.542964399846072476e+00
1.538458139763465127e+00
1.537847770025514205e+00
1.535223639074296376e+00
1.532923241141538773e+00
1.541787385947230193e+00
1.545707150708320210e+00
1.542982369213505400e+00
1.539668830886545159e+00
1.541380296918724913e+00
1.534553288747731559e+00
1.534259067501114737e+00
1.530049082386408354e+00
1.535951096285682604e+00
1.544424771894037818e+00
1.537147747983548474e+00
1.543905945863192741e+00
1.542381301119562398e+00
1.553042645961674628e+00
1.558643150749376316e+00
1.566095171378996342e+00
1.560612592247768493e+00
1.541775164423281330e+00
1.565244684677279619e+00
1.566781763292437679e+00
1.617238915164000757e+00
1.610034137788461051e+00
1.611690573492463807e+00
1.598478858082096332e+00
1.552481397527783358e+00
1.544021033904261486e+00
1.565904209160299487e+00
1.564306780294342447e+00
1.559754233830187520e+00
1.566863530756551937e+00
1.556617384787667202e+00
1.562817671244467022e+00
1.535532838680881973e+00
1.539155414063809957e+00
1.563898029310562876e+00
1.565547307297217694e+00
1.558385846937038410e+00
1.572473464169787283e+00
1.571988021597724217e+00
1.601248653664005817e+00
1.587309120812447460e+00
1.634067580700205191e+00
1.564253292353563030e+00
1.579936258150486550e+00
1.544766594219436628e+00
1.526638132599450026e+00
1.520015444047432496e+00
1.520528417519270814e+00
1.527846951294993039e+00
1.518473045257057619e+00
1.518244306690905931e+00
1.512817751129431620e+00
1.516116779866702347e+00
1.514781148927943910e+00
1.515450622577537265e+00
1.511912731866805082e+00
1.510350976343391327e+00
1.510313446661101233e+00
1.508477624436562525e+00
1.508472175900769541e+00
1.508594573018619656e+00
1.507808913818523333e+00
1.508017606751699491e+00
1.508388950333493295e+00
1.508062085982439404e+00
1.507943930078423422e+00
1.507511983462964222e+00
1.507813639307646891e+00
1.508506750442201172e+00
1.509320435917929970e+00
1.508110251400478274e+00
1.507414754689696323e+00
1.508000980116455780e+00
1.506674124003310133e+00
1.506586295208679260e+00
1.505845204863388131e+00
1.506083183167081119e+00
1.506374369323469020e+00
1.506992676718811763e+00
1.507407257982273707e+00
1.508577806635782448e+00
1.510467836094459892e+00
1.510634588841218928e+00
1.509974237320523605e+00
1.510240882599496848e+00
1.507728942771791036e+00
1.507558937763924023e+00
1.507862477821695579e+00
1.507871809594307555e+00
1.507980834183663355e+00
1.508013869094258164e+00
1.508713835943134685e+00
1.508558761942813575e+00
1.509437810706341310e+00
1.509546399872154554e+00
1.508759090883675436e+00
1.509247712488833271e+00
1.510028830000075706e+00
1.510937081895606937e+00
1.509644794939319690e+00
1.509282059993124259e+00
1.509733337744657566e+00
1.509784725001485084e+00
1.509576829831524636e+00
1.509686393205569299e+00
1.510070548326343909e+00
1.511565123621914086e+00
1.510859058449161463e+00
1.511244876123572167e+00
1.512428801413488122e+00
1.516668910081270694e+00
1.519250085255295257e+00
1.511571753472038537e+00
1.512661354335420150e+00
1.514788332724836373e+00
1.517992006315113773e+00
1.522392340954325185e+00
1.541007148443506169e+00
1.537565711749686592e+00
1.525806865882692209e+00
1.535630749689638863e+00
1.537930705339166204e+00
1.528071033519956767e+00
1.526958531362538452e+00
1.531809979670027966e+00
1.527140249645305925e+00
1.526916146413852315e+00
1.553312621297230134e+00
1.538993950511412079e+00
1.512094637953373955e+00
1.509594530646906518e+00
1.509250244315057499e+00
1.509454417433405915e+00
1.508858719764583745e+00
1.508844749726109491e+00
1.508925286654569264e+00
1.509021900252833781e+00
1.509476043823968494e+00
1.510053287482637341e+00
1.511934829584036022e+00
1.510764640495976474e+00
1.509914344419770682e+00
1.510198499473793587e+00
1.509608404611751054e+00
1.510164391560412156e+00
1.510587730426457220e+00
1.511259318688209730e+00
1.511814719421411324e+00
1.514842743343663312e+00
1.514126253628205410e+00
1.512618141305256847e+00
1.509381084813983254e+00
1.509221974705760028e+00
1.509178152081056545e+00
1.509549766213001742e+00
1.509671119415434637e+00
1.509667271275497269e+00
1.509331398338211949e+00
1.509571458217928264e+00
1.509725831736572266e+00
1.510206236086837572e+00
1.510958315203444702e+00
1.513346140796081540e+00
1.516020436947565386e+00
1.512458618214103323e+00
1.514079130673707363e+00
1.510405327435797584e+00
1.510449966836034719e+00
1.510674860716162637e+00
1.510137316564514220e+00
1.510997762947460465e+00
1.510544467795392753e+00
1.510333156878014060e+00
1.510996925052749740e+00
1.510300951812727277e+00
1.509933906280984672e+00
1.509656760991222146e+00
1.509659964031284662e+00
1.509860540314479582e+00
1.509791227330090857e+00
1.510027877239907834e+00
1.510145297648898488e+00
1.510315542990891657e+00
1.511147012814418655e+00
1.511430698594176780e+00
1.511219934659953079e+00
1.510793851946195199e+00
1.510869698330414845e+00
1.510874651321473250e+00
1.511060552983669369e+00
1.511038474950512356e+00
1.512309744348826479e+00
1.514568872459295390e+00
1.515530112392875273e+00
1.514384272942673082e+00
1.512039429255345180e+00
1.512372662003250934e+00
1.512736625117230060e+00
1.511423763724476954e+00
1.509914917359070463e+00
1.510797272364849508e+00
1.512349353274173636e+00
1.513695816013378881e+00
1.512787217041488219e+00
1.514368881838945580e+00
1.513343676782356928e+00
1.515544789883256360e+00
1.514584967858666253e+00
1.515312941430519977e+00
1.514556097778921639e+00
1.514804333115053581e+00
1.514009883677901236e+00
1.517365152649265303e+00
1.519034898278936563e+00
1.515344616364561192e+00
1.510704420719499952e+00
1.511421479267209600e+00
1.511735293352810094e+00
1.511756014028596162e+00
1.511923966776241191e+00
1.512282929737019055e+00
1.511155400214700295e+00
1.510814034869641720e+00
1.511679132444521789e+00
1.512950470648492862e+00
1.514542510525539010e+00
1.513631914343730456e+00
1.510957533330087310e+00
1.513991060597692284e+00
1.512480360504025567e+00
1.515676314284878146e+00
1.514756582274119356e+00
1.510615329496634018e+00
1.513215144727378503e+00
1.511644209147293250e+00
1.512217388189266876e+00
1.513337098112119472e+00
1.512122767273031521e+00
1.509516126393465552e+00
1.511901243540253681e+00
1.512113556653210011e+00
1.511197639182537245e+00
1.513769163660214856e+00
1.512510300201095337e+00
1.511021002610771546e+00
1.510880487316177190e+00
1.511522691812974273e+00
1.511052240772015498e+00
1.514346282095660801e+00
1.511894707200639232e+00
1.508660743631883516e+00
1.508599204678167549e+00
1.508016845554926544e+00
1.508206032277292330e+00
1.508104906662991462e+00
1.508121322505911577e+00
1.508259740872845533e+00
1.508227906214834713e+00
1.508313243197218156e+00
1.508439553593742932e+00
1.508073814199352380e+00
1.508604948119059319e+00
1.507968784176257016e+00
1.507917614710535537e+00
1.507889694131944402e+00
1.507923457340362816e+00
1.507942388559740721e+00
1.507901074035313371e+00
1.507902902957170221e+00
1.508117599293836930e+00
1.507984803197940149e+00
1.508100888333051337e+00
1.508052050874313155e+00
1.508076992115500170e+00
1.507838564071042997e+00
1.507746691179294496e+00
1.507816841132424424e+00
1.507811483668075381e+00
1.508042570365110580e+00
1.508243215917959068e+00
1.508193498853687142e+00
1.508491002773344913e+00
1.508556289400763140e+00
1.508161959404801022e+00
1.508649234508523174e+00
1.509197960303134467e+00
1.509278727581091051e+00
1.509468930430721834e+00
1.509394481684473099e+00
1.511674030272674552e+00
1.512030455136083917e+00
1.512909312678516915e+00
1.510820100311941694e+00
1.511796311842874108e+00
1.508661946079784988e+00
1.508607734440135184e+00
1.507743048189763124e+00
1.508131137462849436e+00
1.508273768053065789e+00
1.508168818745951212e+00
1.508177372386462656e+00
1.508311711960641732e+00
1.508347377956488211e+00
1.508797722445359701e+00
1.508077095784808641e+00
1.508074943717856664e+00
1.508080962796607860e+00
1.507977040931287815e+00
1.507941016874172702e+00
1.507911301004137172e+00
1.507890195998395466e+00
1.507925476218084926e+00
1.508022695061182361e+00
1.508105312397452824e+00
1.507988170315662346e+00
1.508146551521093004e+00
1.508137118189772474e+00
1.508147811653971937e+00
1.507995757673288084e+00
1.507994950604554019e+00
1.508092454022092133e+00
1.508146752689836889e+00
1.508191302064568751e+00
1.508163348350277211e+00
1.507947195760988013e+00
1.507897332245322630e+00
1.507954650368958482e+00
1.508093989491378295e+00
1.508074273070937776e+00
1.508158090391992223e+00
1.508184274542342385e+00
1.508207012010922998e+00
1.508210661503980310e+00
1.508355629782631047e+00
1.508729933787965605e+00
1.508124270968697500e+00
1.508141752451111817e+00
1.508178092097644418e+00
1.508187665763952579e+00
1.508360782205498740e+00
1.508314313541002871e+00
1.508208986969708398e+00
1.508119399342276790e+00
1.508094236284695411e+00
1.508079411525247826e+00
1.508106810723159441e+00
1.508100837685757201e+00
1.508193899353306833e+00
1.508262978003912957e+00
1.508203471280003649e+00
1.508350666598307299e+00
1.508289929849703226e+00
1.508369450011225021e+00
1.509046144438158654e+00
