5.143473040129544316e+00
5.143473040129544316e+00
5.246099149825479202e+00
5.246099149825479202e+00
5.246099149825479202e+00
5.668704164393445488e+00
5.414967417932102123e+00
5.414967417932102123e+00
5.567926841922549386e+00
5.567926841922549386e+00
5.567926841922549386e+00
5.567926841922549386e+00
5.468105327781002778e+00
5.468105327781002778e+00
5.468105327781002778e+00
5.468105327781002778e+00
5.468105327781002778e+00
5.435145005111564842e+00
5.345530655469157288e+00
5.345530655469157288e+00
5.462743241203382283e+00
5.462743241203382283e+00
5.159619089742012221e+00
5.159619089742012221e+00
5.325856958845203160e+00
5.027153321513124773e+00
5.027153321513124773e+00
4.915183548946060021e+00
4.915183548946060021e+00
4.915183548946060021e+00
4.875412796254658510e+00
4.875412796254658510e+00
4.875412796254658510e+00
4.875412796254658510e+00
4.875412796254658510e+00
4.810942095586424827e+00
4.835289696740828980e+00
4.835289696740828980e+00
4.667170378265100616e+00
4.667170378265100616e+00
4.667170378265100616e+00
4.710101479827969229e+00
4.584657268800040875e+00
4.584657268800040875e+00
4.452130116424866557e+00
4.390456161060042994e+00
4.390456161060042994e+00
4.343907475353610437e+00
4.343907475353610437e+00
4.372181648483778105e+00
4.372181648483778105e+00
4.372181648483778105e+00
4.259773074674025217e+00
4.259773074674025217e+00
4.173180157095495169e+00
3.934644317931783597e+00
3.934644317931783597e+00
3.934644317931783597e+00
3.934644317931783597e+00
3.964822685423126547e+00
3.964822685423126547e+00
3.766572556642763470e+00
3.766572556642763470e+00
3.766572556642763470e+00
3.766572556642763470e+00
3.855936102585846736e+00
3.855936102585846736e+00
3.712567073593588951e+00
3.672385222600285548e+00
3.672385222600285548e+00
3.672385222600285548e+00
3.719904763797222458e+00
3.627124588938852590e+00
3.627124588938852590e+00
3.627124588938852590e+00
3.688377380340751799e+00
3.688377380340751799e+00
3.653091344146239816e+00
3.556414424428637311e+00
3.556414424428637311e+00
3.556414424428637311e+00
3.483643272394047585e+00
3.616370809773107542e+00
3.485888041945674143e+00
3.485888041945674143e+00
3.333685108239801131e+00
3.333685108239801131e+00
3.231008548144795434e+00
3.231008548144795434e+00
3.188767245642928572e+00
3.188767245642928572e+00
3.188767245642928572e+00
3.188767245642928572e+00
3.117607635217949813e+00
3.113653578054354831e+00
3.077737400650935040e+00
3.077737400650935040e+00
3.046194826858482418e+00
3.046194826858482418e+00
3.046194826858482418e+00
3.046194826858482418e+00
3.046194826858482418e+00
3.151770649237809252e+00
3.151770649237809252e+00
3.151770649237809252e+00
3.151770649237809252e+00
3.182909988002263546e+00
3.024273026306042667e+00
3.024273026306042667e+00
2.945100107500675968e+00
2.822593974254547167e+00
2.822593974254547167e+00
2.822593974254547167e+00
2.897987233194832868e+00
2.808183683072249082e+00
2.830991498577771104e+00
2.830991498577771104e+00
2.781432915267009864e+00
2.793971883693673774e+00
2.793971883693673774e+00
2.793971883693673774e+00
2.770046610007987908e+00
2.726709920082686534e+00
2.726709920082686534e+00
2.726709920082686534e+00
2.726709920082686534e+00
2.726709920082686534e+00
2.757236425763641474e+00
2.642666114923305276e+00
2.640525301249513568e+00
2.621613056579355838e+00
2.621613056579355838e+00
2.576213052359226374e+00
2.576213052359226374e+00
2.576213052359226374e+00
2.576213052359226374e+00
2.576213052359226374e+00
2.557668223082417924e+00
2.557668223082417924e+00
2.571368782898375116e+00
2.540874607452941802e+00
2.540874607452941802e+00
2.540874607452941802e+00
2.576335743762467878e+00
2.576335743762467878e+00
2.590238271310270957e+00
2.534421766582506397e+00
2.534421766582506397e+00
2.534421766582506397e+00
2.501772248384507957e+00
2.501772248384507957e+00
2.501772248384507957e+00
2.501772248384507957e+00
2.501772248384507957e+00
2.508248599410418223e+00
2.456618131885180745e+00
2.456618131885180745e+00
2.456618131885180745e+00
2.453810222544605679e+00
2.453810222544605679e+00
2.509793066936786055e+00
2.468064523474942984e+00
2.468064523474942984e+00
2.468064523474942984e+00
2.468064523474942984e+00
2.432694088116448938e+00
2.432694088116448938e+00
2.432694088116448938e+00
2.432694088116448938e+00
2.454571106792325708e+00
2.454571106792325708e+00
2.398248586988879882e+00
2.417392247587839993e+00
2.210030712888082949e+00
2.212682098710713419e+00
2.212682098710713419e+00
2.212682098710713419e+00
2.206401014720275722e+00
2.178982990899337224e+00
2.082325958808958433e+00
2.082325958808958433e+00
2.007092389787034747e+00
2.007092389787034747e+00
2.007092389787034747e+00
2.009694488403570123e+00
1.975858950819756599e+00
1.839939157194346642e+00
1.909401429838737618e+00
1.909401429838737618e+00
1.909401429838737618e+00
1.909401429838737618e+00
1.791256632385276548e+00
1.791256632385276548e+00
1.778189269642717729e+00
1.840116994900491409e+00
1.799414625906545551e+00
1.799414625906545551e+00
1.799414625906545551e+00
1.762794193993360903e+00
1.792624468235064050e+00
1.619521925237135340e+00
1.842504224831292170e+00
1.842504224831292170e+00
1.842504224831292170e+00
1.829248848900064228e+00
1.562463725467414299e+00
1.562463725467414299e+00
1.778705799232720652e+00
1.766067997757090557e+00
1.766067997757090557e+00
1.766067997757090557e+00
1.766067997757090557e+00
1.684705236068207768e+00
1.684705236068207768e+00
1.710807947459427769e+00
1.710807947459427769e+00
1.710807947459427769e+00
1.716832558513590401e+00
1.704426398474541804e+00
1.704426398474541804e+00
1.704426398474541804e+00
1.654497480001662746e+00
1.647484651717008308e+00
1.647484651717008308e+00
1.647484651717008308e+00
1.561776295063245668e+00
1.574286711919556714e+00
1.574286711919556714e+00
1.574286711919556714e+00
1.574286711919556714e+00
1.518691012109129046e+00
1.518691012109129046e+00
1.518214990201123049e+00
1.602260713043544449e+00
1.602260713043544449e+00
1.602260713043544449e+00
1.580444204359487959e+00
1.510568883283902819e+00
1.510568883283902819e+00
1.543288915899553082e+00
1.543288915899553082e+00
1.543288915899553082e+00
1.543288915899553082e+00
1.504508285142446722e+00
1.504508285142446722e+00
1.556953399089798573e+00
1.552952593793820446e+00
1.552952593793820446e+00
1.443374167195351054e+00
1.443374167195351054e+00
1.443374167195351054e+00
1.443374167195351054e+00
1.493122665551327888e+00
1.559956193832478410e+00
1.503639585309997306e+00
1.557970247124684127e+00
1.557970247124684127e+00
1.485804498052359923e+00
1.552954541845689596e+00
1.552954541845689596e+00
1.552954541845689596e+00
1.552954541845689596e+00
1.521742896351897967e+00
1.521742896351897967e+00
1.521742896351897967e+00
1.514595960843401201e+00
1.535778711280982201e+00
1.486745801871359518e+00
1.491531850989931351e+00
1.491531850989931351e+00
1.587686847397835610e+00
1.521244921256751592e+00
1.500991775399915573e+00
1.500991775399915573e+00
1.500991775399915573e+00
1.500991775399915573e+00
1.500991775399915573e+00
1.517575729225045356e+00
1.517575729225045356e+00
1.517575729225045356e+00
1.517575729225045356e+00
1.517575729225045356e+00
1.498139007280543389e+00
1.498096055809767568e+00
1.513908611484571454e+00
1.485104626180250298e+00
1.502482069989479863e+00
1.502482069989479863e+00
1.502482069989479863e+00
1.489080020991107478e+00
1.515446121834584270e+00
1.515446121834584270e+00
1.513857075629222226e+00
1.513857075629222226e+00
1.508338214558982315e+00
1.508338214558982315e+00
1.494940697703566634e+00
1.494940697703566634e+00
1.494940697703566634e+00
1.483820522580944212e+00
1.483820522580944212e+00
1.483820522580944212e+00
1.485872565647298638e+00
1.485872565647298638e+00
1.485872565647298638e+00
1.501494308693235302e+00
1.501494308693235302e+00
1.488859228522538158e+00
1.488859228522538158e+00
1.488859228522538158e+00
1.488859228522538158e+00
1.488017788381654549e+00
1.493026243387319152e+00
1.496125800611509904e+00
1.496125800611509904e+00
1.481784225628691720e+00
1.481784225628691720e+00
1.481784225628691720e+00
1.498281297333991180e+00
1.498281297333991180e+00
1.498281297333991180e+00
1.498281297333991180e+00
1.484761583038398891e+00
1.484761583038398891e+00
1.484761583038398891e+00
1.476286660636014547e+00
1.476286660636014547e+00
1.505297116354038067e+00
1.595883409947709719e+00
1.552893823024189324e+00
1.552893823024189324e+00
1.552893823024189324e+00
1.556429698882626944e+00
1.535797330918385217e+00
1.535797330918385217e+00
1.566301368742524902e+00
1.566301368742524902e+00
1.564189048956100558e+00
1.564391023175855544e+00
1.558348767857242967e+00
1.560025162611184291e+00
1.556402718916616301e+00
1.556402718916616301e+00
1.556402718916616301e+00
1.470934531412883439e+00
1.548880126646676070e+00
1.549209036583296673e+00
1.549209036583296673e+00
1.548672963786266399e+00
1.548672963786266399e+00
1.542731453194941649e+00
1.542731453194941649e+00
1.542731453194941649e+00
1.536317298709245049e+00
1.536317298709245049e+00
1.536317298709245049e+00
1.536317298709245049e+00
1.541570035393209359e+00
1.548146581985309522e+00
1.541532035851173266e+00
1.542012552216448951e+00
1.537726351692458193e+00
1.537726351692458193e+00
1.537726351692458193e+00
1.537726351692458193e+00
1.537726351692458193e+00
1.537726351692458193e+00
1.539283519523284793e+00
1.538392635309195233e+00
1.538430238352508361e+00
1.538430238352508361e+00
1.536295528465019489e+00
1.537764461435454866e+00
1.537764461435454866e+00
1.528456884711290265e+00
1.536209171713286636e+00
1.536209171713286636e+00
1.530544602524688269e+00
1.531181273946930155e+00
1.528233048250346782e+00
1.528233048250346782e+00
1.528233048250346782e+00
1.528233048250346782e+00
1.531290682892442190e+00
1.526478323617923349e+00
1.527168145822913603e+00
1.527168145822913603e+00
1.527168145822913603e+00
1.527168145822913603e+00
1.527864840796602897e+00
1.531690517709993316e+00
1.521432726026354709e+00
1.521432726026354709e+00
1.525124524751900745e+00
1.534821571259210371e+00
1.534821571259210371e+00
1.511413438486488348e+00
1.536331622172017797e+00
1.536331622172017797e+00
1.536331622172017797e+00
1.536331622172017797e+00
1.539750886399138485e+00
1.535189511535550277e+00
1.535189511535550277e+00
1.535189511535550277e+00
1.533603404951678906e+00
1.533603404951678906e+00
1.521638084096568866e+00
1.521503843261568401e+00
1.519485091030722046e+00
1.519679377273540855e+00
1.519679377273540855e+00
1.519679377273540855e+00
1.523361291538222417e+00
1.523361291538222417e+00
1.519774997663761562e+00
1.519401582081155500e+00
1.519401582081155500e+00
1.519822866042080278e+00
1.517848327708883893e+00
1.517848327708883893e+00
1.517848327708883893e+00
1.517840564123496216e+00
1.518770877388627927e+00
1.523258857907958896e+00
1.519074665118325562e+00
1.519074665118325562e+00
1.520672880779995628e+00
1.520672880779995628e+00
1.520672880779995628e+00
1.516505008366554330e+00
1.516505008366554330e+00
1.516505008366554330e+00
1.516505008366554330e+00
1.518012907788740096e+00
1.515274114302588071e+00
1.515274114302588071e+00
1.517736425195327366e+00
1.517736425195327366e+00
1.519022360058296828e+00
1.515487790024989678e+00
1.515487790024989678e+00
1.516072165331502797e+00
1.516072165331502797e+00
1.516072165331502797e+00
1.516072165331502797e+00
1.516072165331502797e+00
1.516072165331502797e+00
1.513408474828096928e+00
1.512868621204115138e+00
1.512868621204115138e+00
1.512868621204115138e+00
1.511542597242113040e+00
1.509082754785448399e+00
1.513264952275777953e+00
1.515184188101362794e+00
1.515184188101362794e+00
1.515184188101362794e+00
1.515184188101362794e+00
1.514634777994436021e+00
1.513959045696026795e+00
1.513959045696026795e+00
1.513959045696026795e+00
1.513959045696026795e+00
1.512974242080124432e+00
1.520695703191640158e+00
1.520695703191640158e+00
1.514019287031533434e+00
1.514019287031533434e+00
1.514019287031533434e+00
1.514019287031533434e+00
1.513801132485596668e+00
1.516488972728369244e+00
1.516341091640840855e+00
1.516341091640840855e+00
1.516341091640840855e+00
1.516341091640840855e+00
1.516602864473978629e+00
1.514327279700989903e+00
1.515188301523198611e+00
1.517090192530986315e+00
1.517090192530986315e+00
1.517090192530986315e+00
1.517411088722548262e+00
1.516975035935437921e+00
1.524942851367145469e+00
1.521691822297320584e+00
1.510519547390485551e+00
1.517976573723587519e+00
1.517976573723587519e+00
1.517976573723587519e+00
1.517976573723587519e+00
1.512129862440557915e+00
1.519231729066549352e+00
1.517151571666139453e+00
1.518940457443850756e+00
1.518940457443850756e+00
1.518940457443850756e+00
1.517898630879446653e+00
1.511256240902581593e+00
1.518284025294188933e+00
1.521342314934349238e+00
1.516318689596729996e+00
1.514796304609862920e+00
1.515000699108228321e+00
1.515000699108228321e+00
1.515000699108228321e+00
1.515000699108228321e+00
1.515769086426847823e+00
1.515769086426847823e+00
1.513671662595607259e+00
1.519032855216686517e+00
1.519032855216686517e+00
1.519032855216686517e+00
1.519032855216686517e+00
1.519032855216686517e+00
1.516205984907314397e+00
1.517274259205894982e+00
1.517274259205894982e+00
1.517274259205894982e+00
1.517427616760760323e+00
1.514299406519444169e+00
1.516601634474697757e+00
1.516601634474697757e+00
1.515220884037557392e+00
1.516334714060493694e+00
1.513019073514001001e+00
1.513019073514001001e+00
1.515437073365256904e+00
1.515437073365256904e+00
1.515437073365256904e+00
1.515437073365256904e+00
1.514627422609909901e+00
1.518013997970755202e+00
1.511314935701124629e+00
1.511314935701124629e+00
1.511314935701124629e+00
1.511314935701124629e+00
1.511314935701124629e+00
1.518405294262888061e+00
1.518405294262888061e+00
1.516985691964226390e+00
1.513644595758682376e+00
1.513644595758682376e+00
1.513522093738755459e+00
1.513290911685478246e+00
1.516361106034415540e+00
1.516361106034415540e+00
1.516361106034415540e+00
1.516361106034415540e+00
1.516231312869245285e+00
1.517270052293913540e+00
1.517270052293913540e+00
1.517150137549191147e+00
1.517012293586081473e+00
1.517012293586081473e+00
1.517076140574941778e+00
1.517076140574941778e+00
1.517076140574941778e+00
1.517076140574941778e+00
1.516939533707986953e+00
1.516952374165688067e+00
1.516507551880615035e+00
1.516507551880615035e+00
1.517419803413028623e+00
1.514591573251240053e+00
1.514591573251240053e+00
1.514681646975311269e+00
1.514681646975311269e+00
1.514681646975311269e+00
1.514681646975311269e+00
1.514363956878522322e+00
1.514363956878522322e+00
1.514855155937040898e+00
1.514855155937040898e+00
1.514306924326414228e+00
1.514159552700634848e+00
1.514979576193862032e+00
1.514979576193862032e+00
1.514027602893771807e+00
1.514027602893771807e+00
1.514027602893771807e+00
1.513570398070480216e+00
1.515748301240065654e+00
1.512751694141629466e+00
1.515053751146641536e+00
1.515752387898505527e+00
1.515752387898505527e+00
1.515752387898505527e+00
1.515752387898505527e+00
1.515466521580939308e+00
1.515466521580939308e+00
1.515736540201854110e+00
1.515736540201854110e+00
1.515864593387715953e+00
1.516519267461729603e+00
1.515839021088546179e+00
1.508240138296958577e+00
1.515924088487457189e+00
1.515924088487457189e+00
1.516648363203751293e+00
1.516648363203751293e+00
1.516648363203751293e+00
1.516648363203751293e+00
1.516542533982573104e+00
1.516908896137243001e+00
1.516612126368863445e+00
1.516612126368863445e+00
1.515909037446070418e+00
1.516642742945669697e+00
1.517612070374218858e+00
1.516727799819786782e+00
1.516727799819786782e+00
1.516727799819786782e+00
1.516038107427933657e+00
1.516038107427933657e+00
1.516780909379664699e+00
1.515622200782380302e+00
1.515344419244230245e+00
1.515528444919473916e+00
1.515528444919473916e+00
1.516138938615918086e+00
1.516138938615918086e+00
1.516138938615918086e+00
1.516138938615918086e+00
1.516138938615918086e+00
1.516138938615918086e+00
1.516138938615918086e+00
1.514518543014823360e+00
1.513856981920738587e+00
1.513163020855812224e+00
1.513163020855812224e+00
1.513163020855812224e+00
1.513163020855812224e+00
1.512863721292808217e+00
1.513048485371979224e+00
1.512704117668510317e+00
1.512704117668510317e+00
1.512704117668510317e+00
1.512704117668510317e+00
1.512704117668510317e+00
1.510368651020154829e+00
1.510838304818102884e+00
1.510323809328407929e+00
1.509092306601404365e+00
1.507127938542590417e+00
1.508961233594876328e+00
1.509698423679379786e+00
1.509698423679379786e+00
1.509698423679379786e+00
1.509698423679379786e+00
1.499102341899514856e+00
1.499102341899514856e+00
1.499102341899514856e+00
1.499102341899514856e+00
1.504796577930592072e+00
1.504796577930592072e+00
1.504796577930592072e+00
1.506539767764659032e+00
1.506539767764659032e+00
1.503932248666458804e+00
1.503932248666458804e+00
1.505041260577004714e+00
1.505041260577004714e+00
1.505041260577004714e+00
1.503524548713374376e+00
1.503524548713374376e+00
1.504344097043314843e+00
1.504344097043314843e+00
1.504190108965170136e+00
1.506201883286643950e+00
1.506201883286643950e+00
1.502432318179371951e+00
1.505054906766801315e+00
1.505054906766801315e+00
1.505575194280638351e+00
1.505575194280638351e+00
1.504934643722030563e+00
1.504934643722030563e+00
1.504934643722030563e+00
1.505010908380102874e+00
1.509370198968107424e+00
1.508089283241041745e+00
1.508089283241041745e+00
1.508089283241041745e+00
1.508089283241041745e+00
1.508089283241041745e+00
1.506501991944207752e+00
1.506501991944207752e+00
1.506757209317576951e+00
1.506746090279365680e+00
1.506746090279365680e+00
1.508163608184212467e+00
1.508163608184212467e+00
1.505847366284016386e+00
1.505522558208903572e+00
1.505522558208903572e+00
1.505522558208903572e+00
1.505522558208903572e+00
1.505522558208903572e+00
1.505522558208903572e+00
1.505423839497589844e+00
1.505423839497589844e+00
1.505423839497589844e+00
1.505104670382374721e+00
1.505120604748338753e+00
1.505120604748338753e+00
1.504693943202919826e+00
1.504693943202919826e+00
1.505134484533941608e+00
1.505297182133388922e+00
1.505297182133388922e+00
1.505108566163096961e+00
1.505310020806602589e+00
1.504901096227252433e+00
1.504901096227252433e+00
1.505301431987169813e+00
1.505531576067707045e+00
1.505414226550592538e+00
1.505414226550592538e+00
1.505155983932918939e+00
1.505155983932918939e+00
1.508483345546238752e+00
1.508128458138352279e+00
1.508128458138352279e+00
1.508128458138352279e+00
1.508128458138352279e+00
1.508228675697781185e+00
1.508228675697781185e+00
1.507832416068256576e+00
1.507832416068256576e+00
1.507832416068256576e+00
1.507855713983478951e+00
1.507847469052984835e+00
1.507721963621913908e+00
1.507721963621913908e+00
1.509199260492509520e+00
1.508014230441784731e+00
1.508679765324119737e+00
1.508679765324119737e+00
1.508679765324119737e+00
1.508679765324119737e+00
1.508679765324119737e+00
1.508450585607439720e+00
1.508450585607439720e+00
1.508450585607439720e+00
1.508450585607439720e+00
1.508502687005819132e+00
1.508490348590905805e+00
1.508502302740349021e+00
1.508310690773306151e+00
1.508310690773306151e+00
1.508310690773306151e+00
1.508450880812717054e+00
1.508349600380297639e+00
1.508314169941611604e+00
1.508563080122649724e+00
1.508563080122649724e+00
1.508563080122649724e+00
1.508325190819634676e+00
1.508459714295251164e+00
1.508459714295251164e+00
1.508201634376365341e+00
1.508201634376365341e+00
1.508201634376365341e+00
1.508355758029607196e+00
1.508596377933600907e+00
1.508452074792826725e+00
1.508452074792826725e+00
1.508452074792826725e+00
1.508693759064364537e+00
1.508221620500418414e+00
1.508221620500418414e+00
1.508322979005408460e+00
1.508322979005408460e+00
1.508497518201402210e+00
1.508497518201402210e+00
1.508497518201402210e+00
1.508497518201402210e+00
1.508461348010146752e+00
1.508831051043946880e+00
1.508831051043946880e+00
1.509065156494337812e+00
1.508428861350349592e+00
1.508874652941547323e+00
1.508874652941547323e+00
1.508742201931298377e+00
1.508742201931298377e+00
1.508742201931298377e+00
1.508742201931298377e+00
1.508742201931298377e+00
1.508860419597163105e+00
1.508860419597163105e+00
1.508860419597163105e+00
1.508872570902940913e+00
1.508879926186971421e+00
1.508921971535094331e+00
1.508775955114480816e+00
1.508775955114480816e+00
1.508381485016686119e+00
1.508381485016686119e+00
1.508962875838251172e+00
1.510070072507506467e+00
1.509356000758294458e+00
1.509266971276986391e+00
1.508338828624767869e+00
1.509429343264907741e+00
1.509723660978786075e+00
1.509723660978786075e+00
1.509840342291091542e+00
1.509840342291091542e+00
1.509840342291091542e+00
1.509840342291091542e+00
1.509720955020333433e+00
1.509333120594689603e+00
1.509247393594864484e+00
1.509247393594864484e+00
1.509247393594864484e+00
1.509247393594864484e+00
1.509247393594864484e+00
1.509341337043107023e+00
1.509341337043107023e+00
1.509311314839623552e+00
1.510115427004305566e+00
1.510115427004305566e+00
1.509422246049570759e+00
1.509422246049570759e+00
1.509830624569504565e+00
1.509830624569504565e+00
1.509830624569504565e+00
1.509213465197467796e+00
1.509788651506527080e+00
1.509751082776986886e+00
1.509751278743802549e+00
1.509107837423263598e+00
1.508832657864286109e+00
1.508832657864286109e+00
1.508832657864286109e+00
1.508832657864286109e+00
1.508832657864286109e+00
1.508948920434012519e+00
1.508948920434012519e+00
1.508498641905460680e+00
1.507222206032639678e+00
1.507705988097615579e+00
1.508282695758320191e+00
1.508282695758320191e+00
1.508139587038011653e+00
1.508139587038011653e+00
1.508139587038011653e+00
1.508139587038011653e+00
1.508139587038011653e+00
1.506808767576393260e+00
1.506808767576393260e+00
1.507607239693895096e+00
1.507789965756954897e+00
1.507315527000721911e+00
1.507315527000721911e+00
1.507359474341269268e+00
1.506955397098469707e+00
1.506955397098469707e+00
1.506955397098469707e+00
1.506955397098469707e+00
1.506874017100297447e+00
1.506874017100297447e+00
1.507771797343773423e+00
1.507876784139014825e+00
1.507876784139014825e+00
1.507761544651439412e+00
1.507859910247222324e+00
1.507859910247222324e+00
1.506231320240078553e+00
1.506231320240078553e+00
1.506231320240078553e+00
1.507131060641033971e+00
1.507782634852870896e+00
1.507782634852870896e+00
1.507782634852870896e+00
1.506786878374630545e+00
1.507509022938034793e+00
1.507448056237174594e+00
1.507498034401028919e+00
1.507498034401028919e+00
1.507498034401028919e+00
1.506937422069949406e+00
1.507537378495976466e+00
1.508019807100293930e+00
1.508019807100293930e+00
1.508019807100293930e+00
1.508019807100293930e+00
1.507791327798079895e+00
1.507791327798079895e+00
1.507791327798079895e+00
1.508233891403083948e+00
1.508233891403083948e+00
1.508233891403083948e+00
1.508135774138469998e+00
1.508290989012709638e+00
1.507154695110537679e+00
1.507154695110537679e+00
1.508228919495230524e+00
1.507771434303399882e+00
1.507771434303399882e+00
1.507567670718716890e+00
1.507567670718716890e+00
1.507974079501253506e+00
1.507799775290460165e+00
1.507799775290460165e+00
1.507799775290460165e+00
1.507804298080601457e+00
1.507804298080601457e+00
1.507757071594808762e+00
1.507995559119693851e+00
1.507689808930157582e+00
1.507689808930157582e+00
1.507689808930157582e+00
1.508055069005917126e+00
1.508055069005917126e+00
1.508055069005917126e+00
1.508055069005917126e+00
1.508055069005917126e+00
1.507923046726018290e+00
1.507923046726018290e+00
1.507923046726018290e+00
1.507998904426002484e+00
1.507284284547942610e+00
1.508045940225650305e+00
1.508045940225650305e+00
1.508109030539705575e+00
1.508109030539705575e+00
1.508109030539705575e+00
1.507957049461767118e+00
1.507970392448779062e+00
1.507970392448779062e+00
1.507970392448779062e+00
1.507989553551646544e+00
1.507989553551646544e+00
1.508092963433982359e+00
1.508043148756504470e+00
1.508043148756504470e+00
1.508039839681334593e+00
1.508039839681334593e+00
1.508039839681334593e+00
1.508058425958088478e+00
1.508042010031561686e+00
1.508042010031561686e+00
1.507897377240932979e+00
1.507897377240932979e+00
1.507897377240932979e+00
1.507909233221501166e+00
1.507909233221501166e+00
1.508080855850130408e+00
1.508038256705465097e+00
1.507862036895316837e+00
1.507963160858861507e+00
1.508024154852383614e+00
1.508024154852383614e+00
1.508024154852383614e+00
1.508024154852383614e+00
1.508110578376123723e+00
1.508110578376123723e+00
1.508110578376123723e+00
1.508027253843810644e+00
1.508053815127030184e+00
1.508017858154039992e+00
1.508017858154039992e+00
1.508037395689626692e+00
1.507852507232640971e+00
1.508042158644699260e+00
1.508042158644699260e+00
1.508042158644699260e+00
1.508042158644699260e+00
1.508039797850972086e+00
1.508149865709131676e+00
1.508149865709131676e+00
1.508149764414579153e+00
1.508123735335511695e+00
1.508344760853179700e+00
1.508309162080290422e+00
1.508405922286568446e+00
1.508405922286568446e+00
1.508559287838232121e+00
1.508559287838232121e+00
1.508559287838232121e+00
1.508627475122368722e+00
1.508627475122368722e+00
1.507162639674570759e+00
1.507162639674570759e+00
1.508578582668245849e+00
1.508439486851467892e+00
1.508439486851467892e+00
1.508353826677174769e+00
1.508353826677174769e+00
1.508353826677174769e+00
1.508612893115546028e+00
1.508514915430259729e+00
1.508514915430259729e+00
1.508063148595348402e+00
1.508063148595348402e+00
