1.965586441194062228e+00
1.893368787155576216e+00
1.856512647784113401e+00
1.818998555689231855e+00
1.777952963126571140e+00
1.740374584135370606e+00
1.704938658539771446e+00
1.668966611572052505e+00
1.633564460642964233e+00
1.598060098960543574e+00
1.563421565014150305e+00
1.527432491800342573e+00
1.502702347195766786e+00
1.472309700922657560e+00
1.445903627099116129e+00
1.413807397176003455e+00
1.390490665998110886e+00
1.366816702201203437e+00
1.344979762492664710e+00
1.323375615375730341e+00
1.308540598593664006e+00
1.286479652705072141e+00
1.270898832499944175e+00
1.252932301376331381e+00
1.235959035123572081e+00
1.224864694465402470e+00
1.208263671924840299e+00
1.196641242679320705e+00
1.186401552987491392e+00
1.174538254746017918e+00
1.165072715794813307e+00
1.150566508908839491e+00
1.143451378590550904e+00
1.135520875352969972e+00
1.127664463040189302e+00
1.121072555458298536e+00
1.113168376153186090e+00
1.105070429563937084e+00
1.096220271714688499e+00
1.092099182904974874e+00
1.085026596929600240e+00
1.079329555015413167e+00
1.072377360767963861e+00
1.068554697647686957e+00
1.062972545526306600e+00
1.057757824149088144e+00
1.052827265987236860e+00
1.050567304946311786e+00
1.045951644446534878e+00
1.039486012183467034e+00
1.034268833953559286e+00
1.031428023502139801e+00
1.028065547664889667e+00
1.024769543117265869e+00
1.020827910040365438e+00
1.014922453671771141e+00
1.010983282622786694e+00
1.007571009406376339e+00
1.005767180421927476e+00
1.003522429295534257e+00
9.971737187615105080e-01
9.942148063300415561e-01
9.925949251076087165e-01
9.884555505617522719e-01
9.863864881329402756e-01
9.832346542287001556e-01
9.821087629754204906e-01
9.781644248659590035e-01
9.740625704172549693e-01
9.713303008711583475e-01
9.672940520192052638e-01
9.663634061101892270e-01
9.652367567906763313e-01
9.605946354032370849e-01
9.601200022105642606e-01
9.578876617710621044e-01
9.574437389091960959e-01
9.557637418522766382e-01
9.522064730586041748e-01
9.503985665193162014e-01
9.496618573652361173e-01
9.499453713043737313e-01
9.464866356448335960e-01
9.454219473667675455e-01
9.424081516609815745e-01
9.408969164844807054e-01
9.360839684300769070e-01
9.338285226773878067e-01
9.334805827811968326e-01
9.278080542908156980e-01
9.235455148202085240e-01
9.211841630760595478e-01
9.175357499605968359e-01
9.172659722712086516e-01
9.121648888843386649e-01
9.106332390111601116e-01
9.083670358971938086e-01
9.092176227019028723e-01
9.069979285575738848e-01
9.030148638339425826e-01
8.989913907762450140e-01
8.949021459521711019e-01
8.922733579361306067e-01
8.880991872418279032e-01
8.830428738607822847e-01
8.831236181621713310e-01
8.753420069630981626e-01
8.748400500086620513e-01
8.713911644763131514e-01
8.704491234093005847e-01
8.701289429854339730e-01
8.670784724554742029e-01
8.648946060755050569e-01
8.640775408051994955e-01
8.614007581896080401e-01
8.563181451488509621e-01
8.563849818506102940e-01
8.554963283096785887e-01
8.535922842595842219e-01
8.521819791381604059e-01
8.508603982578568647e-01
8.494156058442313695e-01
8.468883927013641788e-01
8.450399809186368572e-01
8.423409578713317858e-01
8.394635901294171809e-01
8.365287361349367234e-01
8.372056693245155667e-01
8.351820061644998905e-01
8.304578142362233351e-01
8.292484711292240629e-01
8.259153257424267647e-01
8.244092993296456839e-01
8.209598347272382135e-01
8.179927429812301476e-01
8.150815523823971009e-01
8.146412496371862044e-01
8.116175688999894833e-01
8.092814834212925801e-01
8.084680682442104693e-01
8.049293598992972587e-01
8.029198778035667727e-01
8.015467055935855401e-01
7.962060462108484504e-01
7.979083259282849783e-01
7.975071559213771089e-01
7.944662460154511274e-01
7.890076545338455816e-01
7.860996556336258267e-01
7.831849308951026600e-01
7.807065117121680942e-01
7.800364099465305623e-01
7.763803831961617608e-01
7.763901322833606233e-01
7.757913487986777268e-01
7.706505489044966906e-01
7.686279101173788542e-01
7.662710258114341366e-01
7.640593415439892455e-01
7.631538884355419938e-01
7.604966183648719236e-01
7.567208120295014773e-01
7.561201924837894772e-01
7.549922646569441342e-01
7.527063419679772549e-01
7.537343706115146036e-01
7.516551297907647644e-01
7.484550170896395738e-01
7.474487266882139380e-01
7.456963373341011225e-01
7.402296975715865202e-01
7.357488683006933039e-01
7.345730012236121320e-01
7.309009726304369625e-01
7.309951893393017430e-01
7.264978626864986300e-01
7.249356961799653387e-01
7.218278401030170377e-01
7.196027801455044948e-01
7.164512547516822538e-01
7.138741021022835254e-01
7.125697889680477903e-01
7.128856513652342963e-01
7.087361185760482352e-01
7.084308152837933692e-01
7.066761287225505894e-01
7.014095713036494484e-01
7.026079169217469556e-01
7.014739873408287751e-01
6.979280877400867444e-01
6.939115770856628673e-01
6.937730713914308511e-01
6.915849621550138604e-01
6.884732017336738785e-01
6.872895089465151930e-01
6.828224218979198623e-01
6.802129347709261475e-01
6.799718446916831471e-01
6.786126778403216431e-01
6.777811566483361583e-01
6.758280503072746637e-01
6.735283504827012102e-01
6.741532704817650989e-01
6.704512059078433506e-01
6.680005004208846575e-01
6.650511171062594151e-01
6.603420469446937835e-01
6.598834656600131021e-01
6.586672490603844299e-01
6.579210897593875673e-01
6.550857741148876645e-01
6.551620608955877056e-01
6.514346026503787801e-01
6.478044187922825659e-01
6.435231749122711786e-01
6.446241881361319814e-01
6.395590700008569884e-01
6.377027176820219134e-01
6.377360145971026073e-01
6.361591606121433928e-01
6.298807044105717567e-01
6.287771069720686778e-01
6.305376598281703382e-01
6.296701527007295685e-01
6.271050915790670199e-01
6.235951187782510230e-01
6.204945169008491135e-01
6.185090167292515151e-01
6.160896225188335906e-01
6.144213019446190804e-01
6.140640095042622093e-01
6.120841792748338284e-01
6.088565709697147943e-01
6.067763189943570223e-01
6.048232545321444720e-01
6.054237443541290453e-01
6.031353091324311855e-01
6.003089165265458327e-01
5.970907919393632080e-01
5.976698163620132176e-01
5.911411165240749721e-01
5.885675818858291386e-01
5.879271112741574212e-01
5.868810693645836185e-01
5.849540016142957821e-01
5.833445413125668555e-01
5.795561178124524204e-01
5.757503699635942995e-01
5.762960945804728174e-01
5.738288006973505384e-01
5.730719603034666321e-01
5.715075877185635811e-01
5.705707401719678495e-01
5.675750984913093822e-01
5.632771579994702016e-01
5.642438215374557808e-01
5.614730112240722271e-01
5.574148505135610998e-01
5.576163021104413309e-01
5.551554655505492875e-01
5.487540011409722807e-01
5.482669832167955670e-01
5.465764171424324358e-01
5.457755123123422258e-01
5.462511060893809889e-01
5.418494277202591247e-01
5.394997850745878454e-01
5.385135493380899252e-01
5.364304944922168028e-01
5.334487858392266135e-01
5.324527520846233930e-01
5.278071472765270000e-01
5.247884620589925442e-01
5.231096934028296452e-01
5.183198391520600357e-01
5.185445014214516979e-01
5.158468603170629496e-01
5.140626465608402196e-01
5.119214349755707438e-01
5.074915086932395569e-01
5.072141620195923517e-01
5.033557630756564372e-01
5.023177618272691713e-01
5.022303774418860334e-01
4.958286637650398676e-01
4.957038838652898516e-01
4.944017003720624914e-01
4.915517414921120043e-01
4.895893307657171456e-01
4.847818624519053543e-01
4.836642425254131794e-01
4.826335891906798348e-01
4.847496346133285394e-01
4.828200023729021795e-01
4.809922603622186488e-01
4.780101569983360443e-01
4.724298592250500972e-01
4.729489643492237883e-01
4.714605431428716131e-01
4.686324099555096989e-01
4.689861411070463393e-01
4.656625066800311186e-01
4.622402448732079727e-01
4.634406018491737944e-01
4.577840675134566273e-01
4.562225731093960124e-01
4.561707011706317982e-01
4.528799719696281478e-01
4.509339813926514506e-01
4.512731159356432320e-01
4.491060391697488940e-01
4.465361334498502699e-01
4.456511002997164961e-01
4.433451032375613776e-01
4.424600868230660344e-01
4.419083032409807932e-01
4.407530026661205524e-01
4.371561599520357722e-01
4.389643732624887162e-01
4.355602732186868442e-01
4.332403889567969513e-01
4.334781766859995833e-01
4.314201956204652411e-01
4.326215661562288206e-01
4.301234621944485803e-01
4.271916985406213896e-01
4.255700675182801374e-01
4.216420018568271533e-01
4.233683371441410714e-01
4.200841185428498825e-01
4.191425519047340953e-01
4.193633634174661617e-01
4.148614161346866336e-01
4.132890210167233236e-01
4.135647726868855734e-01
4.108037738176203990e-01
4.116468546638029635e-01
4.109341338164945734e-01
4.064568093782138236e-01
4.033293478832258860e-01
4.033071224287018142e-01
4.017759455598882701e-01
4.017779797966324895e-01
3.996867072957844824e-01
3.994004903788097582e-01
3.957271402743227084e-01
3.941818211251855719e-01
3.943649861283354818e-01
3.921683153823677381e-01
3.931820999803550265e-01
3.913487158928748988e-01
3.901376773067655179e-01
3.890159608606238439e-01
3.874237409185702918e-01
3.863619338735263531e-01
3.866359030566031696e-01
3.830872417789581985e-01
3.836107232572683601e-01
3.813055492542873348e-01
3.808516071422969329e-01
3.790477521541264494e-01
3.791504560384259537e-01
3.788465737364093977e-01
3.754119141497534451e-01
3.750153128337964104e-01
3.748885509992124221e-01
3.723879029407742292e-01
3.718820613753262005e-01
3.696232854165373838e-01
3.683785483146138628e-01
3.697080488665019926e-01
3.688288381631426027e-01
3.671618671715889959e-01
3.662436727560327010e-01
3.648381722413925332e-01
3.637678703672088676e-01
3.639594608493930683e-01
3.616396412496898360e-01
3.603319004895425559e-01
3.607693504288379538e-01
3.608361806254974380e-01
3.581938410907414827e-01
3.581379450282236587e-01
3.573588401947562221e-01
3.559939283162170676e-01
3.559986518343030704e-01
3.532917391475410285e-01
3.540160705947187347e-01
3.522691719134257160e-01
3.488372988008610620e-01
3.491584682612115520e-01
3.498979992177677079e-01
3.476885050214818529e-01
3.464727443601413048e-01
3.455475133178678715e-01
3.447346098345901999e-01
3.405408848097841168e-01
3.395274917212355859e-01
3.386308750754875585e-01
