2.381575511686729651e+00
2.388007588901651435e+00
2.356883003057349768e+00
2.359136739539152483e+00
2.320326000614913120e+00
2.319555706882880042e+00
2.284520069251642749e+00
2.291839186140915530e+00
2.252904946841374212e+00
2.249094584938113872e+00
2.217706311524945573e+00
2.214141814511914053e+00
2.187363637075553147e+00
2.190350920560164116e+00
2.194212469077761352e+00
2.443140224408455019e+00
1.093990480519225343e+02
7.853035458237300759e+01
5.539375695667764603e+02
6.564019666310300636e+02
1.500685725461291611e+02
1.558444304582653501e+02
2.523289711815582166e+02
2.740129116476135209e+02
6.514907046961444621e+02
7.407499643420019311e+02
1.522945497587383215e+03
2.149968908592686603e+03
2.039032572004439317e+03
3.408549893679523848e+03
3.592922424937075903e+03
1.927268952859140654e+03
2.030538967415466459e+03
1.523730834799527202e+03
7.048654883663314195e+02
9.285530292323143158e+02
1.088110108511218186e+03
1.970409307278650886e+03
3.162029555922353211e+03
9.984456188589669182e+03
1.365391347436675642e+04
2.114810929958119232e+04
3.127343918356531503e+04
3.504654469456713559e+04
2.977054629443675731e+04
2.857995173142430212e+04
2.335607569781239727e+04
1.428499741735692078e+04
2.623060461896851120e+04
3.215892118343610491e+04
4.222005818434828689e+04
3.512550888296277844e+04
2.465734997334361469e+04
2.090808184500618154e+04
1.243168879515898152e+04
1.356882946464540146e+04
1.599367675920941656e+04
1.619829324977195938e+04
8.017964216444372141e+03
6.583323249345362456e+03
6.189223759735829844e+03
8.324448684415354364e+03
1.111949679145182563e+04
3.371055480602095940e+03
4.607182125025263304e+03
4.700592170636106857e+03
3.460982001496879093e+03
6.573938774357035982e+03
4.576006951826214390e+03
5.421387098995624001e+03
4.283372117108508974e+03
4.797440316759095367e+03
4.771240436644490728e+03
4.832617675051646074e+03
9.334909478601282899e+03
1.299170050120776068e+04
1.453522119751483478e+04
2.286292280493783983e+04
1.571757068821310349e+04
2.498270979900590464e+04
2.670010164033251931e+04
3.984743378554459923e+04
5.004453973655388108e+04
5.004077550919006899e+04
3.566303696844880324e+04
2.763999778412355590e+04
2.832586319548096071e+04
1.449546259834745251e+04
1.055837725130316539e+04
5.055765168884974628e+03
6.241320455671493619e+03
1.806208382450935687e+03
2.187973195000163741e+03
2.786813000381421716e+03
2.914977965535461408e+03
9.943438824004833805e+02
1.195442579882032760e+03
7.843975057576187737e+02
9.360914116278745496e+02
2.009400739113589225e+02
4.188529620496781831e+02
3.330305336336345476e+02
5.199714566462245102e+02
5.292376632710775084e+02
6.464528834332415954e+02
4.708411911472101110e+02
4.194688862345806797e+02
6.233332120840371999e+02
6.115685203547777746e+02
1.048192711954716515e+03
1.693952992051540832e+03
1.658733703817625383e+03
2.431622856702981153e+03
2.515669899898409767e+03
1.301387676152061886e+03
1.728714214273973312e+03
1.220310596624238315e+03
8.429930165189622130e+03
4.771957025764399077e+03
3.974914173444722110e+03
6.056338044257297042e+03
7.776378429847171901e+03
1.363236683653237196e+04
1.864524765349658264e+04
2.441623529879034322e+03
5.422971962175676708e+03
1.927450198275397497e+03
2.487033378717866071e+03
8.462174765676613788e+02
1.043508998966490253e+03
7.742678963131816090e+02
9.467631692450903529e+02
9.798000875434607906e+02
8.762579009627413598e+02
3.902639616347942706e+02
4.695060006420204104e+02
4.824824770586212708e+02
5.678363816411977041e+02
4.342903460499391599e+02
1.204907862789721236e+02
1.911578805063379036e+02
1.548865775764220700e+02
1.035168139278668207e+02
7.791830395686603197e+02
9.146589012488428807e+02
1.267624925043803614e+03
3.256275303348833745e+02
4.654759894211409801e+02
5.163219861592559710e+02
3.901815387931080181e+02
5.676350960208957304e+02
4.677094490766181707e+02
3.983654341518034130e+02
1.944653692566970165e+02
2.371106507455201324e+02
4.929535177475939349e+02
5.287717787003396097e+02
2.385458255210138248e+02
4.932518511709394033e+02
5.140491921773013928e+02
5.919227017953179484e+02
4.479093218678155495e+02
5.071483778405014959e+02
3.275757915116276990e+02
1.360581770317990333e+02
5.262604974782712475e+01
5.956187420126861554e+01
4.017842731950932489e+01
3.857379251254169361e+01
3.371433411967679916e+01
3.895513210194896914e+01
2.686842959263757891e+01
2.642938891104539678e+01
2.464700022917627109e+01
2.187498684506543256e+01
1.789691736287952750e+01
2.033010230441046673e+01
1.378170693348218201e+01
1.560226631704846945e+01
2.522058232490532248e+01
2.719455076546761418e+01
3.891752800143250113e+01
2.618610489301952171e+01
2.668306012658916160e+01
2.148572607094435938e+01
9.895743915727313933e+00
8.296717261540281996e+00
8.658669273805525535e+00
9.883626868159764101e+00
1.423837255397770818e+01
7.897179952216344390e+00
7.831646626846017867e+00
5.994967385651958303e+00
9.742099957744692063e+00
1.176934482707032714e+01
1.014643020874803980e+01
1.056049031453824583e+01
1.155027609182269188e+01
9.606371055165404016e+00
1.091789048833367914e+01
8.766584878807350378e+00
6.752855845536112511e+00
4.647320849590199643e+00
3.966584640080764945e+00
5.936403154430090368e+00
5.007166695309853921e+00
6.662605359250915349e+00
6.907162637006084793e+00
1.074832307582636126e+01
8.744013266865556133e+00
7.532100614637967873e+00
7.796140581145931669e+00
7.149451820348956765e+00
5.565856511245325322e+00
5.457589497067974804e+00
4.067437325545260052e+00
4.305711352972144468e+00
4.217029534179110861e+00
4.399868961277801027e+00
3.345294185643425511e+00
3.442599938539242288e+00
3.260610127910574807e+00
3.528330416656438651e+00
4.121574532354446596e+00
5.055317116531440114e+00
7.076077179498732050e+00
7.781698563738336460e+00
8.853245146557410905e+00
9.022926754147492900e+00
1.070991252482975220e+01
4.896749055583541121e+00
1.159452151474577164e+01
1.046401805753312608e+01
1.350480124125874326e+01
7.602649845549894536e+00
4.946541696782579933e+00
5.546011005284227302e+00
3.961950801469788619e+00
5.636963614460098526e+00
5.777129637103028514e+00
8.148016808340297956e+00
1.072640216607704033e+01
1.272681584660498899e+01
1.521231976825558085e+01
9.414705333997945402e+00
5.160357856238424468e+00
6.102790427398533168e+00
5.725935775866833666e+00
3.338453646433854782e+00
4.202229783939094077e+00
2.535253546444078054e+01
2.201655862643358574e+01
2.599450647809171855e+01
1.344681960783139729e+01
1.491841480652683849e+01
6.317081349421838965e+00
4.482095554255802305e+00
9.251816813939996109e+00
8.625813526451009849e+00
9.152243840702748656e+00
9.526134828857577119e+00
9.891201894294544772e+00
7.301356779107310402e+00
8.665370204495397743e+00
4.095865807410121739e+00
4.671957153277311647e+00
3.116740458639084554e+00
2.237822342799921760e+00
2.258431907397392191e+00
2.736797817970931135e+00
1.439170638422382131e+00
1.632229906969773436e+00
1.529627474722468738e+00
1.175847949454373653e+00
1.114799519301120201e+00
1.344241660545837158e+00
1.190901456611352494e+00
1.289841929302713019e+00
9.136673958892267411e-01
9.457209630674153766e-01
9.816691237064677500e-01
1.000437148953458033e+00
9.357655508743181194e-01
7.346073976365297131e-01
7.629981152094102992e-01
2.271412202171077421e+00
2.652996882922747712e+00
2.644102443742877284e+00
2.935206515446332105e+02
5.888209527084539019e+01
5.222211205241391951e+01
7.743586649050338622e+01
5.817817083771286946e+01
1.026039338680532964e+01
9.997983040559480727e+00
9.932300834505015885e+00
9.230645061203013313e+00
4.170369158516202823e+00
3.986550611428807400e+00
1.070933425583591170e+00
1.190021939686519481e+00
1.186477829232968073e+00
1.599124040084373810e+00
1.495910790936880952e+00
1.439518637354114228e+00
1.405507858758178852e+00
1.420344470183672492e+00
1.424658803711905231e+00
2.139324453870476095e+00
2.233121191602522426e+00
1.407089236328426418e+00
1.487797563503409970e+00
1.400920630591608207e+00
1.245756025882999829e+00
1.221359584891232419e+00
5.900445408182108942e-01
7.643887330346454956e-01
7.408703730807792986e-01
8.609587052142257946e-01
8.555518559895254338e-01
9.216731815663651295e-01
9.330613645064951278e-01
7.373539015827788035e-01
7.026532721975178308e-01
7.524453969029850642e-01
2.943590951979313974e+00
3.632685594239527749e+00
2.661045618127350298e+00
6.676213449431448455e-01
6.811093771967898780e-01
6.899183612395120013e-01
3.198232517194425029e+00
4.077601365116736432e+00
4.878888165220792494e+00
7.551788012887663548e+00
8.190628165794613835e+00
3.997413127597324589e+00
1.541950278451694301e+00
1.589418416953094937e+00
2.178390975898794490e+00
3.855398784346687080e+01
3.477401695008435922e+01
6.273520035481158175e+01
5.899992067069236157e+01
6.540099065043558824e+01
4.195245356657170532e+01
9.402719118348352723e+00
1.702446191622993155e+01
2.151358421849021241e+01
1.563296218924334546e+01
5.454107442539635642e+00
7.346396243698933404e+00
1.783269835650258095e+00
2.731702213884966035e+00
8.856916393989581193e-01
1.416964045413690254e+00
1.093591782765739095e+00
1.711803440900150797e+00
1.623193599270815302e+00
1.306065045580159900e+00
1.363553679038080890e+00
1.471345070006975897e+00
2.225500850542263986e+00
1.969584601626964027e+00
1.735609430734434744e+00
1.322741763331954701e+00
3.273121503702098067e+01
3.558629718332314695e+01
3.095414282820605578e+01
3.368654604633565697e+01
3.001972476746371044e+01
4.232967232504345390e+01
2.633443223274623790e+01
2.261458820525251667e+01
4.505246726157731274e+01
6.197824762808610188e+01
1.421379056828315157e+01
1.925326715577794445e+01
1.129270107689174196e+01
1.110905389943640387e+01
1.943079623279678003e+01
2.219516923759766769e+01
1.885289594939739288e+01
1.408310672576829736e+00
8.081748931750288856e-01
8.595744441689772142e-01
9.541931222165562776e-01
8.015340390952466754e-01
9.838327051026405368e-01
8.774821514363108088e-01
9.031149736327659383e-01
1.291687674449499834e+00
1.450626361601765391e+00
1.145235279491402247e+00
1.253233413888495962e+00
1.102512566391643967e+00
1.190735792918369285e+00
1.049572120149278698e+00
5.506665380574997215e+00
4.089178135412348425e+00
4.133315901541318560e+00
2.041139411728206454e+00
1.748553701817184391e+00
1.520312738119348195e+00
1.736772177794706051e+00
1.577040916484868882e+00
2.594557148248207490e+00
3.308007534031037533e+00
2.755036567089714339e+00
1.290407200880089311e+00
1.777777344874854393e+00
1.521804261792162105e+00
1.221215971368486919e+00
1.091897548345618807e+00
8.803628992453448321e-01
9.532393940499830354e-01
9.727577628652297470e-01
5.540315480641452295e-01
6.321987201810665979e-01
6.748187052840343148e-01
1.281067568921369970e+00
1.457485738392137131e+00
1.143391991899104676e+00
1.099874720560143126e+00
1.066131145380087686e+00
1.062840831300299049e+00
1.147726285189173856e+00
1.080846365902337070e+00
9.976386873323128679e-01
7.967517657036410350e-01
7.637758413833911630e-01
8.753572390787276447e-01
1.326214389169483532e+00
1.147888686828758997e+00
1.505612112516426793e+00
1.708854672002354969e+00
1.554218500276884241e+00
1.431329716090344872e+00
1.805176774111538096e+00
2.209584071248221537e+00
1.001320478043694839e+00
1.193122290193710411e+00
1.951197987410305590e+00
2.394753116989119857e+00
3.360130979933219741e+00
3.428092930579223818e+00
3.420070185385026829e+00
3.777825120659209279e+00
7.184103058725812119e+00
1.085706041102472597e+01
6.738123861079118093e+00
6.287238796783957362e+00
7.380539684312696913e+00
4.668658149605514396e+00
5.661405749534759835e+00
7.057286067938010277e+00
8.154933439494412184e+00
6.502571744015058108e+00
4.462882720364543587e+00
4.962452096330400408e+00
4.433002930901897010e+00
5.563461213970837704e+00
3.845496554453551763e+00
3.653667477419547893e+00
4.134669980796649824e+00
8.470440091095758905e-01
1.499562532197487696e+00
1.155504598811660788e+00
1.100668712292148355e+00
1.180925473115720159e+00
1.077340289510511084e+00
9.484350112504897901e-01
1.059124004080205017e+00
1.012852088530094674e+00
1.195528325642189360e+00
1.299567521716637142e+00
1.400467045282407952e+00
9.998321964574647946e-01
1.036995592165190105e+00
2.792241641665949903e+00
2.254121505660312330e+00
2.334959559323398715e+00
1.423538569972006895e+00
1.314916704340501008e+00
1.371314594740226767e+00
1.275334016782734947e+00
1.328305200468881786e+00
1.525079638841866370e+00
1.694646769744452719e+00
2.081828317442081300e+00
1.744474379209290049e+00
4.598405832563847184e+01
8.899872285570930330e+01
1.355876330815243591e+02
2.263725247512686423e+01
4.201159304549014450e+01
4.151188505896474368e+01
6.774542943925700911e+01
6.455212100931487385e+01
5.208465325646194799e+01
3.242157465141662698e+01
7.356868539654076500e+00
6.721997412963609086e+00
3.864282124952195030e+00
3.802686417639418170e+00
2.893135026530254450e+00
3.058982665975140680e+00
2.593943466476004822e+00
3.075785638380822640e+00
1.372610466489526893e+00
1.634942579384576655e+00
1.865092431047168153e+00
2.391272737618056610e+01
1.573402696006822765e+01
1.731273519956251050e+01
8.344760408598386192e+00
7.824718288059969495e+00
5.487251376291747640e+00
5.357692009664960509e+00
2.739636444511648339e+00
2.910354968206681381e+00
2.871203706252450250e+00
2.780360606875855289e+00
2.854919005394441989e+00
2.677367619692457179e+00
3.269576625307303974e+00
4.274649238068201740e+00
3.795320824922037595e+00
4.206432193434933353e+00
5.754516251628931656e+00
2.351913435079346755e+02
4.368329504631274176e+02
2.260039904168453972e+02
2.185304492541276034e+02
8.195319073945560717e+01
1.141874063376215247e+02
9.439668454362073646e+01
9.922399989490467931e+01
6.172213391123228377e+01
3.935579236071612286e+01
2.807096512274713263e+01
6.539966209405672259e+01
7.161995250220667231e+01
5.039729211164508627e+01
3.467990420188117895e+01
6.963773753108010567e+01
5.650302719286975872e+01
8.876215175873369390e+01
4.861628336596186273e+01
6.599278443372229219e+01
8.072266423354889753e+01
1.216494087462555598e+02
1.345383145704460048e+02
1.493563325820129251e+02
1.395439107577981304e+02
1.453171706009764534e+02
1.916673721057574369e+02
3.080791213950201950e+02
1.456143409132768625e+02
2.069898132494456888e+02
9.886355821453453530e+01
1.475077482815094925e+02
4.253595030318901848e+01
4.110193437375364311e+01
6.701414393789542601e+01
5.138900021715509325e+01
6.554444691373771548e+01
5.024835303788495366e+01
6.990618721721148177e+01
8.452270575798453933e+01
1.342673817307710067e+02
1.836503201937249798e+02
4.030647919245591879e+02
5.117078325258988230e+02
3.006214275142471024e+02
2.826439718305784936e+02
4.431888803149878981e+02
6.447708984886803592e+02
1.035225825705474790e+03
8.623148483154689075e+02
4.876046535107871591e+02
2.266406706810976246e+01
4.586399882345789791e+01
4.001627431884131170e+01
3.860844313769335656e+01
1.605677039738033329e+01
5.097918378839040976e+00
6.828597116967737968e+00
5.558111634604859574e+00
3.871075227425660792e+00
2.971870246790579539e+00
2.471107118185115858e+00
1.818952484256531887e+00
1.460365142350446455e+00
1.196534179844947365e+00
1.133493825575952352e+00
1.321686086169927110e+00
1.748304973215235814e+00
2.185351898011307803e+00
1.989372167209204845e+00
1.469792649119037176e+00
1.436021912895524943e+00
1.310456365902640030e+00
1.315003946983073879e+00
1.116611367436913804e+00
7.793990450097446621e-01
8.456601590671698476e-01
7.467529871284281917e-01
8.099339182939211401e-01
1.284337535318723411e+00
1.532698705398767069e+00
2.234732411651489059e+00
2.057064227856273853e+00
2.561092107879331170e+00
1.351946290673871731e+00
1.157541976360229041e+00
1.192948284226321931e+00
1.526731553727146862e+00
1.354680557115665485e+00
1.022565307388069389e+00
9.940655170934775686e-01
1.110787005753377299e+00
1.007115743821564990e+00
6.810666670618896745e-01
6.830583905326422789e-01
6.196356829575010439e-01
6.218773615900448082e-01
4.969434911378585173e-01
5.756986026710876336e-01
6.205673278324639330e-01
6.607396400150725713e-01
7.630442385593465549e-01
7.753471682406570809e-01
6.210845118551319155e-01
4.920633120401746718e-01
5.040313611822127005e-01
5.174396651172408212e-01
5.222192454740672840e-01
5.342637669850045512e-01
6.184723510830562043e-01
6.093588618343764862e-01
7.080072020870935567e-01
8.443519458234302055e-01
7.808251695591366115e-01
7.498426061940128839e-01
1.037389906184472688e+00
1.216599495113661389e+00
7.648969081396114200e-01
6.161762673189801198e-01
5.962779923599664800e-01
6.554977690375958232e-01
7.649581487200012297e-01
6.942268883364970389e-01
7.490259878071922062e-01
7.951986773891608351e-01
9.327040362985640209e-01
3.401075465711400181e+00
4.729803456822338603e+00
4.790584074641327739e+00
6.460111182533293750e+00
4.189933862750091720e+00
4.097342273378011157e+00
6.001469697292157512e+00
2.710652294560861097e+00
2.942533510474467207e+00
4.753412928693860451e+00
3.434690149722690933e+00
5.761802680925682374e+00
4.702796094485392153e+00
8.622637709405992723e+00
1.027529341061291568e+01
1.695206572437626180e+00
3.370625369612777700e+00
4.093979636872088435e+00
1.021526946866720076e+00
1.497623045668665887e+00
8.560076717948182923e-01
1.113793827294540906e+00
9.940157527220849776e-01
8.492223673197252243e-01
8.389492911494963456e-01
7.718983126524395777e-01
8.048942031608508074e-01
7.353576412543159080e-01
6.861530831854261159e-01
6.856638345081718100e-01
1.072676349057246625e+00
1.047876986918623965e+00
1.222370190028282178e+00
1.112796095637554883e+00
9.541120356540331304e-01
1.054672896422804040e+00
8.325614142936623718e-01
1.143434734414368048e+00
9.889304181106457481e-01
1.006011535453991357e+00
1.049811236133127990e+00
6.876095841105939188e-01
8.305708419385549046e-01
9.206438794165981987e-01
4.881622576470240560e+00
6.696011315422532029e+00
5.103483245320250994e+00
2.692188368107683694e+00
2.944332492955794134e+00
1.355140509719922726e+00
1.498655382744894071e+00
1.153612733467040519e+00
8.276311444295981756e-01
1.007432246441555490e+00
8.263531406032603721e-01
7.993758271380581037e-01
5.278622173349754032e-01
5.481259210107434221e-01
5.311596147654107369e-01
5.405304914306452435e-01
1.608490135150598244e+00
8.301545971606381080e-01
9.287129423204307788e-01
8.811161948586900827e-01
7.397330718544808947e-01
6.720364427497552695e-01
6.995107078539161138e-01
6.548865754267008121e-01
6.786826302937117861e-01
7.629412508339638022e-01
7.115224255841753331e-01
6.947713391834836605e-01
6.550756209228054683e-01
6.633267566238636448e-01
7.523335839923993573e-01
3.407739716730026913e+01
4.117323874988785803e+01
5.586928391848487507e+01
4.508249655980707615e+01
4.988622853798226942e+01
5.099059027098378749e+01
6.377047053870251148e+01
4.513453325896477253e+01
1.062268135447391870e+02
8.272997099308399527e+01
6.785975610953599357e+01
2.297048802099465803e+01
6.478769633089513924e+00
8.430104188743321458e+00
1.083786583257988134e+01
5.144287667293826694e+00
5.762978754561117078e+00
2.173887585473919248e+00
2.470040411518450441e+00
1.645156728524390877e+00
4.814753255735235160e-01
5.771423913784444748e-01
6.107566459984171692e-01
6.419642141698138627e-01
5.436300374557271331e-01
5.779108302654153428e-01
6.237507628749645594e-01
5.333632353868418274e-01
4.886091415028533946e-01
5.056550959272695378e-01
5.094162851718919693e-01
5.118755337184485166e-01
4.513266230231260945e-01
7.025880821196890391e-01
6.676443706376139486e-01
6.925465293363465280e-01
5.940749371836103743e-01
5.493242485741282044e-01
5.766468694113736637e-01
5.502053057873795838e-01
4.809335959068702371e-01
4.911491869579035496e-01
4.889278936462597702e-01
5.293563311246822778e-01
5.084748662728281188e-01
5.281649922184722401e-01
4.868138895800469546e-01
4.994086170297981631e-01
5.162650338464206401e-01
4.768711740367977403e-01
5.092048185249320458e-01
5.151943341229228146e-01
5.402859508044501879e-01
5.350307051829874538e-01
5.135060024027656711e-01
5.251150807935071052e-01
5.037457025731795213e-01
5.475694092487919384e-01
5.799225217583304781e-01
6.322142514621857945e-01
6.972427076524656542e-01
8.592086381448772459e-01
9.051245970358092752e-01
1.265872535768812979e+00
1.716936815788681070e+00
2.089881398100664978e+00
2.119897788521129200e+00
2.349714778768274392e+00
2.613117178459583911e+00
2.879856324791113753e+00
2.812238813087320821e+00
1.608267033357672071e+00
1.773765980922696661e+00
1.571265509241219327e+00
1.802328168077804049e+00
1.750273741132148730e+00
1.960298759125488788e+00
9.797393890351858703e-01
1.123198013783622162e+00
1.584272224469344348e+00
1.543939064459080246e+00
1.342977716199428517e+00
1.341413110950126608e+00
1.212298039139025230e+00
1.529877332878834650e+00
1.244372213178535747e+00
1.073945189969182534e+00
1.014563127950183885e+00
1.055310265012759263e+00
1.307403395550551073e+00
1.218005905928613686e+00
1.166626656655340932e+00
1.318489999907599852e+00
1.178882488002491513e+00
1.377689549662570734e+00
1.290642073858955241e+00
1.601290781752607861e+00
2.293606299398394111e+00
2.555892343450861581e+00
2.202567745674865130e+00
1.241285783928651298e+00
8.868192933869855077e-01
8.812564735575981745e-01
9.135591937427318676e-01
8.742129454541106570e-01
8.364414087600525738e-01
8.549165684332721282e-01
7.948090287282827404e-01
8.529232061994630465e-01
9.579663033633178948e-01
2.622609594582194958e+01
2.211322010062392707e+01
3.914269897185574365e+01
5.203653723019456834e+01
3.927651184005446083e+01
2.566147568358886843e+01
2.161544602801255621e+01
2.940110820499579347e+01
1.801248001144289290e+01
2.402780280993902906e+01
1.359581028021988480e+01
1.359084050685063794e+01
1.323738968350193446e+01
1.546085942334202379e+01
8.990071994960748825e+00
9.926893213757063350e+00
1.053212139741227027e+01
6.283482019562459442e+00
9.951972187517949209e+00
1.106836258829383191e+01
1.523814104988310625e+01
1.349129071490675003e+01
1.269572742337735072e+01
8.301585931136260754e+00
1.157714716713066316e+01
2.076935690548278046e+01
1.872883727695918310e+01
1.723643313852781489e+01
1.802768603301592520e+01
2.086855808781666255e+01
2.024163630401736569e+01
1.300460821276766588e+01
1.694294476597094645e+00
1.699707204757252565e+00
1.461292577401338777e+00
1.687421546707573716e+00
1.275102744084736450e+00
1.318114045516547872e+00
1.408299532969820023e+00
1.505916454136378979e+00
1.597738047465329991e+00
1.931335732800174121e+00
1.785015361031450754e+00
1.632151334999375258e+00
1.448442554754972633e+00
1.176829501940483080e+00
1.036360558825654143e+00
1.115508885622740198e+00
1.119064267987079697e+00
1.077928888166958199e+00
8.685657909723205616e-01
9.941984431194773597e-01
1.247114259874710029e+00
1.312441041841454936e+00
9.262981282202383815e-01
9.863416794735637705e-01
1.026261813242652421e+00
1.593811580611504519e+00
1.201603147723172782e+00
1.213241293813900334e+00
1.581658659029039793e+00
5.244495173240773411e+00
6.399275789927900249e+00
2.581295283618441072e+00
2.898851345759804410e+00
4.460825196413042981e+00
1.356643067520040979e+01
1.893460469687175518e+01
1.711998144832066870e+01
1.315872643053266877e+01
2.771531531028122330e+01
2.525354373738203506e+01
2.718317306977667869e+01
1.985801485339331052e+01
3.210742541015387985e+01
1.857745900224974278e+01
2.108476060452573364e+01
2.235133928371767809e+01
1.625718491271495836e+01
5.335297448482118732e+00
5.162346265752285390e+00
6.063377749213705314e+00
4.267501875317392113e+00
6.007325533530400108e+00
3.447387519188447769e+00
2.665343661038268142e+00
1.375230148014870579e+01
2.219369412614456394e+01
2.775015174347790747e+01
5.137748039070113037e+01
5.657917550606514112e+01
6.019614944522719213e+01
2.206924551457197481e+01
2.026240377214264754e+01
1.148729417899942185e+01
1.328156829531081229e+01
1.282023229796127062e+01
5.738330944563853286e+00
6.388253173744374180e+00
4.040872871730897486e+00
3.888328144821810106e+00
2.906669664181685153e+00
2.204741447638352447e+00
2.847528260463823457e+00
1.353849912998820404e+00
1.584105197674802623e+00
1.043546003597645324e+02
1.125713486576785698e+02
5.577855272642304385e+01
6.497048284344711533e+01
4.416853681303010148e+01
4.078875283082322767e+01
3.534816007837892471e+01
3.427053624720833369e+01
3.703749584211954016e+01
3.659751224273514936e+01
5.841326357545120374e+01
6.848809942973831255e+01
1.063037266990272514e+02
7.412918213368133991e+01
2.095956685901391481e+01
2.785076740725558864e+01
4.944432809855091904e+01
7.473110732233364217e+01
1.014281087037239786e+02
6.282988352288204936e+01
7.449407754185621400e+01
1.814103503583450845e+02
2.296586060332411137e+02
4.246947004930306093e+02
3.627436082959402484e+02
2.397532668621469156e+02
2.549402079000382457e+02
4.302957055610638690e+02
5.053674367680781643e+02
5.881130054370695461e+02
7.377089982748094599e+02
7.521343762330674281e+02
4.793853610565244026e+02
4.139750821373880285e+02
5.037375679249842619e+02
1.275903476483426999e+02
6.249999629792693412e+01
5.897609297218662761e+01
4.739270863684367896e+01
3.166746610062789813e+01
3.923877624846429057e+01
1.162559883391131699e+01
4.170000314383814910e+00
4.154453714607887704e+00
3.522114714119962908e+00
2.111491975904862706e+00
2.109084453933531389e+00
2.952485118196884084e+00
3.859527151034112702e+00
2.539358982741217741e+00
3.669929752824454994e+00
3.551041460271731953e+00
6.207082821951609652e+00
