2.370718479120474509e+00
2.404633242441645447e+00
2.359338445725923883e+00
2.257877256666827925e+00
2.226910831250294542e+00
2.142268609958869696e+00
2.091899846560775877e+00
2.056981055427260952e+00
2.016441997543228837e+00
1.980693729724942509e+00
1.980350760374243624e+00
1.946112697140481851e+00
1.924343871617131274e+00
1.907083111954092969e+00
1.890063490504339416e+00
1.867185314036818422e+00
1.852899895159540122e+00
1.835289723011788832e+00
1.819547082624974665e+00
1.811788092642318881e+00
1.796484474274734344e+00
1.794269950966005611e+00
1.780957408295097411e+00
1.767382140353638276e+00
1.757399846116713071e+00
1.742221378551468636e+00
1.738866021289728891e+00
1.733197392646582902e+00
1.717829404732321930e+00
1.708724168940115362e+00
1.692067032826475081e+00
1.688361060158090954e+00
1.672823864194221022e+00
1.659385394658207558e+00
1.654625458591523657e+00
1.643204130774729155e+00
1.629787252599645964e+00
1.614598222580450493e+00
1.601704877969428509e+00
1.593815446343188613e+00
1.580758754604886462e+00
1.575595569954964414e+00
1.558700702036015517e+00
1.545076789905812209e+00
1.533488928715987409e+00
1.532339700605052313e+00
1.530566174255067136e+00
1.517633600618098377e+00
1.511228283942249062e+00
1.494014738246372875e+00
1.488013769621797211e+00
1.471422500920113619e+00
1.462530764481188017e+00
1.449742041200114295e+00
1.438963024821451109e+00
1.435720853253354967e+00
1.418039651243615751e+00
1.410289236461649498e+00
1.399803906011357846e+00
1.390701475843063140e+00
1.381676133246310334e+00
1.371386697584406678e+00
1.374096600921646205e+00
1.365882255359682551e+00
1.354950333493111669e+00
1.342180121735367937e+00
1.331755122283603043e+00
1.324611634753907863e+00
1.317504549327393581e+00
1.306040649569650380e+00
1.303501715302931352e+00
1.306011996322857804e+00
1.295861071048516333e+00
1.276986514452014276e+00
1.271210404299015551e+00
1.257759108113412960e+00
1.246581298717930775e+00
1.236090571354528933e+00
1.230736320603952771e+00
1.226608365801657330e+00
1.221059906906118986e+00
1.219335386874663030e+00
1.196645220782397212e+00
1.194686321237313331e+00
1.177527477898060448e+00
1.177626558955618741e+00
1.169247020164611239e+00
1.155672284688782137e+00
1.149734358425802849e+00
1.144120550933228619e+00
1.136523731341368970e+00
1.137433762186702113e+00
1.127679307406654008e+00
1.106186932052894534e+00
1.104542454213156777e+00
1.100667288790611043e+00
1.096710328596179673e+00
1.092525724440298607e+00
1.082736810824465268e+00
1.076914868112597068e+00
1.062322704846244026e+00
1.052934774026848874e+00
1.046179727100401857e+00
1.047856433977073953e+00
1.036934499261271236e+00
1.027273289544136770e+00
1.015134947818296052e+00
1.010196416206431413e+00
1.004171491681464801e+00
9.937732220706887443e-01
9.888191668328571993e-01
9.866887129618100438e-01
9.744875360528592045e-01
9.715411726521246960e-01
9.654109846588408983e-01
9.563210835318356473e-01
9.442198432997723767e-01
9.339667085313284600e-01
9.291675528774153703e-01
9.204050269709858068e-01
9.097688683704423518e-01
9.115960218287891825e-01
9.035524112844717237e-01
8.895492696352872430e-01
8.843992492002611394e-01
8.738957307989344558e-01
8.598931762007651081e-01
8.561707585165155843e-01
8.483172657475884781e-01
8.430473285315074339e-01
8.381295373474700883e-01
8.340134772714276057e-01
8.336512316594208993e-01
8.207720451088064140e-01
8.123505282434736463e-01
8.049699560770464668e-01
7.962715861699805053e-01
7.894084384673870636e-01
7.806201224132983674e-01
7.777799891637896534e-01
7.601134391801924739e-01
7.588085709812421031e-01
7.463505021834603292e-01
7.450966081609670111e-01
7.341054024466707739e-01
7.195657468595467732e-01
7.142289354516520028e-01
7.042227704968888613e-01
7.014517874658056096e-01
6.953629739530324816e-01
6.870816425079280254e-01
6.773326955796479254e-01
6.769041184470402372e-01
6.649924722151077106e-01
6.520420140012392896e-01
6.453969872859119938e-01
6.370752089332254453e-01
6.333863155450112359e-01
6.256159249404210643e-01
6.116271294972432937e-01
5.989416948736115964e-01
5.933194467662719074e-01
5.825218458915166764e-01
5.710696211827327451e-01
5.670271468198488929e-01
5.548514488037057379e-01
5.437841330902298820e-01
5.317880699131023459e-01
5.269219807246263709e-01
5.198096269570978700e-01
5.158927088731180000e-01
5.129909808070571842e-01
4.965210048891930961e-01
4.927138568577456024e-01
4.844136446416481556e-01
4.776311094723812434e-01
4.733834997563565183e-01
4.637060169973793999e-01
4.566200026933732170e-01
4.529467318925405328e-01
4.415222657256778205e-01
4.425420013597266555e-01
4.332400343578911017e-01
4.208394167131337960e-01
4.106115937972964480e-01
4.050272120054335678e-01
4.003748679129994770e-01
3.955975802076303061e-01
3.845918642759312833e-01
3.821450705856473395e-01
3.756929287224787251e-01
3.739746470857180372e-01
3.648985816775939250e-01
3.590001708950154580e-01
3.521432180622370844e-01
3.499791950400822360e-01
3.403776828174184810e-01
3.328524424614248134e-01
3.289959107435647678e-01
3.211133784871500474e-01
3.168849152274040293e-01
3.139569826193653879e-01
3.080153211019732717e-01
3.053701271547249463e-01
2.999010926913194819e-01
2.954480674019003827e-01
2.878728884822417955e-01
2.850708969301377627e-01
2.854864552659513444e-01
2.716588401150643595e-01
2.778520916979438926e-01
2.727439838557305096e-01
2.687772292263705398e-01
2.637740677577672388e-01
2.620373314423989353e-01
2.578920643698557336e-01
2.527403376952166991e-01
2.469587540506558432e-01
2.452617575413015560e-01
2.423097167068725133e-01
2.384308478969565104e-01
2.336075409332562802e-01
2.305176223707654792e-01
2.261314202937494966e-01
2.211603856295475956e-01
2.228439636829145365e-01
2.201748504004666096e-01
2.129024975041416967e-01
2.132436037862913969e-01
2.124974122162252843e-01
2.085584862187249700e-01
2.030168244010417677e-01
2.001671503269225327e-01
1.978081583106662544e-01
1.928480743282512955e-01
1.895331178547276507e-01
1.944789108561334190e-01
1.863944233251021709e-01
1.865061113787673808e-01
1.829487994281998875e-01
1.825917083198468627e-01
1.781319934272394823e-01
1.781399860757006959e-01
1.758587008235018290e-01
1.711173368538322359e-01
1.698613270534353181e-01
1.713729812655354068e-01
1.688346629000882226e-01
1.654031629257954050e-01
1.626152117260511731e-01
1.605972493136408885e-01
1.591960519047998512e-01
1.559813001525838516e-01
1.565403765881857867e-01
1.592426463697327044e-01
1.521947279421230759e-01
1.488442579957991174e-01
1.509338790493368887e-01
1.460636064413930735e-01
1.465288907355584425e-01
1.458865529205475575e-01
1.407299849053247065e-01
1.446567022868008867e-01
1.420225718569917417e-01
1.368822600121713251e-01
1.404875462233377004e-01
1.356894696615310869e-01
1.355817627741715825e-01
1.365816808344923472e-01
1.345019560186892504e-01
1.345119830413079864e-01
1.338599512006866110e-01
1.337420051273742749e-01
1.316226035458615828e-01
1.317605566907803505e-01
1.303523706981039032e-01
1.327245119107779703e-01
1.318770507185973995e-01
1.332282929215446721e-01
1.305341427562760059e-01
1.306677233008791406e-01
1.256216193304277029e-01
1.246220296659681231e-01
1.267295286620586936e-01
1.249623986963183941e-01
1.274806412069111328e-01
1.209217921315727529e-01
1.216554955802208043e-01
1.223908145527560914e-01
1.181252038775902624e-01
1.217751640180449180e-01
1.214472878755596119e-01
1.181106583954299183e-01
1.155482875124434761e-01
1.161670154728488141e-01
1.186671217323132105e-01
1.203015119138707012e-01
1.197108093653289490e-01
1.147356016912907672e-01
1.149089379569675912e-01
1.149202756765779904e-01
1.138584385534611304e-01
1.144479279738088023e-01
1.151270599884736817e-01
1.148076376903805068e-01
1.116132909605252327e-01
1.161199529540795777e-01
1.124180280110326224e-01
1.106165310533248208e-01
1.106002839107448482e-01
1.114890912476929480e-01
1.100740346539215431e-01
1.103901558077715062e-01
1.081719749078361992e-01
1.068339719770975693e-01
1.084773710875921032e-01
1.073076637750556006e-01
1.070723337331317693e-01
1.045605398290736232e-01
1.077353364365418176e-01
1.063234620352506987e-01
1.076505986284305855e-01
1.046437112200254427e-01
1.038338742126126285e-01
1.035338235577283189e-01
1.042385677951313538e-01
1.046078276389068862e-01
1.012211625113365460e-01
1.041551924334964546e-01
1.004762020443943221e-01
1.001368511773151476e-01
1.017751639715636647e-01
1.063555540557701712e-01
1.027353676588617371e-01
1.028714690714830349e-01
1.036259614111011695e-01
1.039543354590833357e-01
1.041250201371955036e-01
1.039981054305430946e-01
1.024456234758730072e-01
1.002283902394252718e-01
1.018940128093636099e-01
1.014627368803910495e-01
1.035406198072715139e-01
1.028319709767300111e-01
1.001615288850800228e-01
9.952703633106327330e-02
9.740385882040893117e-02
1.002829753328641355e-01
9.872314866423914648e-02
9.896821770725905409e-02
1.000255265327225640e-01
1.019322155715936262e-01
9.999962053805822038e-02
1.021564636767209738e-01
9.885914896257598505e-02
1.003035747858837534e-01
9.883948835910258413e-02
9.640003892677256880e-02
9.714305947693731291e-02
9.793320785932801975e-02
1.028482587554924860e-01
9.726288835698890245e-02
9.994001150789494359e-02
9.895148152205704428e-02
9.647167574186349404e-02
9.434515595993626935e-02
9.207087187378830417e-02
9.553791966178042105e-02
9.808153206308217742e-02
9.332404798055082829e-02
9.380423527723681654e-02
9.455081281985731889e-02
9.434019216621292170e-02
9.806252832439153744e-02
9.574735917260354667e-02
9.476672127414038915e-02
9.677628490657537441e-02
9.679490753762085009e-02
9.426264972134554276e-02
9.200978478124249849e-02
9.519740469012107076e-02
9.318899069119526701e-02
9.117103629809959753e-02
9.414287767394115269e-02
9.300009737251550834e-02
9.277866129371500903e-02
9.047311478512705396e-02
9.321004845013615425e-02
9.369080055222525627e-02
9.209953472716841949e-02
9.497463514049084288e-02
9.276570230512444504e-02
9.360113569215207374e-02
9.262939616008251942e-02
9.195308191461575020e-02
9.143799447835045113e-02
9.260809875612358022e-02
9.120240205654919774e-02
