2.381245863089144432e+00
2.382757121182645932e+00
2.357128676037091086e+00
2.361398999450126102e+00
2.316856206938959328e+00
2.323247518142151247e+00
2.453301225930362151e+00
2.457859538205055205e+00
2.435398259021860135e+00
2.694163915915661622e+00
2.927626520874030636e+00
3.080105497229485234e+00
2.981909141732288049e+00
2.973147381973590964e+00
4.740604845246632948e+00
4.526978672062678122e+00
5.191111074893372646e+00
3.742160010420199523e+00
2.963110927557448981e+00
2.622481810879017328e+00
2.736535601441490773e+00
2.774042869915268827e+00
2.638171675078505363e+00
2.809154254473208656e+00
2.675702437378055798e+00
2.777632817128608433e+00
2.722377318858614892e+00
3.302496700256631001e+00
3.837691906837369604e+00
3.111909972899844945e+00
5.999407282265109664e+00
7.809584707448306240e+00
6.038922057176349334e+00
7.025339038296928074e+00
5.508836730627943545e+00
5.351300695218783154e+00
5.709772335364114326e+00
4.842536125114970780e+00
4.983227761976618986e+00
4.783653450806876428e+00
7.550782187648279020e+00
7.304106398901756947e+00
6.318484878313786801e+00
6.569325815299071003e+00
7.448981560647652600e+00
4.527479259707362758e+00
4.785529876962338669e+00
4.197803651478789533e+00
4.326430859444656996e+00
3.902201245144270469e+00
4.684816607505342567e+00
5.032403966799710915e+00
4.716284780788078557e+00
5.292113723925931268e+00
5.915627817432271840e+00
5.180998986365563219e+00
6.189725182866392394e+00
1.599297772207217072e+01
1.599134846486369810e+01
1.104277771017242671e+01
1.291848083714499573e+01
7.855248958622423672e+00
8.218712293873851493e+00
6.286432602952076287e+00
7.924974778133615061e+00
8.619547735034874592e+00
7.494834370533320467e+00
8.127603761960575213e+00
6.098167408393335265e+00
1.044373880547015432e+01
9.987734452491396908e+00
2.708558443758991174e+01
2.253647111764576394e+01
2.970249550786810033e+01
1.538116275566061475e+01
1.249935091044898172e+01
1.390368835051932983e+01
1.303232634046975846e+01
1.214739760873425389e+01
1.040585843476075567e+01
1.376100999290198246e+01
8.316752417126489050e+00
8.583721376812549764e+00
8.801462754045440207e+00
8.983048868901924777e+00
8.173857400987563082e+00
9.727165802404002193e+00
8.067032762885562036e+00
9.520812518052345297e+00
8.805997417717485121e+00
8.578455924071668903e+00
5.840403584891156186e+00
5.875788193311280772e+00
4.891071747599467834e+00
5.063582411800836347e+00
1.103934143567242785e+02
1.240573380485660522e+02
7.183704517772775944e+01
1.060724188746691539e+02
2.435263209449983606e+02
2.416171280419702327e+02
1.531600650903801295e+02
1.577296752695015414e+02
1.104803839424659060e+02
9.566668437576424822e+01
1.136946583936583721e+02
8.193391266728252731e+01
7.787817045177904163e+01
8.156014642886795230e+01
1.061661199332753398e+02
1.517249663483401889e+02
4.337873334543121473e+01
6.319548539569732526e+01
4.424079636255516590e+01
3.890901296423245981e+01
4.719255771200487715e+01
4.673819995702233854e+01
6.641743246977566173e+01
9.087423292966752797e+01
9.239120025280749360e+01
3.710641785078472310e+01
4.503338299383845111e+01
4.680109708028768267e+01
4.670983058603265903e+01
3.134608714800085849e+01
2.604720651856536406e+01
2.102871470092358663e+01
2.172528262899820461e+01
1.669500228708536582e+01
9.159240836064011404e+00
8.242458505532558988e+00
9.067062711218124349e+00
1.135017843087133294e+01
5.620485370534467506e+00
6.509734779072788413e+00
3.990554947321947932e+00
3.815111609852761987e+00
4.510854028069257282e+00
4.950768869519325044e+00
4.938327744553855148e+00
4.755929897360307024e+00
2.540942645144566470e+00
3.761821667134082059e+00
4.064248040102246939e+00
4.012707125777371431e+00
4.129295495571859931e+00
3.647867595151225384e+00
4.405711482050713279e+00
1.810856739668796081e+03
2.127520656657392465e+03
1.952242619670732211e+03
1.378079427890586885e+03
8.116494358642472662e+01
2.933215127568723233e+02
2.348828175034939250e+02
2.247072452808182561e+02
3.602822340773332144e+01
4.525486586003140843e+01
2.728158244110064601e+01
3.189293400003128909e+01
4.068575495819163024e+01
2.997061306210080289e+01
3.162383327058743276e+01
2.720249461298131521e+01
2.178057980696787865e+01
2.100084172392271853e+01
1.883447644683035804e+01
1.355941225555815599e+01
9.050709926921639337e+00
6.476130145296009388e+00
9.864900249303294899e+00
1.366988444306727679e+01
1.000434089550877204e+01
8.623050645463729680e+00
6.496635316235119362e+00
4.177481606354511712e+00
6.035301492310864546e+00
6.114045312803453314e+00
6.358573824473582548e+00
5.398415001532321789e+00
4.798969944403215671e+00
5.329595969346541118e+00
4.692221247558634900e+00
4.269938631172042420e+00
5.017755245169468026e+00
3.738760157741991108e+00
3.770057962909358018e+00
3.889625309987026380e+00
2.745171861570975036e+00
3.015437833526223521e+00
2.876908792453366726e+00
3.091375096309356252e+00
2.967405529529444141e+00
1.970841718961838351e+00
2.160180579363896847e+00
2.202777994303836806e+00
2.695956435223948233e+00
2.696463076951030047e+00
2.724416369715356723e+00
3.022496463794698052e+00
3.634482033713407390e+00
4.269738246420649475e+00
2.481159485592570491e+00
2.734215608251336693e+00
2.973228423682460875e+00
2.992498474525279839e+00
2.950061892742975367e+00
2.624775826061693795e+00
3.164368084714721530e+00
2.900407535298260786e+00
2.350711982462164062e+00
8.388297800750306976e+01
7.574135342161129358e+01
9.534602744539725450e+01
1.921120498652333026e+03
1.276051186238418722e+03
4.465726103307961807e+02
5.630311258699539394e+02
9.670060289168566214e+01
1.791071991026335013e+02
2.405157165190373405e+02
3.489128996845262236e+02
3.511055134549451395e+02
7.569411500620272193e+01
1.215325149895575549e+02
1.158068255313963562e+02
1.490268176236849342e+02
1.536048220596725287e+02
5.861871399176028063e+01
1.398631271527158049e+01
1.565774203714241253e+01
2.887751516654674688e+01
1.346039998661893833e+01
1.542362785573539874e+01
1.127743622196197570e+01
1.334457967126833111e+01
8.500396337911302780e+00
1.146956938625869604e+01
2.042789625484557448e+01
1.452323595700068637e+01
1.299302870823490608e+01
1.793871743898733939e+01
1.789781857782654839e+01
1.931150487184080689e+01
3.009860709359745812e+01
2.291049371585056349e+01
1.689167576331114518e+01
1.762339794062694054e+01
1.958898012412088363e+01
1.612884548427133780e+01
1.700546869014939944e+01
2.046106242928729912e+01
1.211797705800785074e+01
1.266305133951999196e+01
1.577425097136069532e+01
1.674230943075406941e+01
1.409074287458075503e+01
1.086735149391982169e+01
1.068206638140980935e+01
1.020781384932608127e+01
8.438963516424925260e+00
8.702769326814570050e+00
7.868118576018757970e+00
5.992944910109657464e+00
5.901964447990253326e+00
4.963665692440533128e+00
4.130450272130805622e+00
5.282079511710336739e+00
5.073751179163254577e+00
4.780919989444704754e+00
2.669234514239425593e+00
3.772234601034773149e+00
3.588205328670810434e+00
3.984618798679916640e+00
3.750900325745609720e+00
3.712197069340541056e+00
2.696720021242777765e+00
3.395159398695513087e+00
3.235421700725133576e+00
2.752780591878656313e+00
3.089239307551498115e+00
3.611963073608133179e+00
3.180620897633303468e+00
3.243994186498162069e+00
2.697695447957236148e+00
2.690142890312687385e+00
3.154988274041255369e+00
4.227495434842737154e+00
3.828865487293838576e+00
4.339788506173866800e+00
7.276726157564486819e+00
6.749254164495853026e+00
3.461739199917919230e+00
2.435372631000838783e+00
2.954888036115789873e+00
2.437848969823519951e+00
2.499225071833352629e+00
3.122032669748456613e+00
3.165014274245329773e+00
2.569645428673220433e+00
2.561240187619619579e+00
4.259491446545200510e+00
4.910996488679471028e+00
1.747658542335022158e+00
1.921561081220736211e+00
1.923512306146553774e+00
2.880001088940017162e+00
3.336973982489096713e+00
3.605644916187333404e+00
1.479753259990188807e+00
1.916700559172393348e+00
1.324753836888901803e+00
1.424724197107130719e+00
9.561346020704426962e+00
1.396893916471042729e+01
2.692035068064473791e+01
3.389585296531627989e+01
3.009345093640925825e+03
3.340294085302291478e+03
2.838940948299912748e+02
6.303542124970953182e+02
7.373644966397961298e+02
1.266086272847189093e+03
1.870709370936566074e+03
1.559118225942954950e+03
1.705342858076060793e+03
6.169179831708988786e+02
8.492259678661466751e+02
4.849250664829634161e+02
5.004431368668967366e+02
5.581478525939867268e+02
6.363402796277263462e+01
1.657319378522777811e+02
2.666352394007455473e+01
4.169662727135477809e+01
5.232205526796883532e+01
2.202948841287106774e+01
1.613709193421561494e+01
1.837519574344553419e+01
1.523809935845274843e+01
2.008165560806205718e+01
9.779555669664794948e+00
8.835333406667377432e+00
9.416106838129417511e+00
9.248445522445120304e+00
9.181946560856751205e+00
4.950373340251775112e+00
4.136543694521722436e+00
3.499333704412632695e+00
3.018320302357982765e+00
2.043582739545084515e+00
2.384247841404497414e+00
2.878183423909533190e+00
3.494620735835573200e+00
2.484715426117082959e+00
2.358730337988150794e+00
1.895125584937902730e+00
2.229827326421666811e+00
4.062927821473675927e+00
3.818542270893606538e+00
2.924949420386522281e+00
3.314339799602658676e+00
4.101071087841848595e+00
3.665537394861001275e+00
1.921866832927748625e+00
2.220441956525213811e+00
1.458943453634731435e+00
1.169970927555485485e+00
1.220597673087317148e+00
1.103824649882513054e+00
1.213381512827146347e+00
1.072676362361989488e+00
9.258400395263276517e-01
9.844182263216963991e-01
1.137273259108521284e+00
1.297793241322408031e+00
1.179898817214794171e+00
1.081210549554416422e+00
1.110984828687292536e+00
6.599205801857896958e-01
8.811894531053342527e-01
8.944727252153928942e-01
9.756950802288267832e-01
1.018180953804903810e+00
6.105593988741737643e-01
2.064705016741569032e+00
1.754442559169227422e+00
2.421113865304362900e+00
2.481562522918690838e+00
2.558319893853422844e+00
3.561589716224714763e+00
3.367849082295479413e+00
4.502978266383478534e+00
5.254222887270069364e+00
8.599841519796367351e+00
2.539196558651553026e+00
3.348958779419668907e+00
3.393447691312576620e+00
2.347427702453313891e+00
2.969733095973935644e+00
2.571678028545870909e+00
3.761539517727288562e+00
4.637685231945477327e+00
5.216973928655798787e+00
7.813798186149204739e+00
1.099057998271457137e+01
4.121789648998673172e+00
3.727515711960407874e+00
2.568008518620178204e+00
2.896565121936961695e+00
5.091321937649265550e+00
6.202513373684295672e+00
1.332533169139957074e+01
1.161029995608392795e+01
4.420430136223361117e+00
5.665555711108700265e+00
7.143833349655055898e+00
6.052279620078805600e+00
5.047680304150971686e+00
3.338971657972752194e+00
3.572474223121963277e+00
3.792380928107743632e+00
1.119872251509646865e+00
1.562844156364967318e+00
1.047408700115578073e+00
6.196686436138026943e-01
8.117446599978441757e-01
5.762203503094880386e-01
5.870191812066509751e-01
5.874303628824167900e-01
7.026707607092621544e-01
7.224121871666979722e-01
5.568610314814373963e-01
5.209735635863014247e-01
4.450610212624007134e-01
4.226336285619680666e-01
4.275340287107746717e-01
4.190285887358518035e-01
4.049720049967970859e-01
4.091694913794639010e-01
4.061140662009363744e-01
4.001238027520792051e-01
4.035648911538480266e-01
4.004240076183028796e-01
4.045541504447496273e-01
4.017994920957352889e-01
3.999997467103447724e-01
4.081395806596168629e-01
4.151436891948839247e-01
4.134605793299628851e-01
4.126021862378654315e-01
4.159004680470239079e-01
4.283846297948906701e-01
4.351980984046922019e-01
4.397185100727558638e-01
4.388448252513041381e-01
4.425858816207439705e-01
4.414305952931056320e-01
4.636629776478084497e-01
4.650061548014899904e-01
4.947941390140783713e-01
5.588987081904758236e-01
6.161314117578168270e-01
5.559750455387423962e+00
3.551245094880542297e+00
4.129149310437000509e+00
1.774927699681023707e+00
1.568776325304793273e+00
1.813313987446221187e+00
1.418718774824044182e+00
1.244039872102081778e+00
1.962793024710498990e+00
1.652738655181295924e+00
1.586887665497209499e+00
9.839175886161928286e-01
9.915090324906922215e-01
8.682098229827455160e-01
1.435511308043491585e+00
1.543822922417688703e+00
1.590029394881627312e+00
2.905282008351682599e+00
2.052629010724910774e+00
2.621499952051713933e+00
1.558895215200489570e+00
1.868791450371078522e+00
1.925217991512319982e+00
1.285697976056488612e+00
1.331163520082066176e+00
1.410569523936873404e+00
1.647584180303940604e+00
1.210744276184201551e+00
1.385243868237214793e+00
1.347886083936172152e+00
9.620432787280828180e+00
1.003784705268855149e+01
4.269453799168632102e+00
4.983352310147575182e+00
3.069302298827313091e+00
3.641157750379387270e+00
4.184020097428925666e+00
6.818433883811296781e+00
5.286894055143311455e+00
6.428893610224654331e+00
5.951794745845304213e+00
2.465162446984901390e+00
3.317975129200288364e+00
5.120289344248811325e+00
4.082917109236896103e+00
4.481206718737897887e+00
6.699854575764065956e+00
7.094035178566344690e+00
8.506606195455271191e+00
4.984322322437968467e+00
5.667353235027962732e+00
2.382241696170656837e+02
2.502284557782317620e+02
1.442035251570130754e+02
1.619877888687661880e+02
1.685320771776854372e+02
3.311379750450005872e+02
4.438267368845893657e+02
2.737077761258121882e+02
3.074063074937679403e+02
3.194750965704387795e+02
1.998041583854002923e+01
7.945350769795251722e+01
6.809435609147116963e+01
2.911163676148344592e+01
3.164478422885158082e+01
2.886000015352545844e+01
2.773483497898483918e+01
4.190743755876171406e+01
3.963450019627224208e+01
1.441062940450356145e+01
1.533819375361046866e+01
2.099629638724289293e+01
9.448071435744530788e+00
8.126074115123728347e+00
8.083576887373993713e+00
9.650115743288388614e+00
1.259987514122812691e+01
9.725106228733706004e+00
1.150418050335117037e+01
9.366836743088537531e+00
2.283113631788112219e+00
1.888658863049139880e+00
2.252786477154992362e+00
2.359258523980113598e+00
1.731448274667141352e+00
1.464378845532119611e+00
1.811547806874627797e+00
9.908402792057758646e+00
9.223615544913117859e+00
8.634226078647655456e+00
1.414176265530266363e+01
1.038065975943313468e+01
4.585400344959515095e+00
5.844768665722783751e+00
2.241802028088311971e+00
1.132456809818802368e+00
1.146850606290019225e+00
1.140669665330007243e+00
1.249856553496861533e+00
1.264105420753185660e+00
1.250608355573195274e+00
1.290499064401028129e+00
1.406708706829499000e+00
1.351117328183998323e+00
8.303140968081441642e-01
9.371445920627929915e-01
1.227126239135772234e+00
1.211498586895423557e+00
1.132099623981494219e+00
7.807179662051511038e-01
7.298922735263366768e-01
7.168008803615607549e-01
7.572984728965193035e-01
7.467349178222640882e-01
7.218796146710776407e-01
6.986283690303618510e-01
5.357923333817483647e-01
5.499440551516348030e-01
5.175619378612474897e-01
5.183596722819852065e-01
5.129972392053195884e-01
5.113569372880486519e-01
5.532859234086032751e-01
8.735802510288551703e-01
1.507341497073040273e+02
2.650246757165623990e+02
3.252321836591559077e+02
4.604103356645450162e+02
4.027976035508892210e+02
1.913569929061140158e+02
6.619201505847421174e+00
2.301122931558646911e+01
3.352711076642975030e+01
5.639690796019771568e+01
2.680857667640063013e+01
2.976379971236008970e+01
2.771316957297630168e+01
1.034366384988621945e+01
2.294919291908263936e+00
2.565868329352873900e+00
3.154144594506717247e+00
2.665061170409109170e+00
2.851226033558359241e+00
4.262000082049604899e+00
3.280139913285655240e+00
3.809399776404794657e+00
1.460691831107687522e+00
1.114941133281156072e+00
8.602251300438815695e-01
8.070409278903251105e-01
9.704311774888545461e-01
7.748973458075528731e-01
8.437758235518536543e-01
7.931493932459663387e-01
7.256648850518215843e-01
7.033050949341463909e-01
7.910822104172533509e-01
6.690515878472108602e-01
5.881933694257197587e-01
5.740630149003341787e-01
6.768978536817260583e-01
7.076030334373658581e-01
8.581257193034919073e-01
1.027680789386930194e+00
9.549832013669824482e-01
9.236167950529873272e-01
7.416250864727810255e-01
7.743621694360135477e-01
8.235240333303260885e-01
7.501459066551331434e-01
6.562864738205145265e-01
6.322954171201888851e-01
6.529645134631359982e-01
6.191817387527041028e-01
3.678446799844484083e+00
4.781359127715600899e+00
7.378089106944519138e+00
9.931176117199903786e+00
1.027157236702296750e+01
1.988819468229837684e+00
3.465998697747198154e+00
4.258469895028013319e+00
4.507892361501021128e+00
4.475438274910295000e+00
9.152862594143928998e-01
1.563342000181795921e+00
6.348644000992865744e-01
7.648012403329506048e-01
9.294631437588951606e-01
1.153468260975320181e+00
1.187613973967597270e+00
1.355707608405992026e+00
1.507572091953178628e+01
2.880624419876886222e+00
5.687683566967998594e+00
9.209189632757384558e+00
1.184039188248028651e+01
1.271782155370740242e+01
9.536749058899108178e+00
1.068547702261484389e+01
9.018723641486896980e+00
3.220025356842842967e+01
2.354012646372658679e+01
2.755432212264112479e+01
1.326417221645251132e+01
1.647148027327988729e+01
1.662004169111547469e+01
1.280859988434564478e+01
1.945083257255756237e+01
1.919558501412281259e+01
1.225838868007051197e+01
1.119093401784843245e+01
8.057313308542349617e+00
7.278234677337416692e+00
1.056971744811740344e+01
8.262360972854457586e+00
1.356338010814896755e+01
7.604025062025143278e+00
5.029312001863365467e+00
7.214817692343194366e+00
3.056501394292468365e+00
2.429727907684666732e+00
3.398968745174173467e+00
4.384402159061306925e+00
2.779290593730902259e+00
3.558378273755381294e+00
5.093310832258513443e+00
5.243354151197405777e+00
4.627356058430832420e+00
3.754843398994162307e+00
2.372601439898461617e+00
2.405381898878012237e+00
2.437538596511417577e+00
2.433497369420289047e+00
2.074202616082482908e+00
7.718584236486176753e-01
9.100235965175736963e-01
7.082035822371970379e-01
8.021270219070777419e-01
5.310973678644304030e-01
5.846605886167103305e-01
6.415354379579207844e-01
1.547211778067646648e+00
2.112582113518666574e+03
1.378552215466250800e+03
1.874243515491275957e+03
2.298512162110655026e+03
7.559631760929628399e+02
1.098419441305507462e+03
1.541056944500375721e+03
1.073659456248266679e+03
1.751862386275143308e+03
8.678650550795591698e+02
6.760368620613224948e+02
6.355389544849588219e+02
2.013488842543296755e+02
2.367413493058174083e+02
2.783345666710728779e+02
3.264471812360680474e+02
6.467270149605618599e+02
8.190710146263753586e+02
9.747324573064622655e+02
9.854264022489600165e+02
1.638494094434894578e+03
2.445097454608157932e+03
6.803518193590200553e+02
8.282559730421362474e+02
1.048148534946860082e+03
2.033785614521324987e+03
1.850721519209256940e+03
1.871886346915809327e+03
1.126939026402885702e+03
1.078622501719315323e+03
1.035432761214322682e+03
1.641760808798022026e+03
1.060418844907574112e+03
1.062961156798995432e+01
6.141222462705919583e+01
1.018794219041414806e+02
1.458608837947684833e+02
3.002548728374993630e+02
4.309930070783788665e+02
6.076468218743765419e+02
3.367186127436611400e+02
3.905819893713024271e+02
3.619986383350956771e+02
5.536359337629128277e+02
2.155684274219619851e+02
1.762729449346459489e+02
1.401670882257269284e+02
5.141796800659675881e+01
6.201418680122083771e+01
3.606225696349680732e+01
3.163227771403247246e+01
7.432776276941582161e+00
9.145457931872494228e+00
9.444568221662295926e+00
9.631332554440154681e+00
1.490579759903280177e+01
1.460316295443489665e+01
1.810065703904771439e+01
1.770666156334875296e+01
2.072313384371228651e+01
3.134595447692152703e+01
4.603842208993903995e+01
7.032943825583836883e+01
4.747181523835713080e+01
4.357239588451333390e+01
3.067558264936652890e+01
5.290863433876586441e+01
5.751944181015148416e+01
9.006266889601015180e+01
7.622549930588978384e+01
5.223931295440844735e+01
2.829626804747705648e+01
1.418898440251230930e+01
1.475249969883738288e+01
2.422242742262509196e+01
2.963068596031358837e+01
3.333584895383715008e+01
3.421840810759017160e+01
4.638535029373860397e+01
1.651799026569686291e+01
1.766294658031518949e+01
1.387947257401759593e+01
5.841721154266792837e+00
4.189755416862364967e+00
6.222032892227059797e+00
5.754795903355299558e+00
1.966955640174619102e+00
2.550625407536002864e+00
2.065225689910732410e+00
2.288622806373358021e+00
4.606862577155537153e+00
4.750349521093702343e+00
1.331895890331260102e+00
1.773111630463593213e+00
2.110355692157622087e+00
2.790606905350144995e+00
5.019689555272706549e+00
4.760262678639761269e+00
3.270889210779039935e+00
1.627661386382963871e+00
1.623858214709265280e+00
1.691140497946633792e+00
1.598484773648183754e+00
2.399767591557117274e+00
2.542856484947967122e+00
1.002028037578323261e+00
1.260470847983730769e+00
1.025417869551557448e+00
9.363224926502254908e-01
8.738630285653198326e-01
7.522953959677891600e-01
8.690689400893462091e-01
8.735086472214778075e-01
1.013279931635326259e+00
9.830899977145484137e-01
8.597664230395853924e-01
9.617428100491876020e-01
9.891710716974057016e-01
1.167486355291906808e+00
1.000350617255573837e+00
1.289798899507189622e+00
1.478564527624399716e+00
1.379267889803922342e+00
6.309513546086156222e-01
1.064913678227840332e+00
9.989144299703394125e-01
7.651780959716347752e-01
7.780338341623794784e-01
5.918449785444830358e-01
6.233515684342074703e-01
6.388019718021942239e-01
5.800085306911455518e-01
5.769075388512985292e-01
5.582962730438650878e-01
5.552478661567525897e-01
5.676682620272727187e-01
5.592881202088761938e-01
6.185013399439097670e-01
5.665742716679116331e-01
6.247507048789323614e-01
6.894140464576117289e-01
7.549166494735362498e+00
9.628181876917279780e+00
9.731981132477566021e+00
5.842094695146020200e+00
5.523503127568614168e+00
3.183156070393845738e+00
3.422399301229983593e+00
1.791647273900766724e+00
2.227147066579929557e+00
2.903446148756319900e+00
1.742539743819651576e+01
1.816273426122766921e+01
2.956952868120640687e+01
4.282122329853185505e+01
5.891409192401119554e+01
1.245356500631582435e+02
1.482948843449954666e+02
1.184358794299784456e+01
3.552637942419944750e+01
3.060838120935554230e+01
2.493917198913829836e+01
3.399260272187152765e+01
5.075933758291275666e+01
4.555090236846729113e+01
1.864276433611397721e+01
2.051835293839194563e+01
2.916297514558601733e+01
2.086082725088637702e+01
1.553687215331941829e+01
1.381979007377784363e+01
2.903728900026777993e+01
1.755498921303314575e+01
2.099122093619457274e+01
1.380067404413142640e+01
2.116659456182971866e+01
1.968682042052609305e+01
2.907598861201211804e+01
2.080057095153333435e+01
3.150798963352356541e+00
5.549848546487575973e+00
5.861797261839083006e+00
6.212243958613053785e+00
6.378268801159214796e+00
6.686811644381583264e+00
9.281634155280926279e+00
1.163150196272521875e+01
7.292802688395657817e+00
7.252912751004825687e+00
1.088205513515362099e+01
7.191547320933986853e+00
6.865708313273573005e+00
8.196977283432435257e+00
1.036041071102285605e+00
2.640926195638591434e+00
3.142070793875439527e+00
1.045050526327077733e+00
1.304636010651649913e+00
1.374694984836998701e+00
1.420844528239915139e+00
1.372216303719317132e+00
1.622946438824793836e+00
1.168258243268218255e+00
7.511570235873826773e-01
8.878483139036366101e-01
1.244194426207334780e+00
1.064154919638821584e+00
1.096312020037219170e+00
8.869714712727564399e-01
9.231638418299455973e-01
6.415180862474019197e-01
6.667215783624351744e-01
5.696537239453938195e-01
5.848406144016234931e-01
5.159169217591724754e-01
4.999477098841402234e-01
5.068928721301768636e-01
5.292914705766204042e-01
6.823596584867770432e-01
6.193608253194764490e-01
6.063970629685184743e-01
7.469142902149552565e-01
3.030062275357530588e+00
2.694054417517211419e+00
2.821602015322824286e+00
3.359921011965921078e+00
4.652016575063125714e+00
5.788083278454965175e+00
6.862075736290849548e+00
9.763284746576188056e+00
1.215120947759638170e+01
1.119696024277619628e+01
9.304924184231953888e+00
7.593908680912267783e+00
7.593007672611693515e+00
1.620399538924432647e+01
1.149100868287304067e+01
1.397471215152895851e+01
6.557084673998099245e-01
3.518270978425718010e+00
1.165613461847414767e+00
1.692967610658815403e+00
1.692042589040040568e+00
8.436026975184079957e-01
9.679382224792538736e-01
1.126409668080784909e+00
1.267511275857432285e+00
3.676207937293734851e+00
3.070424071695355472e+00
1.974505301554502656e+00
1.232190235783404253e+00
1.252592490256955848e+00
1.372275508120552212e+00
1.524327987706888488e+00
1.749151438725709440e+00
1.068510639544330898e+00
1.227606691843192266e+00
1.470146349645798267e+00
1.392017040911188941e+00
8.574082210434280649e-01
8.561800040741446294e-01
7.417019383152959611e-01
8.194502125905676060e-01
6.565036248990927525e-01
7.354846042091035541e-01
7.759307262451038412e-01
9.640581810605088897e-01
9.953833735274233430e-01
1.513087821718277048e+00
1.696805485009473813e+00
1.003579756443126803e+00
1.233494153783409208e+00
7.177459548778361009e-01
7.551762455265806917e-01
9.497465940945578611e-01
7.993327587072742713e-01
7.044494640977085886e-01
5.746439030045332741e-01
6.360627316086538974e-01
5.669049327474516842e-01
5.346401976071357698e-01
5.979398596605893790e-01
6.167127645236000211e-01
9.556880944034633618e-01
6.031725863088295281e-01
6.573399385568357012e-01
6.112891038710819291e-01
5.213770316752542877e-01
5.158095337213590703e-01
5.518861725972946664e-01
4.831497750460301277e-01
4.531149435729074915e-01
4.424623097458381671e-01
