4.274801460926048549e+02
4.211734354519401791e+02
4.182430395769968072e+02
4.428516551377043129e+02
6.320035673974231258e+02
5.264435082542831078e+06
1.544813349738635123e+06
2.620320940613393206e+06
4.049326848752027843e+06
4.412082989330393262e+06
4.794268440204934217e+06
3.798311816842422355e+06
7.669895788589864969e+06
7.037531110431498848e+06
5.888194314597108401e+06
9.796871470319265500e+06
8.422152281859481707e+06
5.928096775259895250e+06
4.756286560885976069e+06
4.677832922485036775e+06
7.603950066697439179e+06
6.963119963591046631e+06
8.368240289089976810e+06
9.279587275570446625e+06
1.069960608555182815e+07
4.158551583910727408e+06
4.775527588090560399e+06
4.548842634418653324e+06
5.647057191255085170e+06
3.837052759431452490e+06
3.743657955321309622e+06
3.064511601844382007e+06
2.405560423126284033e+06
3.090316773612243123e+06
3.530192003318109084e+06
3.451655995057366788e+06
5.465706428452213295e+06
7.720322705426052213e+06
4.476803145926187746e+06
1.350266681902708858e+07
1.245468934316837974e+07
1.593640086053162999e+07
1.196412812022600695e+07
1.310509260233753920e+07
2.521174963766086847e+07
1.189251385240862519e+07
1.349509262223778665e+07
8.744897454898735508e+06
2.518134628723667935e+06
4.273140879992739297e+06
3.272934348716672510e+06
1.277797982658591354e+06
1.807314718738790136e+06
1.982229223386702361e+06
8.433806319715965539e+06
3.674664091261588968e+06
4.601504272319601849e+06
4.063583888050132897e+06
3.113534986397399567e+06
1.948796017045835266e+06
2.448625669883153401e+06
3.506125542907925788e+06
4.460938680691965856e+06
5.754685434658266604e+06
6.537467474648597650e+06
1.530406754483198281e+06
2.247850730641609989e+06
3.561139466625371482e+06
4.838501769416247495e+06
4.337736168844222091e+06
6.196395855148456059e+06
3.003683183452011552e+06
4.765365288857257925e+06
2.554288939774180762e+06
2.934360783743764274e+06
3.127438650225487538e+06
3.516518345614830963e+06
4.465866066254750825e+06
4.404376150403010659e+06
2.649116240350639913e+06
2.689770395518724341e+06
2.650206218461947981e+06
2.006139057466441998e+06
2.652682919706643559e+06
1.451059541181752458e+06
2.444682622703052592e+06
2.262355888892922550e+06
2.194390281065722462e+06
2.364444219960523769e+06
2.351135744752559811e+06
3.154497446598725393e+06
4.362444988205335103e+06
3.346087970308871474e+06
3.023940554649173748e+06
2.670118631152385380e+06
2.009244676478249021e+06
1.768874238253758522e+06
1.569163206580857979e+06
1.574612508925859816e+06
1.739841554032700602e+06
3.032941613794940058e+06
2.546881599769544322e+06
2.579368981968240347e+06
5.992887818981296150e+05
1.081151608056856086e+06
1.302564628840778954e+06
1.704554149766155751e+06
1.252776628201780841e+06
1.485787989681895589e+06
2.076056586742913816e+06
2.450563080004598945e+06
1.453014003427699441e+06
1.325879621843154076e+06
1.326258981603325345e+06
1.237266868913673330e+06
1.426022869716234505e+06
1.417928118974316865e+06
3.855482189323664061e+05
3.532889339790741215e+05
2.029084714165350888e+06
1.908322425362681737e+06
1.319274748367628781e+06
1.953270199152190704e+06
2.080395575675411616e+06
7.928354741543944925e+06
1.133344801253261231e+07
6.288876495289638638e+06
7.464647828543655574e+06
3.703146676677817013e+06
4.687274025922301225e+06
3.889482528308086563e+06
4.129823269412509631e+06
5.022046017871584743e+06
4.931989407714899629e+06
7.586601382507272065e+06
7.130793652989698574e+06
6.147424713001422584e+06
2.537530407317995559e+06
6.870702648969136644e+05
8.060505011260230094e+05
5.195619620997510501e+05
6.005990737829465652e+05
6.793850000239869114e+05
6.160019319324396783e+05
3.071273648101880681e+05
1.012040287466202979e+06
1.138215483635114506e+06
1.281617877008653013e+06
1.121777576957145473e+06
6.845126340025869431e+05
7.535435963790497044e+05
6.021928984900892247e+05
4.392086498022777378e+05
3.556583085499780718e+05
2.522277100228985655e+05
1.956824899096004956e+05
2.172339951930434327e+05
2.064422558241601510e+05
2.648787925310152350e+05
2.264773203280011076e+05
3.321590198852884350e+05
2.840369402809438761e+05
1.574261786030009971e+05
1.826742358888340532e+05
1.464106642262555251e+05
1.371295746096041112e+05
1.322375396478769253e+05
1.052516957127129572e+05
1.008137929623165110e+05
6.995810673788057466e+04
7.456569220162859710e+04
7.737972280299970589e+04
6.526046042274501815e+04
4.667410899783075729e+04
4.347137924064336403e+04
5.204895474005190044e+04
6.210247401939895644e+04
6.012516148432621412e+04
6.551015631133940042e+04
7.877023532026178145e+04
6.651496162484260276e+04
4.600919564822554821e+04
4.468740944993989251e+04
4.378435041215882666e+04
4.011466699676662392e+04
4.459775139769458474e+04
3.691521259404348530e+04
4.160240352521314344e+04
2.532140978538724812e+04
2.025926695935325188e+04
1.941319605398036583e+04
2.645353047217764106e+04
2.037465106903739434e+04
2.362666197150043809e+04
2.167419394297767940e+04
1.940423115628553569e+04
1.502620378284406434e+04
1.480295331670526866e+04
1.616739329977412490e+04
1.190431238602254780e+04
1.283775226962093438e+04
9.953198531021185772e+03
1.675333104689211905e+04
2.151422577179025757e+04
2.276282463348842430e+04
1.552469313634378523e+04
1.744309628658863949e+04
4.191683713517477008e+04
3.825173368966491398e+04
5.211406288914834295e+04
5.421049752345362504e+04
3.912970452068437589e+04
2.525129333073775342e+04
5.039678942584397737e+05
5.958471777675863123e+05
1.802173718008593714e+05
2.915189923816686496e+05
3.470344054535416653e+05
6.177821819134720135e+05
5.362533264328213409e+05
7.061985555560120381e+06
8.299024372886114754e+06
7.407185267273496836e+06
7.707891290721055120e+06
7.421474444319101982e+06
4.521205414089980535e+06
6.191325988027669489e+06
1.047646635697247833e+07
7.983617479618469253e+06
9.466947017639325932e+06
1.266041024722773209e+07
3.336498058887624182e+06
1.599975995183701860e+06
1.763632399404422846e+06
3.399097061284998781e+05
5.871800976829316933e+05
7.697764341659246711e+05
6.195049777299119160e+05
5.199432623625307460e+05
3.140769870824665413e+05
3.074904730313512264e+05
3.859464031068196637e+05
5.030871532497815206e+05
5.645383534705896163e+05
4.437794763326427783e+05
3.957873839707316365e+05
2.443445910129628610e+05
1.276980073644445365e+05
9.963043499883955519e+04
1.128346470493210363e+05
1.302433690622393333e+05
1.638592187171533296e+05
1.783267749071019352e+05
2.725744319983932655e+05
3.231899417438064702e+05
4.040505120580917574e+05
1.936062067951930221e+05
2.765259225244611735e+05
2.787434714695899165e+05
2.175730730262752913e+05
2.221000563799920783e+05
1.717784269371807168e+05
1.592046928527829587e+05
2.446058452496436075e+05
2.941305672663994483e+05
2.923858412498052930e+05
2.240291201946752262e+05
2.663625243033039151e+05
3.762108829842347186e+05
1.396088060581145692e+05
1.640121366851830680e+05
1.912250540437333111e+05
1.568280290721814672e+05
2.066587252826527401e+05
2.342159092968382756e+05
1.931157540401834412e+05
1.440743315860567673e+05
2.258809640186293691e+05
3.655812244379285839e+05
3.415835486324309022e+05
1.204043591861324821e+05
1.330599505106504366e+05
1.286013725893342489e+05
1.267769412244415435e+05
8.736549493621302827e+04
3.224601082271275300e+04
4.872743367886029591e+04
5.333755672486852563e+04
2.775845278579544174e+04
3.401429118478019518e+04
3.885934446504497464e+04
3.649318502925946814e+04
2.639927030207498683e+04
3.468435254070399969e+04
7.426472576555715641e+05
5.535245285660771187e+05
6.183549172141099116e+05
1.971033103278839844e+05
2.696609846635751892e+05
2.781417036962142447e+05
3.514374190538792755e+05
1.196168743113864184e+05
1.850589701132251357e+05
2.108404840927820187e+05
1.065486671025639516e+05
1.234356601619089051e+05
2.211196377087015571e+04
4.011599088547281281e+04
2.720427220466418657e+04
3.291689920230608550e+04
3.618935493142651831e+04
4.985662965535461990e+04
1.359657333343768958e+06
2.268838561159294564e+06
3.165507305947139859e+06
2.250224359754357953e+06
2.099714649651717860e+06
1.001531616400195868e+06
1.023424993501565768e+06
1.115685188342301641e+06
9.121953043129672296e+05
7.701670265966932056e+05
7.122872688975352794e+05
8.027211258109725313e+05
2.752394318799398025e+05
1.235895493379429099e+05
1.350377338658632361e+05
7.509525997157693200e+04
2.842803205898915985e+04
3.540356746334063064e+04
4.233417802184728498e+04
4.590444021891365264e+04
4.943540495468838344e+04
2.964690281954008969e+04
3.086678685652205240e+04
4.166018836352381913e+04
3.919727378560263605e+04
1.423039586802445774e+04
1.090724620577680071e+04
1.125521089521399153e+04
1.209031331032758681e+04
1.460091044335311562e+04
1.416396752493811437e+04
1.283126674396975977e+04
2.199658976974262987e+04
1.736542566502659611e+04
1.878583212043669846e+04
1.338539410941622373e+04
1.549449925717658516e+04
1.327914737328779302e+04
9.659315581465427385e+03
7.859476867697087982e+03
8.504454910449767340e+03
1.081772255422782837e+04
9.964783777075692342e+03
1.164552532592711214e+04
1.131857616105740817e+04
1.518175775377847312e+05
2.578788040054417215e+05
1.895850870650753495e+05
2.698418952805697336e+05
2.080046543812508462e+05
1.353696296980862971e+05
1.077522997730223287e+05
1.304866781580731622e+05
9.931297590027170372e+04
2.008942755600411328e+04
6.415471516781633545e+04
7.946765085945025203e+04
1.678880304608569422e+05
2.124894619640567980e+05
1.102636919644072477e+05
3.766374514166943845e+04
3.174519909922514125e+04
3.718013687082067190e+04
3.959901944749749237e+04
4.691479831433220534e+04
6.255144186902368529e+04
2.768266132032549649e+04
3.217034555659690886e+04
2.989470713499109843e+04
4.788709493666324124e+04
2.499783944610153776e+04
2.792616342909711966e+04
3.278854617268328730e+04
2.780447795501356086e+04
2.961538967653283544e+04
2.079335878233871335e+04
3.419885364569480589e+04
3.155400471607274449e+04
3.671777323056125897e+04
3.277214936552637664e+04
4.726114058920625394e+04
4.122161164728019503e+04
2.687228758651153476e+04
2.997658599017412416e+04
2.612937948438336389e+04
2.171476106868146235e+04
1.704185902431889190e+04
2.352287153022774146e+04
