1.971940182890482340e+00
1.916230846708941504e+00
1.882984883206169524e+00
1.840349411520430412e+00
1.797173225838512245e+00
1.767177476395431768e+00
1.732827719107468578e+00
1.703218042018096678e+00
1.665970822009143815e+00
1.634617275715993134e+00
1.606584070014921650e+00
1.580324019872989094e+00
1.551600391531123613e+00
1.529118504996712424e+00
1.500556828240826590e+00
1.473972028922276856e+00
1.450128201171868803e+00
1.430850713903400795e+00
1.404906448452331036e+00
1.381153293918894631e+00
1.360615386209898414e+00
1.339641840897931813e+00
1.319251868488977131e+00
1.298896089359874217e+00
1.283166332045838409e+00
1.264908917011504208e+00
1.247270693084349791e+00
1.230996541172019620e+00
1.213926038032892230e+00
1.202663393560026606e+00
1.187539295617734192e+00
1.176419810078368045e+00
1.162406408995349416e+00
1.151275944587278222e+00
1.141586303886750642e+00
1.131072920303901386e+00
1.120568482846592939e+00
1.112520601703817613e+00
1.100970263084787959e+00
1.091955352669760071e+00
1.084286347017343388e+00
1.075025052708923123e+00
1.065108576637261661e+00
1.057175251622955781e+00
1.050394910915654068e+00
1.044332792071745120e+00
1.035682038127487825e+00
1.029894307404294773e+00
1.024552041768447941e+00
1.018320031079040788e+00
1.011147044866032241e+00
1.002975709920070901e+00
9.958609507377824688e-01
9.924655390048426895e-01
9.846816207423206846e-01
9.767458942416037404e-01
9.673612283038919291e-01
9.585550395255036937e-01
9.505948276053693968e-01
9.419861960248527843e-01
9.312535470243514801e-01
9.222822313311844766e-01
9.163393161582658042e-01
9.042375904127317732e-01
8.990534883919104603e-01
8.914459493831580206e-01
8.847159632300409804e-01
8.736354217717734461e-01
8.633481255776855878e-01
8.515440068006432384e-01
8.384146929997988718e-01
8.239587634547905770e-01
8.134763891243365075e-01
8.011979263654176453e-01
7.918661426091861966e-01
7.830891218083304572e-01
7.738629795473794815e-01
7.651029444872670116e-01
7.518912420017470621e-01
7.390770329043486742e-01
7.293521374865995499e-01
7.162436589402042530e-01
7.044480419778200719e-01
6.920279785114694659e-01
6.821421043899158487e-01
6.714012860013747197e-01
6.603263610442241527e-01
6.468820914649752174e-01
6.314059756942861368e-01
6.234334473948787148e-01
6.084940115014799700e-01
5.961015513223277829e-01
5.871353241414843938e-01
5.760620187323086672e-01
5.680534823479234108e-01
5.554816837588765210e-01
5.428602668279753907e-01
5.323892972305036553e-01
5.205423998882195979e-01
5.113853117596692810e-01
5.005759226870132306e-01
4.883233294405846525e-01
4.774282857796713353e-01
4.665212254092458433e-01
4.551435805099207643e-01
4.464849508890818552e-01
4.375455028522089451e-01
4.294635440383774427e-01
4.171123567472469484e-01
4.091833231546225802e-01
4.023705416737202167e-01
3.927491275346274291e-01
3.832792681363870191e-01
3.753245000993712388e-01
3.661717084299723757e-01
3.581710750972311175e-01
3.487125001583686323e-01
3.413326775460276408e-01
3.365358563364652666e-01
3.279337695027513266e-01
3.226187453192409516e-01
3.143073703870500335e-01
3.100899699721900715e-01
3.043983301934989338e-01
2.968513194375325681e-01
2.931372874932117734e-01
2.866107811983796272e-01
2.829103551811718020e-01
2.777870266404522948e-01
2.740677504422611710e-01
2.642120102326150355e-01
2.592753289265674610e-01
2.544917518825231539e-01
2.501671499570946589e-01
2.454117928998540421e-01
2.410767772383886343e-01
2.331899574492957150e-01
2.266345697423712002e-01
2.211314713221565198e-01
2.188035996256775251e-01
2.153331018645019967e-01
2.090465173123653153e-01
2.050109489504082505e-01
2.023559611760337440e-01
2.000338980271240685e-01
1.958796820785791981e-01
1.912949869002059378e-01
1.873088748065045717e-01
1.831823779023108167e-01
1.790873490628166476e-01
1.763370769931519033e-01
1.740052848280725373e-01
1.698976551046809391e-01
1.678355681016709677e-01
1.638799042314461052e-01
1.615434806712985616e-01
1.580367360589856884e-01
1.549518723671560461e-01
1.513957355728410281e-01
1.486082898130279828e-01
1.434313231363770202e-01
1.416701149014653882e-01
1.397294736269078519e-01
1.364692901347489828e-01
1.338275235621546322e-01
1.329098498824330121e-01
1.312973054107583470e-01
1.288167325709303479e-01
1.269999908778015052e-01
1.248959228542181887e-01
1.203441637936980974e-01
1.179340833031129188e-01
1.165283315424966992e-01
1.140839937384245800e-01
1.130863025967752677e-01
1.105906987763567995e-01
1.094754592962506323e-01
1.076115232678426653e-01
1.067180337152193875e-01
1.057729126610589404e-01
1.048895869304303230e-01
1.031340613051366095e-01
1.020842646145223853e-01
1.012635654259416429e-01
9.923280789071045604e-02
9.822949940845533690e-02
9.731070581142466092e-02
9.679719292334397485e-02
9.540415169566984765e-02
9.385574839062599262e-02
9.223420905736469388e-02
9.103391752998749031e-02
8.991640985682246290e-02
8.828138137312584177e-02
8.750164325412479460e-02
8.693527634965994566e-02
8.582179848892913798e-02
8.505993164672702445e-02
8.437453236190771422e-02
8.371084347210520915e-02
8.238627289642268259e-02
8.146427387969203127e-02
8.073910866078751192e-02
8.023543246566601506e-02
7.950946560276349329e-02
7.900240052141069280e-02
7.849616308608592385e-02
7.674695693893286708e-02
7.541563160546753408e-02
7.435208222760997243e-02
7.375212374049926189e-02
7.239882726807768398e-02
7.197428063311540891e-02
7.131352031568222172e-02
7.009806539763556443e-02
6.877445231035628215e-02
6.789284731503353321e-02
6.686610293773213864e-02
6.642658319490205021e-02
6.594492138393938385e-02
6.551383238456691405e-02
6.429622842834334384e-02
6.363400161933722987e-02
6.308653799178379207e-02
6.182910673800165458e-02
6.138773966986105224e-02
6.038080060661676213e-02
5.988069658153726688e-02
5.944603256911149686e-02
5.907599915917313704e-02
5.797285528599752102e-02
5.766173998004209267e-02
5.667393917617549043e-02
5.557897541750980025e-02
5.454165220488923355e-02
5.412984157923362433e-02
5.379804704233928647e-02
5.345555954600740567e-02
5.310229313830208686e-02
5.270195095036830230e-02
5.230351139420189033e-02
5.129260574554027341e-02
5.094592445438543560e-02
5.057429322948453487e-02
4.984261678687867264e-02
4.936355888532270586e-02
4.907028624950258294e-02
4.814251321270508061e-02
4.751082310176712314e-02
4.727337639516545481e-02
4.705558983893742137e-02
4.679819378092749116e-02
4.663600724965603211e-02
4.629624008889055009e-02
4.606041817619954681e-02
4.587328598127953655e-02
4.568887867895407573e-02
4.542537957228025974e-02
4.533841796882388114e-02
4.511131709500249692e-02
4.486751182151447331e-02
4.389975894499587722e-02
4.350237608085397861e-02
4.307582900001066112e-02
4.283396868864541157e-02
4.269274522259474541e-02
4.261999809706718684e-02
4.252525839101337080e-02
4.227403633793947596e-02
4.210284119614483844e-02
4.201981681483562409e-02
4.189775142871633024e-02
4.176994136675719199e-02
4.156052262083465704e-02
4.132897327175014124e-02
4.128450361671255620e-02
4.128121095973120991e-02
4.046605363035791353e-02
4.020642142959270776e-02
3.998842254831511817e-02
3.985532658154623820e-02
3.981350028579221795e-02
3.977094876504277260e-02
3.969078118912933162e-02
3.963314596687617791e-02
3.947675346562826149e-02
3.924891246705505821e-02
3.906999039187360884e-02
3.904488203741458135e-02
3.895781480733313817e-02
3.889994740778762033e-02
3.871597697479933764e-02
3.871363548774913593e-02
3.855244850073007851e-02
3.851718831982323121e-02
3.826119230765688550e-02
3.808352656651368268e-02
3.805629104557124026e-02
3.789389217810433530e-02
3.764860011426385267e-02
3.758566202799306505e-02
3.687667546190588619e-02
3.675789913646641816e-02
3.662343042785602687e-02
3.648290082135482310e-02
3.637091689760825475e-02
3.634206957140606598e-02
3.616823834710803515e-02
3.596621197440184187e-02
3.581602011174038480e-02
3.572781567076150494e-02
3.564560392544478817e-02
3.577496204916853773e-02
3.563139663343760366e-02
3.534730161044850189e-02
3.520935627057988210e-02
3.513486075267938796e-02
3.482993250370741006e-02
3.471412680365677100e-02
3.451809726040273862e-02
3.436081649082757539e-02
3.423548503632777712e-02
3.419251865421570058e-02
3.408571710357258949e-02
3.413006664035783677e-02
3.390396515919803788e-02
3.372185077175972323e-02
3.362219041905396139e-02
3.365970413652420723e-02
3.346308118705382945e-02
3.338326301701789039e-02
3.335004168447336381e-02
3.333758802263810106e-02
3.337494570169904223e-02
3.328580297656754533e-02
3.323319349100415515e-02
3.313840376417843958e-02
3.316288253429321153e-02
3.252731206614189324e-02
3.241137879113045739e-02
3.223210759111028861e-02
3.226416409667062779e-02
3.215415928566049686e-02
3.205302576283918653e-02
3.202813949431881912e-02
3.197460786339859778e-02
3.188829608922164049e-02
3.180023071397457962e-02
3.167438554617361263e-02
3.157220065528387742e-02
3.136311103438119141e-02
3.106131378095607423e-02
3.082199554828927990e-02
3.078226960541327259e-02
3.077658597045442035e-02
3.076457459971914180e-02
3.078859576763989456e-02
3.065122492918199298e-02
3.054809234877884153e-02
3.061842524169511651e-02
3.060287364944561453e-02
3.053324832736172348e-02
3.048660556603480579e-02
3.053794392774903180e-02
3.042366469391067155e-02
3.063647449878781695e-02
3.059948565301130047e-02
3.060679973732901432e-02
3.062463865916998859e-02
3.043263252184651851e-02
3.036366504927176871e-02
3.052349988598005576e-02
3.051979309457679077e-02
3.032614666465262981e-02
3.018582006851769362e-02
3.006152665552954892e-02
3.029533183589321055e-02
3.027205407611775756e-02
3.023364994654448995e-02
3.020389806854944723e-02
3.014526492648351291e-02
3.017096699629950515e-02
3.023186585586664504e-02
3.039541662480178819e-02
3.033032413414259512e-02
3.018353605031628625e-02
3.021633461896162942e-02
3.034094624421664749e-02
3.043145518409676523e-02
3.044336763957774736e-02
3.026630587003419082e-02
3.020827967640104736e-02
3.006997872649540271e-02
2.987056197164995527e-02
2.979131953640436550e-02
2.970745546274290022e-02
2.965271636415835188e-02
2.971917102025425916e-02
2.976367409227418520e-02
