2.295458299793895929e+00
2.335965090652099896e+00
2.403131262852571837e+00
2.410714274175727923e+00
2.459271697267015888e+00
2.603130614649581620e+00
2.720500361978723802e+00
2.669488704581632899e+00
2.664521663863337775e+00
2.753292062338993595e+00
2.664129988420415263e+00
2.788591441635443147e+00
2.637247208359804418e+00
2.486554995435154680e+00
2.495526217214720344e+00
2.414046894423527156e+00
2.323193281583407099e+00
2.327091507598776143e+00
2.275333141350369459e+00
2.325786004668357165e+00
2.335173691396013052e+00
2.375072772003774091e+00
2.413431696430000883e+00
2.372590919812348265e+00
2.342721622920270086e+00
2.305619586970979906e+00
2.256531309036945654e+00
2.198114423897194136e+00
2.151945511689286938e+00
2.154365423860538531e+00
2.190073106025299587e+00
2.111448910671515300e+00
2.110594931279957009e+00
2.165648562649278741e+00
2.195691519858066432e+00
2.182417373394938132e+00
2.087215337990933062e+00
2.099883209043121202e+00
2.080617779586442229e+00
2.087250549662942323e+00
2.084457077261359981e+00
2.101959187580618948e+00
2.067833188434153424e+00
2.055808306943645025e+00
2.108395039320113185e+00
2.024899414310827872e+00
1.981163638446368891e+00
2.003368884981330034e+00
2.000980034329864488e+00
1.971257725788966964e+00
1.954676078766077740e+00
1.948476913433919933e+00
1.935336364096034600e+00
1.937615895080367023e+00
1.940642953332730958e+00
1.928994778895208206e+00
1.927047378622265494e+00
1.897855379825692079e+00
1.901565848157960481e+00
1.905933157682422108e+00
1.904214092985951012e+00
1.898047448128734604e+00
1.912041905158389898e+00
1.893272752672400694e+00
1.912320781240042900e+00
1.871296576870706829e+00
1.876711653883757380e+00
1.884813406048676310e+00
1.902371012456679722e+00
1.892996617138144266e+00
1.923013425673564702e+00
1.906181050363360274e+00
1.890883816346501378e+00
1.894027646055412850e+00
1.881201310811290162e+00
1.871278281827340351e+00
1.880093716490987443e+00
1.868504940887123489e+00
1.880839828859276475e+00
1.909142182539211641e+00
1.907397058874633844e+00
1.893665501216398761e+00
1.886676086452330203e+00
1.885525806693409301e+00
1.875966589750744928e+00
1.868941241561808964e+00
1.865255395958203888e+00
1.860730143592269181e+00
1.861872221271480221e+00
1.860172788024274215e+00
1.856333036253178248e+00
1.853093794432635777e+00
1.847755073562448391e+00
1.838805363529234516e+00
1.835600837899634019e+00
1.832770963974176937e+00
1.828203420137622492e+00
1.823790613852336318e+00
1.817044305186593212e+00
1.836433739824442357e+00
1.852777960954802516e+00
1.851980311238085042e+00
1.909329968668334709e+00
1.783384470070247474e+00
1.788218556494772793e+00
1.829865162193504702e+00
1.781411899097945728e+00
1.765699367979967294e+00
1.736913475891741721e+00
1.728707663354008384e+00
1.720951690446343552e+00
1.657171728699213364e+00
1.687604523943210699e+00
1.710059831581784540e+00
1.707265106694176859e+00
1.689407621544912308e+00
1.670707040210213989e+00
1.635829875608438622e+00
1.678353298240762737e+00
1.583104757857075828e+00
1.581728887424847407e+00
1.573499785382105109e+00
1.571249285392047224e+00
1.569095843667348111e+00
1.563283193724528175e+00
1.556353068069970202e+00
1.553933580857403074e+00
1.557437021312753966e+00
1.544119701041370529e+00
1.540065792342869111e+00
1.538525226172315907e+00
1.527286785421122506e+00
1.514903909164749152e+00
1.513523513809517329e+00
1.512937337617672462e+00
1.508367496453467238e+00
1.502840812890158029e+00
1.500531798473893952e+00
1.493587334756630858e+00
1.487056890676155430e+00
1.482487083779457038e+00
1.480686433758465537e+00
1.482285962189467288e+00
1.473826349731149454e+00
1.382432712687930332e+00
1.379999087432615790e+00
1.371767961713755701e+00
1.372299700211353501e+00
1.373794665585290620e+00
1.377977769998834923e+00
1.377122075476025831e+00
1.407162583338066097e+00
1.364866664219284820e+00
1.377300976905911245e+00
1.366999826568128462e+00
1.390581309856820935e+00
1.399888373892282489e+00
1.429859106490312781e+00
1.337798363654493228e+00
1.340338001229658405e+00
1.334575881659036733e+00
1.339051517913275369e+00
1.346435795538590385e+00
1.342152769894378705e+00
1.341215710333276245e+00
1.364308238212170732e+00
1.318868358677499186e+00
1.318218639258726954e+00
1.317725174981565051e+00
1.310588179693028987e+00
1.314889955008199607e+00
1.327090420088709255e+00
1.348530895915242667e+00
1.322774837546862425e+00
1.320211307085968899e+00
1.293138406600149226e+00
1.285830014912922703e+00
1.286542896792844726e+00
1.292012720664501346e+00
1.289004505277258517e+00
1.286050637044586997e+00
1.284176350974351122e+00
1.283024300242957105e+00
1.274121428913754572e+00
1.270204235497605083e+00
1.272987189163657495e+00
1.276837226508283241e+00
1.267885851221515869e+00
1.265927344658773102e+00
1.262499543567325855e+00
1.254466359420698618e+00
1.257411736308873706e+00
1.248880437627544859e+00
1.250156192656295406e+00
1.243256114904730092e+00
1.241321912108881875e+00
1.240639208871120891e+00
1.237292571904109684e+00
1.237830147745732523e+00
1.237072327423792473e+00
1.245085915103546492e+00
1.238815015559709520e+00
1.245910360379458348e+00
1.254676630583408503e+00
1.273462341009940157e+00
1.311009533476834354e+00
1.312875909435002209e+00
1.305871364324684647e+00
1.317101130288712785e+00
1.324953949067775749e+00
1.360576933396217436e+00
1.356826109867519836e+00
1.370021472984457311e+00
1.399053666230891890e+00
1.396347799728330896e+00
1.393681706755951710e+00
1.392988166491801127e+00
1.389664247869110580e+00
1.387186492561569562e+00
1.293749750152550337e+00
1.293059652724391384e+00
1.282987546237012833e+00
1.282921721241557345e+00
1.282882572962939838e+00
1.288130522591133253e+00
1.283326046255106823e+00
1.264843238323385854e+00
1.255751852533418811e+00
1.248568663303555315e+00
1.247542225142534322e+00
1.241073719507521433e+00
1.241211938602879927e+00
1.238208496071664833e+00
1.239444972335159045e+00
1.238234150468536798e+00
1.233932849949831878e+00
1.234163838435894611e+00
1.233607780249704744e+00
1.230881416104863568e+00
1.223938902559715602e+00
1.224500448208952097e+00
1.223852697355556796e+00
1.231458577826789691e+00
1.228727788405998389e+00
1.222256711383425731e+00
1.218130706906157323e+00
1.216058921317883179e+00
1.202539012541786079e+00
1.201901709639431548e+00
1.201213108300568155e+00
1.202482476359882035e+00
1.201670137447260034e+00
1.202789108295739595e+00
1.208968803106900580e+00
1.224064432704081717e+00
1.199465000028153261e+00
1.194137323304607756e+00
1.188506460133943898e+00
1.186273872739850077e+00
1.181390916763529253e+00
1.180928063711742748e+00
1.180909533203832407e+00
1.186496121429321704e+00
1.180932873933928873e+00
1.181235534197667691e+00
1.181746462582854873e+00
1.180145215640065137e+00
1.177343471522915408e+00
1.176514055273943926e+00
1.176699778510121863e+00
1.173299851847092512e+00
1.170569992034402373e+00
1.170970831595838479e+00
1.170407247855554056e+00
1.161963332674613714e+00
1.156587945124723849e+00
1.145956683470538806e+00
1.142801167441549026e+00
1.135505734998638605e+00
1.130441047754281891e+00
1.128656940945993670e+00
1.130908363743626577e+00
1.130255512828985065e+00
1.125929001227365500e+00
1.118100182124744713e+00
1.119191751472117691e+00
1.114171064018640633e+00
1.111348818006259176e+00
1.108474086013957693e+00
1.107185817975978370e+00
1.108660419558888943e+00
1.105718682601682712e+00
1.105554148914853263e+00
1.104786588846560891e+00
1.099094425248120732e+00
1.096239245303988419e+00
1.094131172109268135e+00
1.092132837762498587e+00
1.090537762080617146e+00
1.088012099330510463e+00
1.086118039678375391e+00
1.079480247702317319e+00
1.070900391124036677e+00
1.060170876277100938e+00
1.053689635001824110e+00
1.054850384777529460e+00
1.046930695890760488e+00
1.044104876287136774e+00
1.039034205137007616e+00
1.024980949529469054e+00
1.017363422045987509e+00
1.015621290016742506e+00
9.982033214769173712e-01
9.929564622110278460e-01
9.949637504942229205e-01
9.862007400311344485e-01
9.886524839531323217e-01
9.859045989721919589e-01
9.981222683279533658e-01
1.013758764007953062e+00
9.870314428085493752e-01
9.766704558211847242e-01
9.727171474249864946e-01
9.929252430635056026e-01
9.768740096978868470e-01
9.570936727414114387e-01
9.366544654076465193e-01
9.323845742416421167e-01
9.297810446573503418e-01
9.267170660180429342e-01
9.251974479936118101e-01
9.254377913995320837e-01
9.176307235816312247e-01
9.118269428679381949e-01
9.108429192682744313e-01
9.099891279516681974e-01
9.110376807674784860e-01
9.094250946710793482e-01
9.036093162837020021e-01
9.010462219379679061e-01
8.990791012923611270e-01
8.973293345127972831e-01
9.002632650505912881e-01
8.976975828732737250e-01
9.011690082906101962e-01
9.012744056253956249e-01
9.072402416249699675e-01
8.799929355248981011e-01
8.775257051244262918e-01
8.741918220037273590e-01
8.742216766183080745e-01
8.751939319313940535e-01
8.724211733423234971e-01
8.725024894306370182e-01
8.735122315587637853e-01
8.762767289036845764e-01
8.151250865607850837e-01
8.210913804337798272e-01
8.304002363074161064e-01
7.824322720733026815e-01
7.833474267389712864e-01
7.803696811743916495e-01
7.721264475806493000e-01
7.713560122689907539e-01
7.681350319454136599e-01
7.777189463064593244e-01
8.133480135547216383e-01
8.461995021854197274e-01
8.426039176335979874e-01
8.376580075259958402e-01
8.364563435296208382e-01
8.301124120749225899e-01
8.301571248694359362e-01
8.272535931734393833e-01
8.253285325142568629e-01
8.212557324783934520e-01
8.221356722857554589e-01
8.190160694552285348e-01
8.186621760217756005e-01
8.133522112435641604e-01
8.142368424975487962e-01
8.132491857267710733e-01
8.086126043812443820e-01
8.078799355703949470e-01
7.502468371723145513e-01
7.542094278028248500e-01
7.086441670797221093e-01
7.088795881665843623e-01
7.138055949577727377e-01
6.997762441888943918e-01
6.972731889958443396e-01
6.909104028005210729e-01
6.896558424087469996e-01
6.883744925277474058e-01
6.873501486692376039e-01
6.878658511540911569e-01
6.823413330660920151e-01
6.785510072324542064e-01
6.772089991161549527e-01
6.810273656334926429e-01
6.761696017340443898e-01
6.769143397861876466e-01
6.769928484918350531e-01
6.721293734315967328e-01
6.706748353791389672e-01
6.687511444913377678e-01
6.661756917378227616e-01
6.631202182586038996e-01
6.636891584584894144e-01
6.645939556969252537e-01
6.619132813566755980e-01
6.627845691147336016e-01
6.713089755676200365e-01
6.747312083767037505e-01
6.675420701040477578e-01
6.708406816348218005e-01
6.700777689648792501e-01
6.670659031344706724e-01
6.780755489403089697e-01
6.770272364503419071e-01
6.592836396428354284e-01
6.415948579148756936e-01
6.424234894776199578e-01
6.248395693881861890e-01
6.192252450872849368e-01
6.178435602703722385e-01
6.154085410245836441e-01
6.201553803227375372e-01
6.068110188806173921e-01
6.036119621384469225e-01
6.081031415010577090e-01
5.994785348408895320e-01
5.921775655858270149e-01
5.864143377355226505e-01
5.745824622024222617e-01
5.690336223240949343e-01
5.636409357245054652e-01
5.631202403380058952e-01
5.511035186295430988e-01
5.463009329112979984e-01
5.433039210215574455e-01
5.365841072362156350e-01
5.336568792112023063e-01
5.292925890628740193e-01
5.277123934101426439e-01
5.253186194794745578e-01
5.236565680977643966e-01
5.139817935529741311e-01
5.118470311477795187e-01
5.100822386252111817e-01
5.024128347245838677e-01
5.001270347037258812e-01
5.011753725287885208e-01
5.086139874713386799e-01
5.038862402348726066e-01
4.987820974045235056e-01
4.913774951261347113e-01
4.897785052656876137e-01
4.965387156853484085e-01
4.852718759963067785e-01
4.870403636212665699e-01
4.891170585447743857e-01
4.803405275249457151e-01
4.764923967538435834e-01
4.752543871927105701e-01
4.745200930104330750e-01
4.728565193292372237e-01
4.703627085995530921e-01
4.652302322041070304e-01
4.617031896551898051e-01
4.615781479243108998e-01
4.634133392213490299e-01
4.573944005186667550e-01
4.488274420910002838e-01
4.472422566024059076e-01
4.390308442268656131e-01
4.368550153989700369e-01
4.331217737946621571e-01
4.324510789118315435e-01
4.285576941506385462e-01
4.254872187811983841e-01
4.199957079691999939e-01
4.254797377884345089e-01
4.233828360130441060e-01
4.162761697667289318e-01
4.010216037765040875e-01
3.858113854934231424e-01
3.816347457147488687e-01
3.709943471488383882e-01
3.720875488566036116e-01
3.671540073847054386e-01
3.594134409018358012e-01
3.554675291925577518e-01
3.538380347640175949e-01
3.438780415165133553e-01
3.388156197763735888e-01
3.371077613357231217e-01
3.388790622351399162e-01
3.345452372052128975e-01
3.299649019815810713e-01
3.310060425329414691e-01
3.307151522761745399e-01
3.236311952082788768e-01
3.210865114056797864e-01
3.218280490453402920e-01
3.231225501926346388e-01
3.185679398772650051e-01
3.162654305762332418e-01
3.140922294477058174e-01
3.098498563303140885e-01
3.096815173805256283e-01
3.079257058633256827e-01
3.083117080837545210e-01
3.062383303301046689e-01
3.067859941318601402e-01
3.070877669365186247e-01
3.063406871515449992e-01
3.033020140176191370e-01
2.974716739632496942e-01
2.965456957248702730e-01
2.971684543685682023e-01
2.954656994659382030e-01
2.952282967465991725e-01
2.929395352870202140e-01
2.928629675113664232e-01
2.929579942789423685e-01
2.933719155350651975e-01
2.962759324890042456e-01
2.996462573137111951e-01
3.028966796473254175e-01
2.948735897645720083e-01
2.894354282522518251e-01
2.826585399658911868e-01
2.795262857642398791e-01
2.755599982032831408e-01
2.757980254208474702e-01
2.741633793261558649e-01
2.720332005963304600e-01
2.702302065227293881e-01
2.720805694685740073e-01
2.716255254630208782e-01
2.684128822696539851e-01
2.665322902963505602e-01
2.669804369179165637e-01
2.653631966741102355e-01
2.635354228282400513e-01
2.617226787878080829e-01
2.598407595266994385e-01
2.594336919945289810e-01
2.598045271834947267e-01
2.572760554022379687e-01
2.544969347353480682e-01
2.543681995568473075e-01
2.549045178796492950e-01
2.550146030687803766e-01
2.516900925967096581e-01
2.539374433918499818e-01
2.493875563086771496e-01
2.518744693550121760e-01
2.543007110893114042e-01
2.602199561162291119e-01
2.706832195243001893e-01
2.763532623728517379e-01
2.725874035685964536e-01
2.856723786323157599e-01
2.733397492086103719e-01
3.045183842436099964e-01
3.159596740958876548e-01
3.385490322321456080e-01
2.508380624705024431e-01
2.395457558928872910e-01
2.400048222576383061e-01
2.391950035918017636e-01
2.368523609116910955e-01
2.337176293492327639e-01
2.335907857611456973e-01
2.304913523347415782e-01
2.300812768552940590e-01
2.284839852976370267e-01
2.290108022330035464e-01
2.280932082219894741e-01
2.277279592851907675e-01
2.274348876038559397e-01
2.267541926200303815e-01
2.260407946774293797e-01
2.253224448289020410e-01
2.240066524406849890e-01
2.244378822804821427e-01
2.265407079924867950e-01
2.254951521341609366e-01
2.240228167791160629e-01
2.211136309773538700e-01
2.223717181114571451e-01
2.212855420243235449e-01
2.220932325084344627e-01
2.199386561278096064e-01
2.200607412690334663e-01
2.200174288485591823e-01
2.199083557285847756e-01
2.178045933659930877e-01
2.182185519409691188e-01
2.164582293535880775e-01
2.149058001318958633e-01
2.137143764612568497e-01
2.135343040236151180e-01
2.159130035785963853e-01
2.177920512242963458e-01
2.103480793466162291e-01
2.090192661978984567e-01
2.096984412906158501e-01
2.098186433968530218e-01
2.106256494986989691e-01
2.109352786220160814e-01
2.121690691141584761e-01
2.115823396431460446e-01
2.103266531885324420e-01
2.087234592192656890e-01
2.084370185223995142e-01
2.101541788096561170e-01
2.114552893162649494e-01
2.124784913616954707e-01
2.113065539454764830e-01
2.140993876758815750e-01
2.184898500495205120e-01
2.276691434085664767e-01
2.539681504257942368e-01
2.752474818892942654e-01
2.907780414718952877e-01
3.183336222527711201e-01
3.326543158564187475e-01
3.405425141311634318e-01
2.909399817215380657e-01
2.334976947047148477e-01
2.398975626614190393e-01
2.409695724592488542e-01
2.531624403023536862e-01
2.004522655854431012e-01
1.995723150008412439e-01
1.989476229232663151e-01
1.973335993250399378e-01
1.975815564651020317e-01
1.977571388653803497e-01
1.971383849644923747e-01
1.962899174898633248e-01
1.947980224187113585e-01
1.937751937731243823e-01
1.925381681027661940e-01
1.921075611646521353e-01
1.909483830141849026e-01
1.905192410171274442e-01
1.896059903314821493e-01
1.906988937986194566e-01
1.902862739556264726e-01
1.905223681431731653e-01
1.892690500013309296e-01
1.910975545791736285e-01
1.889372855007669660e-01
1.879909187740184395e-01
1.872371616454344689e-01
1.886571811988606018e-01
1.871515216017606009e-01
1.887364820800631615e-01
1.843839235178530156e-01
1.850099659036219535e-01
1.836780540992345445e-01
1.821419407282809932e-01
1.821455357981517642e-01
1.819248771044563728e-01
1.796496975045501765e-01
1.794209716810492850e-01
1.789993316906123288e-01
1.790541462316793953e-01
1.780461523370819865e-01
1.803554643264238533e-01
1.801323407908522467e-01
1.812155432636875507e-01
1.832760783423406092e-01
1.775667517704279941e-01
1.763238661529722417e-01
1.754081160050035559e-01
1.805312327700850650e-01
1.807978384823393514e-01
1.796667317230433714e-01
1.792693082892307943e-01
1.766714184497480966e-01
1.742035730125978676e-01
1.729325251048061396e-01
1.728181533925570723e-01
1.748532773814795160e-01
1.762863093310526041e-01
1.732112041737290109e-01
1.727996756388732180e-01
1.725736506219150701e-01
1.740111860985445180e-01
1.734041468175596956e-01
1.688431159950537219e-01
1.679214349633118553e-01
1.696254326121398870e-01
1.691095071770491176e-01
1.679276641006335891e-01
1.653492817830222728e-01
1.632079447281452045e-01
1.623818841716125616e-01
1.621463368368107061e-01
1.620350594926343313e-01
1.628087851094981442e-01
1.626764365929844469e-01
1.622081342166983298e-01
1.625214728451730151e-01
1.616185948636622016e-01
1.603830301438096406e-01
1.609103019744592133e-01
1.604101742452303248e-01
1.606365079736195578e-01
1.585846579490448605e-01
1.586253115361062893e-01
1.575504821147686585e-01
1.572997022378336551e-01
1.573530366358558974e-01
1.580575178756457866e-01
1.583433301326389875e-01
1.626744025110199998e-01
1.568647101626533535e-01
1.575895302917310059e-01
1.579271255774246652e-01
1.551620235745841681e-01
1.551557896882028442e-01
1.533774253174067792e-01
1.532779774771886871e-01
1.525449311942378428e-01
1.524713018405166043e-01
1.529983899588214513e-01
1.544742811308701669e-01
1.552191536116702131e-01
1.543633040665645939e-01
1.524923337103592791e-01
1.504413363023373862e-01
1.505619583242733539e-01
1.508121735411623310e-01
1.496695148170633094e-01
1.498070578708773082e-01
1.491908244282384166e-01
1.479737956277868971e-01
1.480460006010633489e-01
1.477147961978966528e-01
1.467240420426844660e-01
1.467660743828528014e-01
1.472708504747343716e-01
1.462845954937096460e-01
1.458326649321760593e-01
1.463929280484639051e-01
1.457527530389434445e-01
1.458636449979889560e-01
1.447200494490800959e-01
1.447268081462723399e-01
1.449143770054357738e-01
1.446714548769183484e-01
1.455608108716575089e-01
1.461659804755580661e-01
1.451016943616984800e-01
1.449854045713011019e-01
1.457578023674012124e-01
1.443793132920446753e-01
1.461144744181517297e-01
1.451041078372981574e-01
1.453633652631750039e-01
1.439011816227126483e-01
1.431385640542233717e-01
1.430866293838549130e-01
1.428556084670370985e-01
1.438400871677297521e-01
1.430481037827874558e-01
1.414134408568228363e-01
1.416716328658532142e-01
1.411598553146491131e-01
1.428833669298358588e-01
1.422096018091509595e-01
1.435154030139146608e-01
1.441125706873118140e-01
1.447042398939350771e-01
1.439159875505773845e-01
1.443289542450864882e-01
1.438067721780350583e-01
1.441268260283876390e-01
1.424408585642017999e-01
1.428292483885537645e-01
1.440796420978522063e-01
1.433070409877303664e-01
1.422681466557811081e-01
1.414895719825319254e-01
1.404548458354072382e-01
1.395599278732199688e-01
1.390414770267537070e-01
1.382867258240294550e-01
1.387528782684233908e-01
1.380984540790907433e-01
1.381154808710066961e-01
1.388984816343527828e-01
1.376799393493788604e-01
1.378512823042782887e-01
1.379516818069386475e-01
1.374499308000272368e-01
1.399783670630104782e-01
1.376058519314684869e-01
1.346553243200861449e-01
1.361394043564853329e-01
1.361100640668562733e-01
1.352784569902546474e-01
1.332166540119893161e-01
1.320333927664560647e-01
1.326209965263116797e-01
1.315451722264370793e-01
1.322321668843276510e-01
1.324310187723406473e-01
1.309041300173653111e-01
1.308422261303964218e-01
1.313530531371456533e-01
1.298437526212872783e-01
1.291005182971872445e-01
1.279385500272195997e-01
1.273730479280906214e-01
1.271374506220546707e-01
1.284522978809280180e-01
1.289531007819007813e-01
1.336428547863801330e-01
1.270594110382137765e-01
1.265745844816625332e-01
1.269143985281143139e-01
1.261544282483696433e-01
1.246859615520765768e-01
1.248081382965829378e-01
1.259170141937457910e-01
1.263078239653298296e-01
1.267728891771722488e-01
1.280095452175963322e-01
1.280252402645420395e-01
1.271493545432369199e-01
1.250561314119142120e-01
1.252001057509783966e-01
1.257050113679182846e-01
1.242605635392530355e-01
1.224276162798585005e-01
1.227156767403259213e-01
1.228054571198422124e-01
1.234058212700764184e-01
1.224856544830858762e-01
1.236426275839429823e-01
1.238107677315009314e-01
1.239167399102785727e-01
1.231658428663767457e-01
1.220446847671005919e-01
1.225082052962213758e-01
1.226905354049224184e-01
1.229380973212043510e-01
1.248666360877351694e-01
1.237814909843065608e-01
1.214043168029377701e-01
1.201240301429301605e-01
1.199387618761518365e-01
1.195329649742794820e-01
1.195474763147630071e-01
1.196588156813208348e-01
1.188372839415751253e-01
1.186500620000894013e-01
1.182913319016346693e-01
1.173690548429689312e-01
1.171780050032373149e-01
1.169600436749603373e-01
1.164990745695319574e-01
1.163643355405703239e-01
1.160702044445139913e-01
1.165091886707284169e-01
1.161573993184091824e-01
1.163970153554356596e-01
1.163606238685279126e-01
1.164010418242157757e-01
1.157143811755945023e-01
1.156685867010033980e-01
1.165726162004347005e-01
1.167463361733930283e-01
1.161898514326329124e-01
1.171360091812732040e-01
1.155342999110023777e-01
1.143486212834557147e-01
1.133907848119423967e-01
1.135097116879008466e-01
1.130633433719656772e-01
1.136516036344671216e-01
1.133020602190237536e-01
1.141222065867394247e-01
1.138501429108747381e-01
1.133801903944142292e-01
1.131225275316659618e-01
1.120996360505963907e-01
1.123113891335013326e-01
1.132265686168005409e-01
1.125039970954338220e-01
1.133291228044698284e-01
1.140486009341424856e-01
1.130830825526177308e-01
1.124299173010736841e-01
1.120235945814046369e-01
1.118345085034082864e-01
1.116857655111111319e-01
1.122094178970992062e-01
1.126800701754061412e-01
1.109436218497965587e-01
1.109138876826053915e-01
1.103571863560196820e-01
1.102971851536464487e-01
1.101131373637566080e-01
1.104122333000009393e-01
1.114072496444735577e-01
1.119756363345676686e-01
1.103960139108379201e-01
1.107631925182404331e-01
1.098051832870784866e-01
1.101261015581320030e-01
1.104930992909718829e-01
1.095990325580892821e-01
1.097746603307283575e-01
1.104816390119401082e-01
1.104319377585689793e-01
1.078694793336423541e-01
1.077202108379261003e-01
1.065126021384015520e-01
1.060739914290279445e-01
1.062801032522022598e-01
1.052453399837353643e-01
1.056849221265078742e-01
1.052090440571938346e-01
1.057885704722030112e-01
1.050930239622674123e-01
1.058845746190172632e-01
1.063961852809296171e-01
1.058916580637650484e-01
1.053216026171324288e-01
1.048436274595047624e-01
1.034179456732056690e-01
1.062493190527238063e-01
1.085556289156144050e-01
1.042677388608682643e-01
1.040523873333417115e-01
1.031900815759356077e-01
1.030770352945394319e-01
1.030923828357439842e-01
1.021372590724510115e-01
1.021078752051984007e-01
1.022674392995669701e-01
1.004714034495600705e-01
1.007471937460940464e-01
1.012228557248823074e-01
1.001483929354562569e-01
9.998891669129091053e-02
1.005481876937711766e-01
1.000659006566328585e-01
9.992393318050690754e-02
9.936127683910707387e-02
9.920587014558021610e-02
1.006157971505374088e-01
9.975736614098404398e-02
1.007166072967237980e-01
1.030985526701028443e-01
1.029872810343439998e-01
9.946789508291879744e-02
9.800773346912314277e-02
9.808745775013155699e-02
9.766684447262914681e-02
9.761138863991439263e-02
9.722404821564864519e-02
9.638068250393598546e-02
9.662238470736664309e-02
9.619465107257614556e-02
9.555428339433344465e-02
9.588106920872467576e-02
9.570333343079917565e-02
9.657844400714965527e-02
9.530267672232031750e-02
9.590657526207808925e-02
9.412816985895275379e-02
9.439875892446147887e-02
9.454608549007130491e-02
9.453541817354303711e-02
9.402876322848797985e-02
9.382522382374404446e-02
9.415242242672647310e-02
9.387786888524515816e-02
9.325375754796434713e-02
9.311833721740071790e-02
9.223975325781526291e-02
9.172125836708996949e-02
9.195246800846831881e-02
9.178426900870131910e-02
9.196526835257277932e-02
9.364176616238589768e-02
9.223023648565581434e-02
9.424084597302243016e-02
9.360344662166732166e-02
9.245513910633447463e-02
9.211600956143482788e-02
