2.530332852528301828e+02
2.464982263565151470e+02
2.418234536973230604e+02
2.380159874878963535e+02
2.346405927830907672e+02
2.314967520410673956e+02
2.284501688782617350e+02
2.249665143865107666e+02
2.219852710616259230e+02
2.190150254620145063e+02
2.156850234210830024e+02
2.126138622323002778e+02
2.099673069022039442e+02
2.067991428885363234e+02
2.039411668429339102e+02
2.012749488545938163e+02
1.984175625306335178e+02
1.958263581247676370e+02
1.927428587613900959e+02
1.899312602987243963e+02
1.871916772750679456e+02
1.843131594545565122e+02
1.814743952834393781e+02
1.789159284534049448e+02
1.760407808455426846e+02
1.736090533324290277e+02
1.713875766123324240e+02
1.690390787666705137e+02
1.666329643421028663e+02
1.639459686461463264e+02
1.616604647531937076e+02
1.594314868672058196e+02
1.575089904946851789e+02
1.553443676229786945e+02
1.531850751094209784e+02
1.514699364754119983e+02
1.496615687043777143e+02
1.477375969570284440e+02
1.460921365942614329e+02
1.444087002585303026e+02
1.426779406016050302e+02
1.407794283641573259e+02
1.392593125412337258e+02
1.375583511565614572e+02
1.358622899619535644e+02
1.342898209466847561e+02
1.327788611549468669e+02
1.313972074292792058e+02
1.301296666402487858e+02
1.287790355071801969e+02
1.274714334297587470e+02
1.262526554494192936e+02
1.248889849687242020e+02
1.237005255818804841e+02
1.225828024363411544e+02
1.215540300345725200e+02
1.204575701575107018e+02
1.195006153707580978e+02
1.184928262533329502e+02
1.176206529510360070e+02
1.162063009413254520e+02
1.151486269327514407e+02
1.142176342917735212e+02
1.132956602913695860e+02
1.121156188520425587e+02
1.110338066511957607e+02
1.100873203792434794e+02
1.091015892076965201e+02
1.080335580470187011e+02
1.070976649560055023e+02
1.062878577010457519e+02
1.054224115734749603e+02
1.044770808612916255e+02
1.033257838669852475e+02
1.024029119870886007e+02
1.014567590366302028e+02
1.003059648276444733e+02
9.919482002462603987e+01
9.821166843077870112e+01
9.717742496877495739e+01
9.623047282054204743e+01
9.500416111924165818e+01
9.388387170729910736e+01
9.296454946462658597e+01
9.205435652634743349e+01
9.092866530992162666e+01
8.995621318354173468e+01
8.895986269882062913e+01
8.789944113567236172e+01
8.674505029077852214e+01
8.563714662165229186e+01
8.440079844631249273e+01
8.313639223904371534e+01
8.217700128384521463e+01
8.110292281127286174e+01
7.996740349564574046e+01
7.892791601075948904e+01
7.784133112337313776e+01
7.656121009525813292e+01
7.554890342186756413e+01
7.422547506538353446e+01
7.340941443633904839e+01
7.262061855860736159e+01
7.157981914796972944e+01
7.034191825367445006e+01
6.915933165138702066e+01
6.791926076912201893e+01
6.707979544833790442e+01
6.622764106812304874e+01
6.496489141962869951e+01
6.391052075163283774e+01
6.282134538988000827e+01
6.159620873102800687e+01
6.067288132877190776e+01
5.949815520926134838e+01
5.881838864244218001e+01
5.783308045935753228e+01
5.678664290805438952e+01
5.596367831063092524e+01
5.521097973385891322e+01
5.416621948984786172e+01
5.314308373780722405e+01
5.229139109277218012e+01
5.124408992560092457e+01
5.046634365670612965e+01
4.959674173148695786e+01
4.892512196974868743e+01
4.798155268779614602e+01
4.741629922815806708e+01
4.654144523069135175e+01
4.584408665888975776e+01
4.505113836868052601e+01
4.424564541291321262e+01
4.334286715106224364e+01
4.276521670816934062e+01
4.207070478604381947e+01
4.150034745981754725e+01
4.056245775831033740e+01
3.997603238405717718e+01
3.930971529079832294e+01
3.834011849512079095e+01
3.760025065584646597e+01
3.708723814238629757e+01
3.628330865102035574e+01
3.584165826122820420e+01
3.505552725897049271e+01
3.437310661642048615e+01
3.388900246146227602e+01
3.318129344851876539e+01
3.258307093414594391e+01
3.228991371498861440e+01
3.168812421500307508e+01
3.109255878628118452e+01
3.063933220139206881e+01
3.012556301589149754e+01
2.957505142508365026e+01
2.920430590979743712e+01
2.877214517998607946e+01
2.821170350586680087e+01
2.786457526067781032e+01
2.757383037430269823e+01
2.703542204513772162e+01
2.667075143271135929e+01
2.619752810211628358e+01
2.576317640900130712e+01
2.522788982737140984e+01
2.483353597142070868e+01
2.441846551193977888e+01
2.410207962254142799e+01
2.369241785931390609e+01
2.336030696022692155e+01
2.296536544155311432e+01
2.264040861802580906e+01
2.234132885267409563e+01
2.196840200545149457e+01
2.172240491546618202e+01
2.148931579577741502e+01
2.116461350815041342e+01
2.087226183190492534e+01
2.038701811117731921e+01
2.015326569370112608e+01
1.975985505182977064e+01
1.961875271540270305e+01
1.912616047422288901e+01
1.891340564152519832e+01
1.883744852833116923e+01
1.852258551819183552e+01
1.833644346895619393e+01
1.812620786280048080e+01
1.799392069649918824e+01
1.781581481374964326e+01
1.763667930670206019e+01
1.742838205992554279e+01
1.715785318662910441e+01
1.666865099448921228e+01
1.648896307064465816e+01
1.634857873725854205e+01
1.619041738239664241e+01
1.603185532198213181e+01
1.564490997179987630e+01
1.548977051357870494e+01
1.537759549941679538e+01
1.518384262557424513e+01
1.502712388941435506e+01
1.488580839964042468e+01
1.480248153274061984e+01
1.465229300637481380e+01
1.458481354940925456e+01
1.453171088507953712e+01
1.444357958707256273e+01
1.427040882117113796e+01
1.412928095225728597e+01
1.398629895144049229e+01
1.374836147225302874e+01
1.350675230925685355e+01
1.333938210673372637e+01
1.304819503271195913e+01
1.289469093574904335e+01
1.273868471287795501e+01
1.263581490103203997e+01
1.253595482505823711e+01
1.247951954015258202e+01
1.234923868802502156e+01
1.224979183873511879e+01
1.214830346299064878e+01
1.194589154815125021e+01
1.186336352609279210e+01
1.173775844809267888e+01
1.166873047057344337e+01
1.154892581923925299e+01
1.132521267603860160e+01
1.123550483713712111e+01
1.119970977457866645e+01
1.111892883897762019e+01
1.103733104253773334e+01
1.096270142092361155e+01
1.094146246616588769e+01
1.069483142132882492e+01
1.059779194054310203e+01
1.048283226047214001e+01
1.036595615828743888e+01
1.028555873272376253e+01
1.022283017704600105e+01
1.019327310764206906e+01
1.017816292244219945e+01
1.007469126665094983e+01
9.998131914014347643e+00
9.939430623096548345e+00
9.843671934825151126e+00
9.845660228055219676e+00
9.703640519345686499e+00
9.590480441003618850e+00
9.561693556672574701e+00
9.445998941341871458e+00
9.435362919499098666e+00
9.213018304884606380e+00
9.097889545225342545e+00
9.050560310695207278e+00
9.009623818749393109e+00
8.904702365771122174e+00
8.934392919926942511e+00
8.942366971516237939e+00
8.870621889814628958e+00
8.802141049967351805e+00
8.716515119615483087e+00
8.674988480251270673e+00
8.659075494521982108e+00
8.596992017078303405e+00
8.575287034679483611e+00
8.567236808663210468e+00
8.553565968960567645e+00
8.478949545082924644e+00
8.460588347725952474e+00
8.494815791811765493e+00
8.505997216929715776e+00
8.483577783727232813e+00
8.533668912677272900e+00
8.483173240925045988e+00
8.385166344208190736e+00
8.398077125758343087e+00
8.394112905841920380e+00
8.421103943982915396e+00
8.332252352215100188e+00
8.297416898266266827e+00
8.322860424443536687e+00
8.327952603269810794e+00
8.107642187817132751e+00
8.057746114007217741e+00
8.158815571611961914e+00
8.240726746748970655e+00
8.190318257655951228e+00
8.246551285103810969e+00
8.150144528374166697e+00
8.231576297305993606e+00
8.145707534497599767e+00
8.133670745944062475e+00
8.120892966477146757e+00
8.096905160005473334e+00
8.056195485844467541e+00
8.018186541932726286e+00
7.896478515854920666e+00
7.885120589632115262e+00
7.856481777195224225e+00
7.845744524843659029e+00
7.832990255326682139e+00
7.752836414104617546e+00
7.767483603033610962e+00
7.803877791219947291e+00
7.783001394473477497e+00
7.764429901971965364e+00
7.755196120773222290e+00
7.742700280501039423e+00
7.817291941152000767e+00
7.790094878522747734e+00
7.796826516644737026e+00
7.686814921816269575e+00
7.610618087743766580e+00
7.536692292710841734e+00
7.519802332656893462e+00
7.455705222941066523e+00
7.485774219516292405e+00
7.470336686270295345e+00
7.436404864426846117e+00
7.437003279353509022e+00
7.423443623085815624e+00
7.421220706886326290e+00
7.365705441593554781e+00
7.372161525912147795e+00
7.390819893773094229e+00
7.388366093285064551e+00
7.374406925833230986e+00
7.372656239224082420e+00
7.422279718007569471e+00
7.487247187165420037e+00
7.547556157964299572e+00
7.459529913400321455e+00
7.360436174773881568e+00
7.335707064682793543e+00
7.369279799848272638e+00
7.438622475178990889e+00
7.328331123950270864e+00
7.362573357208020752e+00
7.387538909658730724e+00
7.296785094060943777e+00
7.334699208949105653e+00
7.334111746311359425e+00
7.393009966287566570e+00
7.390937244811704332e+00
7.322715697128425738e+00
7.400627420529993117e+00
7.281196446396128508e+00
7.303839902021077357e+00
7.189833356855227287e+00
7.127685556607188389e+00
7.122992475715096639e+00
7.204099008655717284e+00
7.278772619113668796e+00
7.182119755390236726e+00
7.169139623258636185e+00
7.131449432704378921e+00
7.056904362727851598e+00
7.050871857385510033e+00
7.131709251659350102e+00
7.075374042180637701e+00
7.062507346843629463e+00
7.117914476059923778e+00
7.143400157474865786e+00
7.201430107548657311e+00
7.150982818240952277e+00
7.176131462652159954e+00
7.229668614883484778e+00
7.303580655628879370e+00
7.340488084046890016e+00
7.298190284531925975e+00
7.329747460173773987e+00
7.309041800237353392e+00
7.389815453331316064e+00
7.370377014371353397e+00
7.348849432163363282e+00
7.346753672900269372e+00
7.378123832377134761e+00
7.328557453454251913e+00
7.321466158363071131e+00
7.419686828536899093e+00
7.365936692972050004e+00
7.411949787672863721e+00
7.334871171344113705e+00
7.430156937564826869e+00
7.420326946473902119e+00
7.406563313171685259e+00
7.438149888511635055e+00
7.503497992340730782e+00
7.364504069136120101e+00
7.427867877589909185e+00
7.413047632314439639e+00
7.249325294394592945e+00
7.264720010069999567e+00
7.337258129193243938e+00
7.366917687979845475e+00
7.403007271822368729e+00
