2.505584294261510525e+00
2.467612241456607958e+00
2.429803363105827785e+00
2.397302239450779915e+00
2.367423485779795556e+00
2.345432484489214708e+00
2.330594328757260580e+00
2.312058952571235615e+00
2.296006055252466815e+00
2.259173674407583210e+00
2.270295878303180803e+00
2.260760882676466466e+00
2.223705606764843523e+00
2.265131370081999940e+00
2.295248595016536886e+00
2.293093555168389752e+00
2.331290646765312058e+00
2.326373509824620545e+00
2.387262915979964095e+00
2.394787322024620746e+00
2.417352742060792092e+00
2.412786000086247551e+00
2.412597016714984388e+00
2.453328930116528639e+00
2.424899131323000834e+00
2.414007801099661066e+00
2.427237877041569902e+00
2.359086440242657012e+00
2.360372019228974771e+00
2.393398513979407838e+00
2.358256224431822368e+00
2.334983115407099241e+00
2.360567048877074914e+00
2.348258946698992045e+00
2.349201456210737948e+00
2.269121867608154375e+00
2.293522037587731432e+00
2.277421789640057703e+00
2.245433111891115274e+00
2.139939397104032803e+00
2.151816639532909914e+00
2.141004955185809244e+00
2.081953133403519285e+00
2.115078179155887472e+00
2.164492869455281188e+00
2.219816501999091418e+00
2.185271488294250108e+00
2.112597676909571565e+00
2.118955172191590908e+00
2.012947306526791102e+00
2.010623311037537775e+00
2.005355390845842134e+00
2.045923558168917022e+00
2.011093788419138217e+00
1.965165540220882745e+00
2.001396313304575791e+00
2.056096587555390709e+00
2.009196250558849428e+00
1.990984329813969334e+00
1.977194610711791478e+00
1.969873871069620419e+00
1.881128599729406714e+00
1.857951053875970926e+00
1.854276024227364150e+00
1.833904287301798330e+00
1.828319088994076580e+00
1.828672480136766421e+00
1.843555708224229983e+00
1.828788680721828319e+00
1.825161169903102065e+00
1.827335693496657143e+00
1.806449526546331175e+00
1.825681892686414010e+00
1.822063801526167648e+00
1.813874353361041747e+00
1.830821843080876921e+00
1.803100760652112111e+00
1.785902102797165991e+00
1.805476829765979341e+00
1.819527016942223741e+00
1.829979024500322238e+00
1.887116611932566190e+00
1.856797664056753616e+00
1.806136859627821556e+00
1.757418222559961496e+00
1.692693604185488088e+00
1.653971522289000351e+00
1.633308241566584496e+00
1.675873446551401580e+00
1.683267948179891782e+00
1.651769517032938506e+00
1.598441042757098751e+00
1.622108503874295948e+00
1.659783451709677227e+00
1.588702129576035516e+00
1.462146844459969008e+00
1.435969450311595397e+00
1.429940498900691193e+00
1.427962733857134126e+00
1.412973429844335049e+00
1.415096799292329122e+00
1.407733192094583030e+00
1.412077979105824888e+00
1.412704691279306646e+00
1.396078142113555964e+00
1.400360089845161138e+00
1.377068113465207411e+00
1.372425341385218989e+00
1.385635281934546770e+00
1.375700538648836790e+00
1.382508536110770292e+00
1.336318532704626749e+00
1.324140292487936632e+00
1.317408189617287118e+00
1.310063512410084785e+00
1.295645047973674968e+00
1.294124366061711218e+00
1.293620846636044819e+00
1.297855662862891224e+00
1.290385036623004966e+00
1.259216124325447828e+00
1.256538108622691441e+00
1.238010998691207121e+00
1.227760317414478886e+00
1.235801369064822630e+00
1.239262346504399481e+00
1.230307772052458004e+00
1.216239715683721689e+00
1.217056712428250753e+00
1.207645294163602001e+00
1.206835502625931422e+00
1.224897951169924282e+00
1.212766329388576203e+00
1.229878878067106607e+00
1.192402804291400331e+00
1.177110960813525953e+00
1.161730264924029532e+00
1.164599409178953326e+00
1.172702068287258870e+00
1.167250149985366026e+00
1.174222170241794538e+00
1.138796619465381799e+00
1.124093508347007386e+00
1.123862012360254514e+00
1.120576173342961335e+00
1.108257665058111519e+00
1.106070057569746634e+00
1.102502235923065399e+00
1.068568695308103278e+00
1.072170563695956647e+00
1.074439808681961983e+00
1.028825870257658925e+00
1.022555484771862755e+00
1.024671110712656708e+00
1.022584222636766516e+00
1.021100097945732976e+00
9.959472676363712029e-01
9.979503316847689876e-01
9.842252091228905764e-01
9.814640661308214886e-01
9.677691689593341806e-01
9.590902018703987286e-01
9.576150223780633963e-01
9.495631841867271383e-01
9.526637163745935721e-01
9.503827212304368777e-01
9.622248073638028920e-01
9.380170060445409685e-01
9.153898432335614288e-01
8.734020570145268891e-01
9.089927455244699583e-01
8.129189147280886374e-01
8.236287569662386066e-01
8.403130400142075906e-01
8.610853950584379524e-01
8.551902717295686296e-01
8.869758360592102653e-01
8.096815344406572690e-01
8.046598560205229234e-01
7.701991395077686375e-01
7.803546675400241384e-01
7.665021341340645389e-01
7.492331532189688836e-01
7.494755267118390352e-01
7.490738683998784397e-01
7.373835446107904756e-01
7.320035618128142296e-01
7.286411782536490467e-01
7.214673053474964792e-01
7.131781544592272759e-01
7.098875045972995457e-01
7.069426118986064100e-01
7.051257340104821747e-01
7.062091171472686391e-01
7.160530400797957551e-01
7.057368373700910746e-01
7.043117183124785186e-01
7.077322643174991379e-01
7.049260563380140843e-01
7.001161231608159508e-01
6.948978244398811288e-01
6.889843642430852899e-01
6.802790828597135020e-01
6.783604108857885784e-01
6.654185914526583590e-01
6.629771869094284176e-01
6.595412624176606453e-01
6.532758459250826988e-01
6.479018787790057354e-01
6.480066490763231046e-01
6.459800832780662194e-01
6.434570001868786804e-01
6.420093071856808331e-01
6.348044265101692174e-01
6.293540546788547463e-01
6.253514971065039507e-01
6.246702490020541454e-01
6.257836747171476866e-01
6.160975494946763220e-01
6.162512536382996897e-01
6.085923510979992512e-01
6.027377648078854344e-01
6.014007344317803261e-01
6.121957409664976479e-01
6.109519964557657001e-01
6.097759190394389517e-01
6.118221165350185009e-01
6.089403981184653425e-01
5.997931385027207574e-01
5.949321000449274699e-01
5.857123785844050579e-01
5.812675859753356766e-01
5.739535939356392724e-01
5.587644134415958863e-01
5.473901980612864149e-01
5.433618671040733039e-01
5.401071385994541396e-01
5.256106698031601798e-01
5.152542680893597016e-01
5.135774270085423643e-01
5.106188965836676585e-01
5.120528249141256261e-01
4.854723104717849624e-01
4.880291174994392245e-01
4.846343499158730639e-01
4.732480856801065672e-01
4.615310349911766474e-01
4.489373573514601201e-01
4.476446626085848757e-01
4.502654442115698319e-01
4.544561353553213667e-01
4.598693295136898063e-01
4.466929862952010444e-01
4.257305842505016424e-01
4.230279100746693333e-01
4.281582431272544786e-01
4.175566573187469155e-01
4.286082740710050465e-01
4.479176956596681025e-01
4.934491009470897138e-01
4.812095059509712835e-01
3.841072169973979156e-01
3.815530217471144736e-01
3.736570583680423052e-01
3.634370106602733408e-01
3.627677946434828549e-01
3.623057005004755027e-01
3.626331385604290025e-01
3.521167006635719243e-01
3.545904202761085977e-01
3.589057185703165009e-01
3.665873965181706273e-01
3.653016651925935498e-01
3.623505268546762248e-01
3.497938105612770632e-01
3.550725021781826474e-01
3.638220358485670936e-01
3.684567793751806764e-01
4.219864995069800839e-01
3.233713526715176756e-01
3.206010226696912602e-01
3.179391827473508902e-01
3.142537030442258961e-01
3.131426069700202763e-01
3.143310627239061517e-01
3.095198563318291574e-01
3.051983290112806890e-01
3.066573421397664201e-01
3.070000270685236399e-01
3.000422148439872982e-01
2.981976135614242129e-01
2.948477469449958255e-01
2.897184817018337299e-01
2.936065282218184858e-01
2.931118249279974219e-01
3.003551260382731347e-01
2.899951669855532765e-01
2.903303679559363082e-01
2.896436131035111661e-01
2.954227374398499251e-01
3.093050759330023824e-01
2.807208941025755577e-01
2.754061103648010600e-01
2.794405850404818037e-01
2.854989292982154647e-01
3.007480274050694513e-01
2.939916698542519025e-01
3.101784029981636825e-01
3.139189304602357788e-01
2.590199065509877219e-01
2.575830856462656415e-01
2.582663987528143190e-01
2.572441811675872381e-01
2.599158695066538516e-01
2.560735338521165083e-01
2.572209626239059799e-01
2.486949535707271841e-01
2.532319299058176654e-01
2.426183821648376371e-01
2.418807276772740877e-01
2.390145527771872225e-01
2.349896037386196290e-01
2.343975872564542651e-01
2.329938104083277561e-01
2.307573858010889267e-01
2.280783322991374318e-01
2.279626294632959849e-01
2.269999683360950926e-01
2.300169574302661779e-01
2.293105155361112313e-01
2.261490796008355508e-01
2.328436060818609710e-01
2.240857570575493507e-01
2.254241769174734067e-01
2.291928279013697445e-01
2.369323488629431207e-01
2.324867002946670591e-01
2.416212835615232923e-01
2.450968066557597802e-01
2.382718667987061001e-01
2.490816438336452832e-01
2.081312884557232346e-01
2.076139731010621936e-01
2.071566966620478900e-01
2.062728491088916261e-01
2.061336377031190992e-01
2.070862721938711293e-01
2.139410453153351988e-01
2.192224557949695174e-01
2.160028814153268639e-01
2.290651421646954788e-01
2.032994627408600263e-01
2.039482476081349860e-01
1.940877749692807852e-01
1.915414829384120277e-01
1.907154972581961982e-01
1.922061818906558861e-01
1.902339974773817055e-01
1.913916830579937001e-01
1.899775687294094628e-01
1.861018913659377716e-01
1.851864555164533244e-01
1.831038825027977712e-01
1.790752749057354376e-01
1.782968096453640683e-01
1.776899483896838550e-01
1.776811606658017795e-01
1.778099773311912213e-01
1.774520168426811095e-01
1.772884635517992247e-01
1.775013718544490027e-01
1.763789387795706154e-01
1.786251783227929268e-01
1.809437823352994801e-01
1.843444259560907961e-01
1.955519715195058739e-01
2.104373391127976889e-01
2.530821904579315107e-01
2.250888044671296995e-01
1.855593814198724378e-01
1.705444948895757373e-01
1.675965482040918386e-01
1.684797995581802932e-01
1.666125196275242415e-01
1.652198259828268345e-01
1.655902504498117933e-01
1.640195595493704195e-01
1.620928080314362751e-01
1.627092157755058721e-01
1.641933006328272215e-01
1.666938987432693697e-01
1.677186952340941895e-01
1.669744733788414981e-01
1.662783581139950784e-01
1.627072998317254937e-01
1.617988718251183733e-01
1.722168418086922059e-01
1.581962191808882756e-01
1.572992635864277622e-01
1.517030442140718527e-01
1.508215857710395180e-01
1.511192768237152595e-01
1.535449307985244372e-01
1.512372658115783142e-01
1.485646421048630872e-01
1.486705947860139654e-01
1.474688202452853758e-01
1.473102459984191315e-01
1.438637840180391481e-01
1.439105723959486216e-01
1.477407889803067920e-01
1.443539047367300987e-01
1.415311250026529410e-01
1.434120995229646867e-01
1.390958856679154476e-01
1.389857200544540872e-01
1.374987443195400671e-01
1.358694993712157850e-01
1.357562531776161374e-01
1.344498838495963300e-01
1.321780434728433429e-01
1.325923267653629223e-01
1.323634302594638712e-01
1.314029370057798185e-01
1.310591276778200753e-01
1.301026706779929709e-01
1.327331732009516263e-01
1.289112945538549992e-01
1.287821495390073234e-01
1.290438567091607147e-01
1.283164910248269786e-01
1.266278584997612700e-01
1.248907815751841843e-01
1.250549969523485905e-01
1.235691168851873883e-01
1.224904092502881320e-01
1.210018731432531830e-01
1.199060395271824425e-01
1.205558463255572144e-01
1.187779028281007315e-01
1.177621383526707699e-01
1.175792243158068906e-01
1.166514001300457820e-01
1.152273444459806645e-01
1.142063851850885076e-01
1.135833815977834865e-01
1.119009420381160413e-01
1.104908534354909488e-01
1.092037562119530097e-01
1.080317720274833609e-01
1.081262791047174349e-01
1.079183823316631902e-01
1.083013041152103145e-01
1.076699774297695533e-01
1.089822316818547243e-01
1.079210372422542835e-01
1.081689257542996080e-01
1.077388658041596309e-01
1.094551953027809305e-01
1.104132823621324228e-01
1.138900712706126667e-01
1.087092625355099568e-01
1.052633457041671911e-01
1.046209997987924134e-01
1.044451789269830594e-01
1.043484670435742556e-01
1.073250972361758787e-01
1.116414981165212983e-01
1.097315257133363170e-01
1.008640573629021459e-01
1.008732572017554396e-01
1.021699454311546240e-01
1.019697629850358223e-01
9.964893749604254725e-02
9.914700885588802193e-02
9.813350901233225398e-02
9.896913814725936953e-02
1.002538450418686000e-01
1.047685764731546426e-01
1.059330125699657066e-01
1.034947807741095627e-01
1.038805770706801718e-01
1.031477548815895456e-01
9.870807575664776456e-02
9.592193254346254028e-02
9.697913197130390850e-02
9.561576680610055223e-02
9.384947142925000041e-02
9.380242077803947753e-02
9.280666065080271643e-02
9.308734818311745207e-02
9.242398658240184861e-02
8.996532989130801017e-02
9.046772810144813881e-02
8.972478710392499390e-02
8.920262247876374617e-02
8.909330505807404321e-02
8.814123189415576376e-02
8.744218778079883292e-02
8.726889529951693814e-02
8.745781755845978556e-02
8.608993833301978316e-02
8.480931618259117399e-02
8.527932001207963464e-02
8.636427374942244606e-02
8.608267646601136525e-02
8.589527683422601423e-02
8.633798557365211790e-02
8.559707706206368116e-02
8.581187902971514070e-02
8.454285873053805911e-02
8.411255164127877382e-02
8.224467911315731794e-02
8.123789675817864875e-02
8.179695808050334305e-02
8.173608557721355472e-02
8.147959405890368989e-02
8.038902899144016734e-02
7.950619135194449127e-02
7.996775300483992266e-02
8.062209434664117935e-02
8.186828611863934679e-02
8.186697273646979800e-02
8.163020046215024861e-02
7.784714689636902663e-02
7.716926916615449161e-02
7.751484975438376057e-02
7.733789131108767534e-02
7.647235663879180245e-02
7.482233810118717188e-02
7.411631657899180048e-02
7.466293661493381140e-02
7.187508260865560494e-02
7.278568940323094927e-02
7.233413475807876081e-02
7.124268632420953373e-02
7.052055705618019699e-02
6.991482473980259460e-02
7.002169218029027919e-02
6.925426814489128724e-02
6.950956099249985809e-02
6.857377349978700798e-02
6.836230887914485077e-02
6.785211523556322621e-02
6.733388545803246916e-02
6.762673746917760575e-02
6.736079510055251185e-02
6.798388310966245462e-02
6.662898231658616333e-02
6.582525201934470716e-02
6.531129497631663061e-02
6.570477735462980362e-02
6.615174582435569273e-02
6.500470490128279488e-02
6.475910725195546669e-02
6.458617191376553324e-02
6.403035047196613261e-02
6.517861924475684687e-02
6.506930838124630467e-02
6.319452117360738197e-02
6.443019604089164631e-02
6.374104251235206131e-02
6.248298496472547148e-02
6.198593161008601748e-02
6.205928988673058838e-02
6.262827370003713756e-02
6.249454145197294586e-02
6.173447874396862517e-02
6.145268530241108224e-02
6.131069780226647975e-02
6.120249397401891778e-02
6.293240916361322879e-02
6.431694829129196156e-02
6.377342880582764773e-02
6.334449826261258354e-02
6.005134095642344905e-02
5.986766912812287872e-02
5.864454777673070579e-02
5.726721958059712014e-02
5.674302575169094809e-02
5.691750985977544336e-02
5.765763625432128447e-02
5.832544217801649555e-02
5.721987749751016733e-02
5.870276536451760063e-02
5.959106781815022569e-02
6.143708704785776076e-02
6.475465161576655915e-02
6.093294464223714818e-02
5.974397741099579662e-02
5.842179370052853760e-02
5.894843018899688369e-02
6.301519264833692346e-02
6.590998182086403590e-02
6.077983469742313793e-02
5.677317824706237109e-02
5.639719952061489350e-02
5.649924321464523669e-02
5.631740541722524140e-02
5.679372181802267577e-02
5.652017917544828463e-02
5.603253812655077659e-02
5.475273167402950475e-02
5.500731464879846794e-02
5.434769442215597879e-02
5.383500072726638691e-02
5.345797045546715059e-02
5.355346937226122123e-02
5.303621132924433296e-02
5.282064250156078000e-02
5.281807522165460345e-02
5.272672074761961675e-02
5.351257877782061162e-02
5.422412289000660274e-02
5.611140166358579567e-02
5.421055641288418520e-02
5.288904640941022306e-02
5.244599702123670798e-02
5.254847030450003620e-02
5.230623026483682131e-02
5.270158536007214789e-02
5.337670008490614376e-02
5.273622140675299219e-02
5.351859107314047015e-02
5.450217095517938953e-02
5.467805670129586432e-02
5.623801730841968688e-02
5.812543682537098938e-02
6.275940025021363444e-02
6.727272930415124919e-02
6.483955003915055360e-02
7.545370479603924485e-02
1.068613183073717915e-01
6.789455401205819751e-02
6.941855083765606504e-02
5.764297563695133103e-02
5.734049722466669219e-02
5.803416749791371482e-02
5.572694025824095898e-02
5.356913246720614030e-02
5.333375144338080298e-02
5.350308604800710355e-02
5.274268323495941158e-02
5.232777121719307117e-02
5.193074614430810004e-02
5.197200686575306067e-02
5.181203451767066315e-02
5.141353390459179468e-02
5.201108753316043692e-02
5.106484900890559397e-02
5.138209840063171635e-02
5.068595757788476458e-02
5.160388057161401781e-02
5.148620586718340164e-02
5.099748969728098297e-02
5.028812486403416715e-02
5.040978199406552507e-02
5.134104941623952867e-02
5.061655467849361656e-02
5.010508985673194776e-02
4.885999822868322684e-02
4.774986889272155033e-02
4.751605776589010871e-02
4.706069791421720744e-02
4.708208014944911118e-02
4.715442211100979303e-02
4.677310449076513277e-02
4.620206328309887922e-02
4.577470365135213187e-02
4.452336362454684809e-02
4.493372509935340819e-02
4.456909743764248671e-02
4.376069822826333944e-02
4.352890070895789471e-02
4.354502828191456065e-02
4.314947103395534722e-02
4.314932051480285802e-02
4.301858176477781071e-02
4.249377798477519536e-02
4.251276314655640792e-02
4.227278657646151017e-02
4.214484687339811048e-02
4.223295012910315699e-02
4.282314221968305801e-02
4.339398154688875464e-02
4.313351940349317154e-02
4.350700952144698208e-02
4.343719029940915077e-02
4.324543081172586845e-02
4.199873674184449734e-02
4.181966129830998191e-02
4.195019327273741966e-02
4.212116364390495332e-02
4.235387771338221946e-02
4.192103574871655636e-02
4.119379089931091836e-02
4.120350100642616864e-02
4.163568662495342049e-02
4.181220973048303119e-02
4.132791697296268191e-02
4.092633809200451472e-02
4.032613155899143070e-02
3.999482238779053511e-02
3.978086164387925616e-02
3.971834060545828549e-02
3.971792965392563490e-02
3.963022365158462568e-02
3.931988792806111882e-02
3.930005877040870788e-02
3.934182995363296603e-02
3.930488016027647996e-02
3.883392650194656542e-02
3.843042495303754247e-02
3.792581902569763797e-02
3.819275486359147154e-02
3.800482957595995026e-02
3.739273270150649670e-02
3.729298924734032739e-02
3.730592267723693845e-02
3.736481825238215093e-02
3.721800128743965597e-02
3.710817492965218928e-02
3.723841675053254918e-02
3.773184266899535372e-02
3.776927182909178143e-02
3.894392574351152742e-02
3.878662674167427521e-02
3.856540141234482411e-02
3.794930338283666188e-02
3.780056722509737149e-02
3.810408645727567101e-02
3.871409350154399881e-02
3.971700982307382194e-02
3.851717380771833843e-02
3.772480473046714577e-02
3.719889525780070011e-02
3.686038261096079294e-02
3.778589032183487378e-02
3.897318559792821435e-02
3.701242555487236491e-02
3.654188472010270333e-02
3.663447231173373037e-02
3.623174886971280290e-02
3.615676521729077608e-02
3.545873365330556165e-02
3.608605939585269456e-02
3.663625730090445953e-02
3.695956536517727709e-02
3.771226021931041450e-02
3.629367931596704649e-02
3.601580453881138288e-02
3.435660028387309967e-02
3.475213686909783828e-02
3.510397318768878477e-02
3.406893779527737920e-02
3.455111696720360864e-02
3.413778348704293863e-02
3.365753053268270845e-02
3.380659155066551014e-02
3.379624509670760280e-02
3.368309940336906838e-02
3.312943889284945126e-02
3.276564442257777487e-02
3.252932611439624672e-02
3.225911216507362789e-02
3.235406881454290506e-02
3.251652996979614851e-02
3.228560653607256276e-02
3.245268789681755167e-02
3.276514096349680133e-02
3.231490163587414505e-02
3.210736739921481175e-02
3.210741894663824564e-02
3.205026063290189464e-02
3.246195758507146312e-02
3.245946267916614836e-02
3.249953902062279604e-02
3.258091405589613049e-02
3.212022782639941537e-02
3.174161494894640195e-02
3.157468963202827994e-02
3.121195218652141404e-02
3.207430941146153375e-02
3.235495154813110286e-02
3.201037725719683980e-02
3.131930892499987240e-02
3.136609255447488781e-02
3.172085777051288080e-02
3.196963826020433191e-02
3.158355677511861387e-02
3.144453227957230701e-02
3.081904666251089261e-02
3.077557540081680282e-02
3.073574265016047746e-02
3.100288161835143552e-02
3.134247647844173174e-02
3.236809006545918188e-02
3.096464778048103883e-02
3.037675853101583223e-02
3.011646871683663212e-02
2.959530648104983022e-02
2.933963976723340597e-02
2.925572152953761704e-02
2.914979464999782957e-02
2.922934343161018300e-02
2.898602374862407557e-02
2.908851935133664052e-02
2.923574494327759246e-02
2.931569493438823323e-02
2.976716830301889827e-02
2.977451094148468938e-02
2.952119670430680340e-02
2.955174577215237061e-02
2.999055053640227106e-02
2.944115329403940162e-02
2.941029007945088203e-02
2.920243831495103123e-02
2.932186082976448102e-02
2.930137137183413606e-02
2.938241664315518337e-02
2.895254313624986975e-02
2.906767327137640619e-02
2.944402370843943878e-02
2.932599688546201969e-02
2.915179856600405919e-02
2.922759895196342869e-02
2.936875091603801877e-02
2.943227337033968438e-02
2.887781600169081475e-02
2.897788599804305976e-02
2.933176491680518014e-02
2.952235950037556539e-02
2.983743056897178100e-02
2.970161028456238389e-02
2.955770129017207259e-02
2.908443830634112326e-02
2.925403028096069946e-02
2.960146431531868530e-02
2.950117190902872694e-02
2.990382640648198490e-02
3.040844275880207406e-02
3.016396934249881284e-02
3.072917812061029194e-02
3.104899657278348615e-02
3.079433106077709287e-02
3.048988968090432863e-02
3.137730831519604247e-02
3.118827298966647676e-02
3.159735002492621014e-02
3.143951502289864947e-02
3.133847885021570634e-02
3.138889264434929771e-02
3.189746933901510539e-02
3.200621869923020446e-02
3.208618632448424074e-02
3.286460548966536888e-02
3.329693849478323336e-02
3.330206436267982989e-02
3.394724614279621272e-02
3.373496115752945557e-02
3.430342816651808791e-02
3.434306003169241422e-02
3.478918699078781263e-02
3.391277250977402236e-02
3.400649249690069348e-02
3.535178610012465472e-02
3.633395263836357303e-02
3.798092924888672728e-02
4.336239757900316183e-02
4.800879940813700814e-02
3.884792264453156702e-02
3.406003697893854321e-02
3.411237850074783778e-02
3.401328978043954843e-02
3.366962487590098585e-02
3.330017813482878675e-02
3.325116069448200845e-02
3.320997123624354341e-02
3.324223948496057152e-02
3.283129040562891149e-02
3.176613738079767102e-02
3.189176522180425105e-02
3.233580274702781837e-02
3.315786589058196399e-02
3.503088884720792495e-02
3.289290173622933661e-02
3.371097856955596050e-02
3.318827423002088800e-02
3.335566500727687317e-02
3.343201387940764047e-02
3.350761555811905545e-02
3.358413904223316038e-02
3.345796777721669196e-02
3.316439322852315907e-02
3.283117518129214513e-02
3.308377195618710659e-02
3.276351613376089766e-02
3.282421642838959097e-02
3.277223794837472171e-02
3.241274032176593572e-02
3.252608390823954337e-02
3.242616878320440932e-02
3.264870986138249803e-02
3.210420419075789289e-02
3.199657242991130190e-02
3.197857603340019395e-02
3.164148326787014076e-02
3.155827840726736777e-02
3.117871691308098797e-02
3.098543725911257624e-02
3.073664567644464329e-02
2.992837380901763877e-02
2.977681649441042688e-02
2.951058088965915691e-02
2.940787955090076733e-02
2.906965722139660466e-02
2.923172179299950504e-02
2.945996488467153562e-02
2.931366417310742739e-02
2.973524101166284683e-02
2.961450490405232588e-02
3.001816368824656786e-02
2.905177819756927723e-02
2.909986041183983130e-02
2.937710956630870326e-02
2.876367489508935282e-02
2.950593382915893403e-02
2.979671287315250813e-02
2.986477952313517509e-02
2.887202371992699662e-02
2.906038556143441393e-02
2.931376149726627051e-02
2.909961148710394838e-02
2.846969232602109684e-02
2.918593165287647340e-02
2.837886025085923150e-02
2.846917141241118998e-02
2.832178941727441640e-02
2.901893474749206447e-02
2.986322343788406358e-02
2.935098143002552035e-02
2.890718716553607529e-02
2.860687728056265575e-02
2.896763491293088966e-02
2.880896477570031589e-02
2.808369314819500473e-02
2.816724459384056106e-02
2.756776882596008102e-02
2.800558389554725497e-02
2.898801630255007714e-02
2.936336563608884370e-02
3.000471313285467401e-02
2.945908528715519142e-02
2.881518156772530995e-02
2.803502247054873858e-02
2.796633621201721071e-02
2.818617490687275531e-02
2.829432477551434288e-02
2.821878489460256240e-02
2.760568951435156751e-02
2.755621930039939618e-02
2.753449088388861682e-02
2.731505210379867390e-02
2.728732952789860930e-02
2.718561394999986433e-02
2.767752062823002762e-02
2.733626886182769986e-02
2.671861608784069364e-02
2.678487087397903033e-02
2.661078132200863158e-02
2.608025836466518199e-02
2.631696550745038846e-02
2.654664211943857932e-02
2.683667159622723022e-02
2.628206441337046714e-02
2.624588228086428832e-02
2.541429880420756349e-02
2.634532519799360345e-02
2.702620327396314595e-02
2.624144619828886263e-02
2.646907975705692709e-02
2.652016798041936449e-02
2.562949157289065930e-02
2.535333119451163922e-02
2.507860311220955901e-02
2.510329871221435305e-02
2.463213151585779553e-02
2.442949976293050038e-02
2.438349547022036767e-02
2.418323556484890113e-02
2.419071344836951770e-02
2.423776289480080240e-02
2.443194817009831585e-02
2.403397328843364170e-02
2.413358583457338863e-02
2.371579480747061999e-02
2.368086431256180222e-02
2.344769050566255716e-02
2.344026853110453903e-02
2.389117550756196182e-02
