3.530154564710245690e+00
3.412160907799746123e+00
3.343722629577998706e+00
3.074421382602847697e+00
3.191596694412107471e+00
3.217941518470563977e+00
3.384641258000299580e+00
3.257097387257478882e+00
3.218746729229546411e+00
3.369335933340447120e+00
3.116822799502123154e+00
3.127248481141610803e+00
3.140047393833422351e+00
2.954725981322119388e+00
2.963453290178678312e+00
2.974267788347274788e+00
2.927318193290305182e+00
2.940219280342593500e+00
2.960607413723513215e+00
2.875349272992613781e+00
2.870781750399729493e+00
2.941456015522297740e+00
2.881442959475702725e+00
2.794504296865181203e+00
2.745194162872191868e+00
2.707429894744154630e+00
2.800716765230158778e+00
2.752101942811325586e+00
2.650080780217793031e+00
2.678030382519916763e+00
2.674817052213741775e+00
2.669411922817992000e+00
2.656676515218149959e+00
2.652499620874599007e+00
2.632995546758829075e+00
2.610736690477986066e+00
2.586979061631111243e+00
2.533873623928709851e+00
2.512623893472201608e+00
2.512423064407217854e+00
2.464263470807237510e+00
2.386581329277665198e+00
2.379282357800475811e+00
2.387718381996830175e+00
2.352051804014887004e+00
2.357651985370500025e+00
2.358068839936354077e+00
2.332943594114726071e+00
2.296625573209758908e+00
2.324635710135320554e+00
2.274145007966872800e+00
2.287320503163348118e+00
2.322701442197997235e+00
2.265758406236946687e+00
2.262250622824518498e+00
2.236237183863717171e+00
2.214523340432689835e+00
2.214042735445416188e+00
2.206690249965159722e+00
2.199799736623134994e+00
2.178464903286127630e+00
2.175435915946272392e+00
2.143824388365509037e+00
2.162664437985513555e+00
2.157787219347370833e+00
2.153584294594190762e+00
2.150084294323771239e+00
2.135987221442630535e+00
2.132864366377687393e+00
2.135467433340572097e+00
2.142588812125852282e+00
2.126866334367018663e+00
2.091057721071626574e+00
2.089652206074176011e+00
2.081997637249053845e+00
2.100177521990329588e+00
2.105714213203870422e+00
2.097979408224913911e+00
2.095383160728641947e+00
2.088431481086273855e+00
2.081330210469302333e+00
2.074579064716869148e+00
2.075676151920615276e+00
2.076418864093869221e+00
2.066118270098372456e+00
2.066325117483758245e+00
2.047362629794615696e+00
2.047221103098733952e+00
2.025291585355950108e+00
2.013962212445501887e+00
2.016282656880504121e+00
2.008522856002850965e+00
2.002797823798565524e+00
2.002268189821780453e+00
1.978114272530666851e+00
1.975586490334952927e+00
1.977128926832116163e+00
1.973513031294898301e+00
1.971609372721247366e+00
1.968658186539148813e+00
1.969091853832269035e+00
1.964965023060520455e+00
1.964778446770925724e+00
1.965932225025865732e+00
1.962932266044639107e+00
1.964328268996555327e+00
1.961669630596693636e+00
1.959261465327105212e+00
1.957959301915102035e+00
1.957296648059564603e+00
1.957574027056734112e+00
1.955919475886237491e+00
1.954586796038685792e+00
1.954707564352622828e+00
1.955066765822880637e+00
1.954645921557967680e+00
1.954817893396005202e+00
1.956023967162579869e+00
1.955120867819442720e+00
1.954687746404186965e+00
1.954647822588734041e+00
1.954627009369495738e+00
1.954580476169029968e+00
1.954470989935635616e+00
1.955124548689847641e+00
1.954961504540398298e+00
1.954883303972819730e+00
1.954890038522241413e+00
1.954912069764989768e+00
1.955364492712711622e+00
1.954640516755816959e+00
1.954643723880225226e+00
1.954647340262935185e+00
1.954218916185617161e+00
1.954191472668957541e+00
1.953222517087120025e+00
1.953046388909704500e+00
1.952475945128051560e+00
1.953294778435190171e+00
1.953293824898211684e+00
1.953286248112088064e+00
1.953028523255980087e+00
1.952866482062386666e+00
1.952891950252572117e+00
1.952889228679269618e+00
1.952934804046079220e+00
1.952858486123287829e+00
1.952848649561664818e+00
1.952848344854422269e+00
1.952852311254185791e+00
1.952853439618407405e+00
1.953033994627954240e+00
1.952737061887599879e+00
1.952820779980173782e+00
1.953518105860049703e+00
1.953446376549765606e+00
1.953505714021703810e+00
1.953482660145061445e+00
1.953469380913036346e+00
1.953469367670445322e+00
1.953468514447775473e+00
1.953469184425333127e+00
1.953515192009699364e+00
1.953512270381588367e+00
1.952479761589738683e+00
1.952494937388265850e+00
1.953215286815102036e+00
1.953217822684318650e+00
1.953217827508687110e+00
1.953213284362681934e+00
1.953220538127685035e+00
1.953211843666935676e+00
1.953211841303988949e+00
1.953211822108557483e+00
1.953211822108300355e+00
1.953209374826846201e+00
1.953209449526295716e+00
1.953209417373677370e+00
1.953196529482235322e+00
1.953196558608253808e+00
1.953197174809658376e+00
1.953197177046031907e+00
1.953197177060850054e+00
1.953197177052915734e+00
1.953197335705941118e+00
1.953197335706668980e+00
1.953196680565034482e+00
1.953196689302997724e+00
1.953195707248812862e+00
1.953195707236616396e+00
1.953195669546354818e+00
1.953195659277518148e+00
1.953195659670925677e+00
1.953195807748773660e+00
1.953195782316522244e+00
1.953195790459673731e+00
1.953196477775036799e+00
1.953196687885264904e+00
1.953196771567772272e+00
1.953196771567770940e+00
1.953196771567771162e+00
1.953196750084770894e+00
1.953196748914512337e+00
1.953196733844170252e+00
1.953196691471266844e+00
1.953196694472453032e+00
1.953196691140049568e+00
1.953196676276264920e+00
1.953196802541619759e+00
1.953196801913906544e+00
1.953196567682121465e+00
1.953196458232664412e+00
1.953196461167738152e+00
1.953196460668713330e+00
1.953196466461154301e+00
1.953196466111785767e+00
1.953196465512848423e+00
1.953196465575021801e+00
1.953196466520379149e+00
1.953196466520379149e+00
1.953196466509038887e+00
1.953196465414577698e+00
1.953196465301038298e+00
1.953196464258677212e+00
1.953196466279646160e+00
1.953196469776664390e+00
1.953196464561026247e+00
1.953196469693262216e+00
1.953196465832035544e+00
1.953196465822823358e+00
1.953196465779556190e+00
1.953196465771668944e+00
1.953196464886995276e+00
1.953196464938631083e+00
1.953196465877609977e+00
1.953196466240909590e+00
1.953196462828018953e+00
1.953196459725589307e+00
1.953196459704878318e+00
1.953196460421902758e+00
1.953196460397827350e+00
1.953196460384699851e+00
1.953196459124308948e+00
1.953196459078790692e+00
1.953196459216141490e+00
1.953196459224412873e+00
1.953196459190644330e+00
1.953196459179277866e+00
1.953196459195009282e+00
1.953196459138940355e+00
1.953196458491734955e+00
1.953196458286444059e+00
1.953196458139735414e+00
1.953196458134345947e+00
1.953196458128695356e+00
1.953196458182945960e+00
1.953196458174683459e+00
1.953196458243968037e+00
1.953196458243968037e+00
1.953196458243968037e+00
1.953196458262623336e+00
1.953196458241424960e+00
1.953196457930910679e+00
1.953196458012550707e+00
1.953196457955636678e+00
1.953196457970687305e+00
1.953196457926183127e+00
1.953196457949728737e+00
1.953196457946504427e+00
1.953196457946504427e+00
1.953196457945643782e+00
1.953196457947859344e+00
1.953196457939691211e+00
1.953196457686637855e+00
1.953196457935759467e+00
1.953196457937242725e+00
1.953196457937093511e+00
1.953196457929900820e+00
1.953196457935109764e+00
1.953196457935109764e+00
1.953196457940210795e+00
1.953196457921821949e+00
1.953196457945801212e+00
1.953196457947715459e+00
1.953196457947572684e+00
1.953196458022190329e+00
1.953196457969634370e+00
1.953196457967537381e+00
1.953196457967537381e+00
1.953196457971491995e+00
1.953196457950802767e+00
1.953196457950754361e+00
1.953196457948622067e+00
1.953196457948622067e+00
1.953196457949817555e+00
1.953196457949845755e+00
1.953196457953363829e+00
1.953196457953351173e+00
1.953196457953325860e+00
1.953196457846897216e+00
1.953196457916806184e+00
1.953196457850182810e+00
1.953196457847502732e+00
1.953196458011563497e+00
1.953196458011855707e+00
1.953196458011943859e+00
1.953196458011949854e+00
1.953196458011949854e+00
1.953196458012582237e+00
1.953196458012493419e+00
1.953196458012493419e+00
1.953196458012493419e+00
1.953196458012493419e+00
1.953196458013301440e+00
1.953196458013270131e+00
1.953196458013148895e+00
1.953196458013153336e+00
1.953196458012845138e+00
1.953196458012845138e+00
1.953196458012845138e+00
1.953196458012952830e+00
1.953196458012952830e+00
1.953196461022875585e+00
1.953196460310433480e+00
1.953196457162007960e+00
1.953196457943422448e+00
1.953196457943423781e+00
1.953196457943423781e+00
1.953196458030060922e+00
1.953196457908873640e+00
1.953196458351880604e+00
1.953196458354451437e+00
1.953196458354451437e+00
1.953196458374689914e+00
1.953196458374689914e+00
1.953196458374637290e+00
1.953196458902912713e+00
1.953196458414758085e+00
1.953196458271377223e+00
1.953196453099423691e+00
1.953196454099363377e+00
1.953196457974000655e+00
1.953196455651710295e+00
1.953196455127479636e+00
1.953196455149314614e+00
1.953196455842998613e+00
1.953196456197090924e+00
1.953196455750170868e+00
1.953196455750170868e+00
1.953196455750185079e+00
1.953196455759542705e+00
1.953196455759542705e+00
1.953196456263841085e+00
1.953196456203252440e+00
1.953196456203252440e+00
1.953196456209484566e+00
1.953196456374219903e+00
1.953196456692305460e+00
1.953196456489445509e+00
1.953196456501469669e+00
1.953196456390885016e+00
1.953196456724038965e+00
1.953196456439131534e+00
1.953196456312532803e+00
1.953196456268749603e+00
1.953196456226051980e+00
1.953196456223625033e+00
1.953196456222039190e+00
1.953196456361776967e+00
1.953196456253782243e+00
1.953196456227460853e+00
1.953196456227460853e+00
1.953196456227439537e+00
1.953196456227439537e+00
1.953196456227958677e+00
1.953196456224682409e+00
1.953196456225322120e+00
1.953196455845798596e+00
1.953196456247932700e+00
1.953196456248209589e+00
1.953196456247964452e+00
1.953196456247582091e+00
1.953196456247962676e+00
1.953196456242956902e+00
1.953196456242956902e+00
1.953196456243162515e+00
1.953196456243153634e+00
1.953196456202033415e+00
1.953196456222649591e+00
1.953196456222719091e+00
1.953196456221727884e+00
1.953196456225208211e+00
1.953196456225208211e+00
1.953196456225208211e+00
1.953196456225358091e+00
1.953196456225358091e+00
1.953196456224355115e+00
1.953196456224384647e+00
1.953196456224421951e+00
