5.851860340479397848e+00
6.354713449404436609e+00
6.863737195072600272e+00
7.302986026342412451e+00
7.789109420672191142e+00
8.281301067633053847e+00
8.479929922634299899e+00
8.761499128561707650e+00
9.156122422486395962e+00
9.330160587053939025e+00
1.009574377884512764e+01
1.005582800911520458e+01
1.033691085484699279e+01
1.104958457926961124e+01
1.084186423651090969e+01
1.051305965817191890e+01
1.063663012594997781e+01
9.947022941795701456e+00
9.649581768599430731e+00
9.389780929757737482e+00
8.905881967681379408e+00
8.151275029838824793e+00
8.071373306541991255e+00
8.112283347854580384e+00
7.987864669794278782e+00
7.484565309901785035e+00
7.537557447673318478e+00
6.808945689630258258e+00
6.669750531663227733e+00
6.353572965610135626e+00
6.613305878018699957e+00
6.961021120413890095e+00
7.038295056988739695e+00
6.868824226100421981e+00
6.634211801530962127e+00
6.352797853848562326e+00
4.938689169648306176e+00
5.241824133647868145e+00
5.470919397785366733e+00
5.157265178693567265e+00
5.219902346844590646e+00
4.645616222752028790e+00
4.545597420364089203e+00
4.412471478483889875e+00
4.242508514473318115e+00
4.230836460283027733e+00
4.174447485955305126e+00
4.216792943590426113e+00
4.220854036864941428e+00
4.235312000975817170e+00
4.262505310281246906e+00
4.384933519788449807e+00
4.549046890335448623e+00
4.440207249335217377e+00
4.297175442279926649e+00
4.539329857180472771e+00
4.147612862069455453e+00
4.190359846694885704e+00
3.973027576903485958e+00
3.773201774325245061e+00
3.568075751529395490e+00
3.677146990469983390e+00
3.731428024351087558e+00
3.346383185475421129e+00
3.362831201729552966e+00
3.235293587929582326e+00
3.266689973579621764e+00
3.334529234002261422e+00
3.503012807329806577e+00
3.227425498354541844e+00
3.232967710660114680e+00
3.196570728053467203e+00
3.261620735863155929e+00
3.383650788532424514e+00
3.182528361208984080e+00
3.394857574895979724e+00
3.150402272579524876e+00
3.280426844721496149e+00
3.284149588651658735e+00
2.958860642698439847e+00
2.721602383738147335e+00
2.619394600174132837e+00
2.671175541565599776e+00
2.643577705771793074e+00
2.682960330763728862e+00
2.700028307284425999e+00
2.799205262636228930e+00
2.904336561169855280e+00
2.820291673906654140e+00
2.747379036696035115e+00
2.794046106515466921e+00
2.636870646324441569e+00
2.494319157019996958e+00
2.597227978323986441e+00
2.348344984228056820e+00
2.351790703680433747e+00
2.426048701863677159e+00
2.371402343020218684e+00
2.347604692213043798e+00
2.357660876566349817e+00
2.432625485495018225e+00
2.371594958755361304e+00
2.349912336424157644e+00
2.332577141077554206e+00
2.372804450561127876e+00
2.621537003308632485e+00
2.463146025108620130e+00
2.451105204544610672e+00
2.452350239519785813e+00
2.408508786831577542e+00
2.473417247788196605e+00
2.582561895078835601e+00
2.451272572159149732e+00
2.295847545315182092e+00
2.315146541201738462e+00
2.329891981739351525e+00
2.138848260491525988e+00
2.238191730079770458e+00
2.263830973066804475e+00
2.393196923493827732e+00
2.519405590211798884e+00
2.499455255759696293e+00
2.263586192237309280e+00
2.188394234798855642e+00
2.208627679412763278e+00
2.147280537402216360e+00
2.107964141045623574e+00
2.105096402361477992e+00
2.070391595882617786e+00
2.050207788471438253e+00
2.046947527796055599e+00
2.019187677649235013e+00
2.005637990023997119e+00
2.021594937107875634e+00
2.002935188012072931e+00
1.996831321427981143e+00
2.012992826834332671e+00
2.047785590315237325e+00
2.029394708991816731e+00
1.996530239849991784e+00
2.016983306803111553e+00
2.028688713100722296e+00
2.000307772200739187e+00
1.977364677503846035e+00
1.974370586324423638e+00
1.975221519317168495e+00
1.968923536213299963e+00
1.961461766400178552e+00
1.958354383105791019e+00
1.959440899764987698e+00
1.961609853396753200e+00
1.961603350041171367e+00
1.958043141506019991e+00
1.961278523324000211e+00
1.958155954221227679e+00
1.956763431690708543e+00
1.956241420773004114e+00
1.957676063244317088e+00
1.956129405076921346e+00
1.956443432460052145e+00
1.955643944760844022e+00
1.956440749898994413e+00
1.957962073824899951e+00
1.955796991697130949e+00
1.955054201773011258e+00
1.955176677628211568e+00
1.953981618565297618e+00
1.954177037209932299e+00
1.953841409117010208e+00
1.953220599644884370e+00
1.953536336271124441e+00
1.953558785924293550e+00
1.953399369094756866e+00
1.953419849630776195e+00
1.953707181367057677e+00
1.954128488451022161e+00
1.953991323533734059e+00
1.953445303267638655e+00
1.953490781611612714e+00
1.953883509436211918e+00
1.953557596859758272e+00
1.953509460435796319e+00
1.953389198832132356e+00
1.953676299622173484e+00
1.953613613229636004e+00
1.953069406244446249e+00
1.953056299340282242e+00
1.953262515036410019e+00
1.953334141485234321e+00
1.953335204469232034e+00
1.953430098765922551e+00
1.953591463303742115e+00
1.953556387991647991e+00
1.953646462085468105e+00
1.954329358023954466e+00
1.954535104260952449e+00
1.954035653380129522e+00
1.953548656479430656e+00
1.953646721391755881e+00
1.953593715645742579e+00
1.953223286645909385e+00
1.953205877149768233e+00
1.953212330783076656e+00
1.953233815500085901e+00
1.953226935880776782e+00
1.953199293575639262e+00
1.953200221341533593e+00
1.953202055559883688e+00
1.953212734875515721e+00
1.953220928814887847e+00
1.953209058688744726e+00
1.953239314071245181e+00
1.953206821035656349e+00
1.953207124534133587e+00
1.953198744253224151e+00
1.953196978211856338e+00
1.953196875157249490e+00
1.953196385352099718e+00
1.953196454700940832e+00
1.953196185941948881e+00
1.953196281728130312e+00
1.953196307399621912e+00
1.953197268407717013e+00
1.953197441018036384e+00
1.953197244100569163e+00
1.953197069800134189e+00
1.953197525668805890e+00
1.953196698684406263e+00
1.953196735169588472e+00
1.953195582342488690e+00
1.953196124274946710e+00
1.953194824842951149e+00
1.953192685721211630e+00
1.953193946880517506e+00
1.953186673145256069e+00
1.953199582633326603e+00
1.953198498678378581e+00
1.953196586363997511e+00
1.953196434286247340e+00
1.953196400510447184e+00
1.953196354254984168e+00
1.953196409057673444e+00
1.953196409801577271e+00
1.953196450905235526e+00
1.953196483283620832e+00
1.953196500292384341e+00
1.953196518566262085e+00
1.953196537220230233e+00
1.953196419921157334e+00
1.953196402066604831e+00
1.953196419653965732e+00
1.953196404455383783e+00
1.953196425148350235e+00
1.953196437471651281e+00
1.953196433344726923e+00
1.953196424053649682e+00
1.953196425657260482e+00
1.953196431811385692e+00
1.953196467684954030e+00
1.953196466790312114e+00
1.953196465375131918e+00
1.953196462018278678e+00
1.953196460519290634e+00
1.953196459167532373e+00
1.953196458267851154e+00
1.953196458861424567e+00
1.953196459333405910e+00
1.953196460226742204e+00
1.953196460387947253e+00
1.953196460296860781e+00
1.953196459411270069e+00
1.953196459769952709e+00
1.953196459958173259e+00
1.953196459127394702e+00
1.953196458196786445e+00
1.953196458248358747e+00
1.953196457565190780e+00
1.953196457543716624e+00
1.953196457530729679e+00
1.953196457440358857e+00
1.953196458041526196e+00
1.953196457865220115e+00
1.953196457934849084e+00
1.953196457831299471e+00
1.953196457842113043e+00
1.953196457710504985e+00
1.953196457727369717e+00
1.953196457888037640e+00
1.953196457790256080e+00
1.953196457606213743e+00
1.953196457362750937e+00
1.953196457425972365e+00
1.953196456928614655e+00
1.953196456859222829e+00
1.953196457601081626e+00
1.953196457989973434e+00
1.953196457600256952e+00
1.953196457920820084e+00
1.953196457784586837e+00
1.953196457855041368e+00
1.953196457943131792e+00
1.953196458157913540e+00
1.953196458042880446e+00
1.953196458092593790e+00
1.953196458176714723e+00
1.953196458425554560e+00
1.953196458666273561e+00
1.953196458037740335e+00
1.953196458033815697e+00
1.953196458026074112e+00
1.953196458003941149e+00
1.953196458004908376e+00
1.953196457954607723e+00
1.953196457905259198e+00
1.953196457890379767e+00
1.953196457874525560e+00
1.953196457920330031e+00
1.953196457831428923e+00
1.953196457948051856e+00
1.953196458017225634e+00
1.953196458011458470e+00
1.953196458033084948e+00
1.953196458022410376e+00
1.953196458349295339e+00
1.953196458367734589e+00
1.953196458077063324e+00
1.953196457975620914e+00
1.953196458069204722e+00
1.953196457972345756e+00
1.953196457718257895e+00
1.953196457785475459e+00
1.953196458079553999e+00
1.953196458141065239e+00
1.953196458305420435e+00
1.953196458255519241e+00
1.953196458067507413e+00
1.953196458240605393e+00
1.953196458420938919e+00
1.953196458444904637e+00
1.953196458401493141e+00
1.953196458259261581e+00
1.953196457017440935e+00
1.953196457004088282e+00
1.953196457101041172e+00
1.953196457476317649e+00
1.953196457143124398e+00
1.953196457232633243e+00
1.953196458299559124e+00
1.953196459016569131e+00
1.953196459122497286e+00
1.953196461509172588e+00
1.953196457384034135e+00
1.953196457636913852e+00
1.953196457043568035e+00
1.953196455620568539e+00
1.953196455900946704e+00
1.953196455308280566e+00
1.953196456217435317e+00
1.953196455963023270e+00
1.953196455656263320e+00
1.953196455640400453e+00
1.953196455123481945e+00
1.953196455472783422e+00
1.953196454884271738e+00
1.953196455169575296e+00
1.953196455458757530e+00
1.953196456070102283e+00
1.953196456597806607e+00
1.953196456416860460e+00
1.953196456284057581e+00
1.953196456453166752e+00
1.953196456371755652e+00
1.953196456254185254e+00
1.953196456284168825e+00
1.953196456308966988e+00
1.953196456313682994e+00
1.953196456149556282e+00
1.953196456142607396e+00
1.953196456150319227e+00
1.953196455754600658e+00
1.953196456019581806e+00
1.953196456068871489e+00
1.953196455973871926e+00
1.953196455820447541e+00
1.953196455952382005e+00
1.953196456030522166e+00
1.953196456037225914e+00
1.953196455984389734e+00
1.953196456271816706e+00
1.953196456235755774e+00
1.953196456232918932e+00
1.953196456041080831e+00
1.953196456046262242e+00
1.953196455916861529e+00
1.953196456036785600e+00
1.953196456081305765e+00
1.953196456022910699e+00
1.953196456086749633e+00
1.953196456183778018e+00
1.953196456185191998e+00
