2.529829869339113486e+02
2.372385111143249503e+02
2.263314728755151748e+02
2.185154099005860644e+02
2.126534061370858808e+02
2.080815760765372602e+02
2.042752106053743830e+02
2.009509199890019886e+02
1.978083746303011878e+02
1.949996716585652905e+02
1.927798907088915712e+02
1.904977184098984822e+02
1.878988131974752491e+02
1.859093854012636484e+02
1.841909762142134639e+02
1.825204923632457223e+02
1.802867355926933328e+02
1.789266321150722092e+02
1.775466543906779862e+02
1.754553329034559113e+02
1.736407183316231624e+02
1.726528591252877902e+02
1.713179138512751365e+02
1.702039639578999868e+02
1.692179023361060501e+02
1.676499186409675417e+02
1.664184961369253415e+02
1.658824124336940997e+02
1.648270549349271903e+02
1.638704416829418733e+02
1.622756434005753761e+02
1.607687850441953969e+02
1.589394402438200302e+02
1.580895288311293427e+02
1.568493306031428176e+02
1.563207428514361936e+02
1.549428601602909623e+02
1.539735222486661428e+02
1.533347727878143871e+02
1.525975662832832995e+02
1.517886744759017006e+02
1.504170219490624163e+02
1.499137854534213830e+02
1.491510172758931105e+02
1.485612957980631279e+02
1.480459577609588848e+02
1.467762170992977531e+02
1.461239304469826550e+02
1.459439485704720880e+02
1.449619411645845446e+02
1.446093596063049631e+02
1.438788368908093673e+02
1.430786773744547986e+02
1.422662704234259365e+02
1.416997667568587929e+02
1.410150736388416703e+02
1.400258636458537183e+02
1.396654501675466236e+02
1.388866174030170555e+02
1.385304693605070270e+02
1.381961314342399021e+02
1.381249616495807686e+02
1.378446499633629969e+02
1.377011098971494221e+02
1.374640592673383424e+02
1.369492207127593133e+02
1.362284587944545819e+02
1.360664431537072971e+02
1.356788256194452913e+02
1.347873253312521911e+02
1.339175200261517489e+02
1.339652432208179675e+02
1.330028179505118544e+02
1.325765544482482596e+02
1.324555300872210637e+02
1.324830663340003696e+02
1.317234860955549038e+02
1.305512927155701846e+02
1.306261956720858279e+02
1.298211299985500204e+02
1.295483445484118761e+02
1.294112573456828272e+02
1.287242493866724260e+02
1.285062712571989039e+02
1.278620699405217209e+02
1.275147528404650785e+02
1.272499940166919998e+02
1.264750147521413481e+02
1.262071998382621842e+02
1.261407698843278382e+02
1.258452712481479097e+02
1.258074455128835893e+02
1.253293894852763941e+02
1.251740300927944389e+02
1.247316217509812617e+02
1.241088447952337219e+02
1.234950352037332379e+02
1.232347663622693261e+02
1.228640285037200925e+02
1.222041690596968664e+02
1.218073485924972630e+02
1.214154762931636355e+02
1.208981919180935307e+02
1.204235446302124188e+02
1.199888530784522231e+02
1.199133229204981745e+02
1.192634028210893149e+02
1.186803732817444086e+02
1.186639235389995548e+02
1.177603976586806880e+02
1.178523126093052440e+02
1.172533017404379052e+02
1.165451285653332718e+02
1.163230180741867912e+02
1.164078084374785931e+02
1.159239112167817467e+02
1.155364863466906797e+02
1.155003978623230125e+02
1.149478943968444185e+02
1.145762960078350403e+02
1.144708979779081375e+02
1.140771812142967718e+02
1.134026787074259914e+02
1.126958807850550954e+02
1.127405002061392878e+02
1.120294821982646170e+02
1.111051470303113007e+02
1.108208752464534967e+02
1.105491794098642231e+02
1.106504939303712121e+02
1.104818345776662767e+02
1.097777530578128591e+02
1.094288538791728911e+02
1.094155575683029440e+02
1.088406011667804734e+02
1.082118917344997584e+02
1.079221684408652351e+02
1.075344114369501796e+02
1.075872687183018144e+02
1.071926774639531175e+02
1.067763689069256401e+02
1.064809801638043183e+02
1.062280834486484622e+02
1.057711468861386521e+02
1.054749205343901366e+02
1.049843561580427433e+02
1.044256342448928194e+02
1.040263468438213437e+02
1.038225514813297821e+02
1.033779440362774125e+02
1.030878780945530337e+02
1.025244387195513411e+02
1.019896897765777197e+02
1.015635121114266752e+02
1.013417949051581672e+02
1.011625266044145803e+02
1.008799545980886307e+02
1.005086849197798244e+02
9.996563601768009732e+01
9.995480966050031668e+01
9.954721561369048288e+01
9.927618395611349911e+01
9.934011201176960526e+01
9.860101347238442315e+01
9.843041927803589886e+01
9.792654227826919566e+01
9.716117086025060701e+01
9.702169330618319520e+01
9.742648288491946573e+01
9.676981094257683935e+01
9.669707375181353370e+01
9.650995183506783803e+01
9.584547067880320981e+01
9.555133778537526723e+01
9.501825812442660890e+01
9.494054407555387343e+01
9.488019779101257711e+01
9.465753973938551269e+01
9.418938483821136742e+01
9.384291003159016498e+01
9.359832191304330706e+01
9.355598642655363051e+01
9.302818739118309566e+01
9.232010549571920421e+01
9.203069270701045923e+01
9.178946088768272205e+01
9.182764337202490879e+01
9.151425116611049759e+01
9.156950538707107512e+01
9.102594669641911196e+01
9.067146252169271747e+01
8.981717223925771520e+01
8.952495946713241892e+01
8.968196074354464997e+01
8.952139190905232624e+01
8.939409701773165295e+01
8.921431391678207490e+01
8.882064198476665240e+01
8.851238987447251816e+01
8.803207353185867134e+01
8.729367230943353206e+01
8.722607354732041074e+01
8.695155789501751542e+01
8.699959521162612930e+01
8.694571978289381775e+01
8.627686689749110371e+01
8.635994326901433737e+01
8.586079910130604276e+01
8.552714372724372538e+01
8.559955508614694963e+01
8.557726315354935309e+01
8.543367496566791885e+01
8.460025157586350986e+01
8.427477789151775767e+01
8.447492167128314122e+01
8.422173820950889933e+01
8.440774489194227215e+01
8.373967147224712448e+01
8.358947577240314786e+01
8.349723620943233016e+01
8.348139716019450418e+01
8.334472002597973983e+01
8.298237210762123084e+01
8.268381388298119816e+01
8.290566058273677186e+01
8.246377831207057341e+01
8.203091003014846194e+01
8.213613825555259496e+01
8.161822794453132701e+01
8.146655554056602000e+01
8.084856978501943559e+01
8.092114240766724720e+01
8.094801057975325875e+01
8.033575199363454544e+01
8.008059873379674798e+01
7.961434870747862647e+01
7.963669944156141867e+01
7.954210669955678270e+01
7.916429331300385286e+01
7.870896996717316085e+01
7.865595308269899988e+01
7.815534314926767934e+01
7.812912457286938661e+01
7.790217829676696226e+01
7.764055352035482827e+01
7.793083510158730576e+01
7.796850971472440506e+01
7.803447100405550430e+01
7.779556968503374037e+01
7.773571706708214890e+01
7.779577985804944262e+01
7.795160992670193423e+01
7.768023077973303714e+01
7.727465907452116767e+01
7.711385430149421438e+01
7.665364866706222813e+01
7.668971337871457195e+01
7.637655431368710879e+01
7.628827821962329381e+01
7.613378855169024462e+01
7.561567089885897985e+01
7.574391171250995569e+01
7.540749476215742675e+01
7.552373911522992955e+01
7.533948898921063630e+01
7.504140861365833359e+01
7.484150849345567735e+01
7.454810173488128555e+01
7.453362411330824955e+01
7.465066227993172276e+01
7.450016071520586536e+01
7.514886750707280783e+01
7.433129902213394757e+01
7.396904435973883096e+01
7.391563123295456705e+01
7.390466298301828374e+01
7.367405592174854689e+01
7.360342987536692760e+01
7.379045689774216044e+01
7.327881065078705092e+01
7.326675170171473894e+01
7.256299628851314765e+01
7.263961767716128293e+01
7.242438810252315307e+01
7.204004882580184699e+01
7.222590768155268393e+01
7.258593188044315525e+01
7.261226808998713977e+01
7.237168536567941146e+01
7.232410696771998460e+01
7.194319244658173318e+01
7.214595233820134013e+01
7.205015803023239584e+01
7.219727645201857058e+01
7.192191208937370561e+01
7.199842828891280533e+01
7.177096282065072330e+01
7.168175301004635003e+01
7.172818901866456542e+01
7.117583287068998743e+01
7.081385774721931625e+01
7.083875169454009324e+01
7.091426148280748976e+01
7.018274411202982321e+01
7.030018341751274136e+01
6.986249865314567842e+01
6.973631628840821861e+01
7.018026821733427312e+01
7.030196318260438204e+01
6.993273363942658705e+01
6.944000456677567001e+01
6.928247049409870328e+01
6.918494796216609188e+01
6.922594087547659569e+01
6.877117238012522193e+01
6.830203677475292068e+01
6.831526320017519538e+01
6.820134109473694650e+01
6.813424150980675620e+01
6.845084216830842649e+01
6.851275532903881071e+01
6.852877894328051411e+01
6.836562290666540775e+01
6.833402288166037408e+01
6.837532743993293138e+01
6.830204997221396468e+01
6.831437902977712895e+01
6.831244493034509446e+01
6.804133406414344165e+01
6.778582750210861718e+01
6.788229842142794723e+01
6.773454109634108988e+01
6.766637550862598971e+01
6.781177526166261771e+01
6.794826833189027582e+01
6.765082243339180934e+01
6.773987991910180995e+01
6.745391895947771843e+01
6.773257814363864782e+01
6.765049884570166228e+01
6.743489423173740249e+01
6.699714347357063104e+01
6.682755628416326488e+01
6.670121859955392551e+01
6.687372890297740469e+01
6.663313882061835614e+01
6.616069379088516200e+01
6.621211427216225331e+01
6.610338292544467720e+01
6.598980633001012563e+01
6.599152610133209862e+01
6.596124750609523346e+01
6.626571595356033129e+01
6.637964928557575206e+01
6.646492693292773879e+01
6.635662690875874148e+01
6.642579118534742122e+01
6.646079246923422090e+01
6.646069427580948741e+01
6.630193909963715271e+01
6.626823673241902668e+01
6.608717729314201961e+01
6.582255275791067106e+01
6.614166687852028303e+01
6.616955832747187571e+01
6.574650985142982051e+01
6.587496940723723071e+01
6.581684125996366674e+01
6.592058107090210228e+01
6.577283047268291227e+01
6.554245888985805379e+01
6.593973768205889030e+01
6.560942464396487139e+01
6.552290208808264538e+01
6.535749056427776793e+01
6.516185698270324167e+01
6.500182358199147359e+01
6.491149190164060201e+01
6.515583347566817451e+01
6.527082733000779058e+01
6.506905740964801055e+01
6.494483422487537894e+01
6.479886517633300969e+01
6.493254024010542480e+01
6.473129049900931875e+01
6.514073260767837326e+01
6.507001198784381302e+01
6.500608446139601426e+01
6.482900779875637909e+01
6.457957545874316452e+01
6.448661402742158089e+01
6.458625337155893931e+01
6.457527902010986054e+01
6.446527992423365561e+01
6.434139160279872272e+01
6.431418555956719274e+01
6.459795312088282060e+01
6.397516050407349297e+01
6.414621489495182516e+01
6.421114005930726876e+01
