1.960264130424546725e+00
1.879124746246621180e+00
1.813572332312580748e+00
1.758209224938666271e+00
1.696999273551201393e+00
1.640087803922426923e+00
1.590639733234410880e+00
1.548216311989306648e+00
1.502461144454122266e+00
1.467766054566267409e+00
1.435225407766772321e+00
1.404449253082052929e+00
1.380586334850877117e+00
1.358136092903986070e+00
1.336406076375029617e+00
1.314839606764895752e+00
1.297547237450411117e+00
1.280261087608698833e+00
1.259189133152053719e+00
1.246492290983035822e+00
1.227939380471285702e+00
1.216413202991508680e+00
1.205065711025869124e+00
1.191593084210227804e+00
1.178334900550273234e+00
1.167428411507017927e+00
1.155247069686561989e+00
1.144451975661421539e+00
1.134966735188663201e+00
1.123528559872583932e+00
1.114592025776338868e+00
1.106199867921879187e+00
1.096752754438412358e+00
1.088609966586535416e+00
1.082101147758165904e+00
1.075796836733983186e+00
1.065385804138136994e+00
1.056629621212522574e+00
1.050026358192030607e+00
1.045131095459014503e+00
1.038095056591205489e+00
1.032253734094781938e+00
1.026891439281256257e+00
1.021212814415547010e+00
1.013273538414228625e+00
1.008213793452074958e+00
1.002180137044654140e+00
9.962482175803353268e-01
9.923515259100184061e-01
9.877063984350004100e-01
9.822272858930651829e-01
9.754987060275878141e-01
9.692052268367113976e-01
9.619614201544978149e-01
9.593827684227230757e-01
9.558766810402314906e-01
9.493555940482404365e-01
9.451465757441230853e-01
9.407177060410256697e-01
9.342478154066532481e-01
9.299496555137078957e-01
9.244872133356347721e-01
9.170256951595083805e-01
9.107993555281650444e-01
9.034877994582425353e-01
8.975390158213826242e-01
8.927863799754327534e-01
8.857556324309912021e-01
8.822174895269644379e-01
8.753894812707129214e-01
8.691607994006445015e-01
8.617228599347817042e-01
8.581379641504107703e-01
8.522178215520475053e-01
8.469088473014797502e-01
8.423043615635946724e-01
8.356798951775427087e-01
8.315864559973912273e-01
8.288166993717827058e-01
8.248650694483753432e-01
8.212139766837520671e-01
8.151517963702142877e-01
8.067562445321576625e-01
8.037564384368407477e-01
7.993494701736106878e-01
7.925921774878297299e-01
7.875332830050060240e-01
7.831510830836787562e-01
7.741436215995951553e-01
7.680706376639528932e-01
7.561595030607339840e-01
7.485017711549171171e-01
7.426865773453360520e-01
7.370143153181908380e-01
7.318885225917693971e-01
7.209493860184461589e-01
7.147874753550865767e-01
7.097018018385725657e-01
7.032394703172326622e-01
6.956034554837431383e-01
6.914259317438938846e-01
6.864724677561434563e-01
6.824626313675821176e-01
6.752777793141201412e-01
6.675864246025321469e-01
6.586001606579334755e-01
6.509561870935850481e-01
6.473497622354206227e-01
6.408109596775828365e-01
6.378324234873958831e-01
6.324390223785530951e-01
6.274066534741575829e-01
6.208742125746387064e-01
6.142624172217013845e-01
6.090810049966894901e-01
6.025550056747946970e-01
5.962306966676276243e-01
5.910997208809454229e-01
5.858690014387518685e-01
5.802318372134041002e-01
5.771401265486093557e-01
5.718589892489569504e-01
5.656953622765590328e-01
5.603022521854322813e-01
5.555772222325947585e-01
5.513324960424532684e-01
5.422293937414331966e-01
5.359682011267163926e-01
5.311438838020242637e-01
5.253776821140586639e-01
5.216519458471513548e-01
5.168048863786701697e-01
5.103239625913718047e-01
5.062734696346493646e-01
5.016228162167600813e-01
4.973488812687156257e-01
4.923354251316062746e-01
4.894441802646969375e-01
4.875008574533631345e-01
4.813890093707440809e-01
4.741518760189732951e-01
4.684921403932338357e-01
4.630583456017872135e-01
4.568826892236870774e-01
4.532120754084661418e-01
4.474688481046184552e-01
4.410833536860962467e-01
4.340846496089793560e-01
4.301693821171741483e-01
4.247761496082789745e-01
4.207183841118052325e-01
4.165642164899083233e-01
4.107118983380956267e-01
4.073516373966881154e-01
4.038317178441401811e-01
4.020582082085920050e-01
3.976319194179698258e-01
3.902627303662483671e-01
3.860981054702951609e-01
3.821941345509644594e-01
3.766746622927529820e-01
3.712372512149052506e-01
3.668115367303539376e-01
3.637579806262209448e-01
3.599273131829329175e-01
3.572055233881851199e-01
3.535511213798681607e-01
3.474086117128049045e-01
3.456559610066224919e-01
3.420242785417654252e-01
3.389171268378365354e-01
3.362063013547813561e-01
3.316667689325200064e-01
3.281728748775905591e-01
3.248803932223554014e-01
3.207629381907741162e-01
3.183899135144371839e-01
3.145681301295155663e-01
3.098596312146723042e-01
3.078528977844082193e-01
3.049524165296831346e-01
3.024338786164821880e-01
3.007256376035528644e-01
2.963174879009940477e-01
2.941213635318913333e-01
2.923889507343310767e-01
2.892336679272222155e-01
2.868905361762433825e-01
2.853372042673111841e-01
2.818324456583188309e-01
2.783798532715716645e-01
2.763362675501248034e-01
2.733309015210532156e-01
2.711910109696017979e-01
2.686796630016111131e-01
2.669281507239882889e-01
2.663483694742418972e-01
2.633019564681062796e-01
2.614084734697699197e-01
2.594751809891086003e-01
2.572628222897380135e-01
2.550339714681809089e-01
2.505080235381742515e-01
2.496519492624561798e-01
2.482994186778583745e-01
2.468041609454179885e-01
2.425210889836444950e-01
2.403665552818623485e-01
2.382602430878678901e-01
2.362413763676261547e-01
2.324517324817404751e-01
2.292279932924631558e-01
2.272609471367416922e-01
2.260014595593561604e-01
2.235762416526974605e-01
2.197507557531990785e-01
2.167474214231991658e-01
2.154272133687629709e-01
2.121755411269152236e-01
2.113163946194280274e-01
2.087914947444243219e-01
2.073462869779491291e-01
2.057086067448628264e-01
2.038136001052410773e-01
2.025408630994660897e-01
2.003331184884777350e-01
1.977981413924837228e-01
1.963562473254649998e-01
1.945653767630830810e-01
1.942522646830965871e-01
1.908246543641452520e-01
1.893396302129197184e-01
1.874042667740646873e-01
1.856583300009207738e-01
1.840854675207990454e-01
1.834732485573871974e-01
1.821140480874762768e-01
1.788569996413250096e-01
1.775927718638364017e-01
1.762870843134501098e-01
1.750358430608332516e-01
1.731554261934795946e-01
1.717410138858330437e-01
1.698136017997613489e-01
1.679397513937971320e-01
1.676453355640231679e-01
1.635992773701807901e-01
1.625928427903948759e-01
1.619675287487679916e-01
1.607743083987192567e-01
1.602178348279783282e-01
1.589072697469333939e-01
1.583633739499795412e-01
1.578493754476213706e-01
1.552732044626497498e-01
1.498836998958538447e-01
1.488698044177840241e-01
1.475935316513453666e-01
1.464314024212751975e-01
1.438498303324387273e-01
1.434623660727911143e-01
1.421825857978995522e-01
1.412163547903354521e-01
1.400344957481840791e-01
1.381994653370892667e-01
1.363057093128375863e-01
1.352866913129171511e-01
1.341103512658465557e-01
1.311656023674414306e-01
1.309354778264299746e-01
1.307741823423446692e-01
1.296879882631168102e-01
1.284013865078425798e-01
1.259924257492898991e-01
1.250963360531307245e-01
1.246011964451450987e-01
1.243088280256365447e-01
1.240235199297239910e-01
1.220971825359871282e-01
1.210451646245739171e-01
1.206883239947344061e-01
1.204648614270545370e-01
1.203163654416428974e-01
1.183704493974545580e-01
1.182306209748633374e-01
1.172211400992857339e-01
1.168989904546826608e-01
1.157471383486226718e-01
1.153879861103702803e-01
1.142815004117371247e-01
1.135155135394464859e-01
1.117618873291480464e-01
1.103176045841349484e-01
1.100798863964577573e-01
1.099998988017158869e-01
1.081666562639095192e-01
1.077121099079685895e-01
1.069429133390879111e-01
1.058709039941689162e-01
1.056958566434373636e-01
1.046165194695220513e-01
1.043024749644918536e-01
1.039448114467898809e-01
1.037252450906739065e-01
1.032408203289127274e-01
1.023808813173958387e-01
1.008287513382972456e-01
1.003194925865909526e-01
1.001645120309772596e-01
1.001783294978987326e-01
9.928215386307454038e-02
9.884010552440647412e-02
9.850858890028121873e-02
9.868381254786416645e-02
9.816366162420074593e-02
9.800122456507753821e-02
9.733765948454933814e-02
9.638302581832013105e-02
9.609587561074332818e-02
9.530928730420505646e-02
9.488956277554079499e-02
9.402724589021518864e-02
9.406831975059329332e-02
9.316956994830863370e-02
9.287799745731545320e-02
9.200242816055688444e-02
9.130531851620152239e-02
9.034938538648565332e-02
9.042055541529767093e-02
9.032483456805420752e-02
9.023415607331365662e-02
8.914471157568480686e-02
8.911854861644373516e-02
8.831979765549108352e-02
8.795076018671639517e-02
8.801677934990782826e-02
8.718009821375599655e-02
8.689941399986007842e-02
8.620657752940634466e-02
8.602738840582481450e-02
8.529486968568048000e-02
8.472965415655027421e-02
8.476649333232434691e-02
8.444922570014849750e-02
8.423252556709757977e-02
8.342304182827078862e-02
8.288840052180532214e-02
8.260246203372571816e-02
8.254040232145108680e-02
8.239062601878492653e-02
8.223910797841202380e-02
8.205980636833774822e-02
8.168143481536721540e-02
7.984303808132872660e-02
7.879960699630537968e-02
7.862550935005703512e-02
7.837073937748753605e-02
7.749622505279178675e-02
7.780004768222116562e-02
7.744130445814738362e-02
7.742119382395000471e-02
7.700832016281695946e-02
7.671739350243786393e-02
7.621016422357666797e-02
7.608645121101929865e-02
7.449226554689396262e-02
7.392977686701238116e-02
7.379901036068460540e-02
7.296739004889765678e-02
7.285341817828897004e-02
7.242620974954297464e-02
7.239523185521667958e-02
7.205016613784376300e-02
7.126877966607858550e-02
7.076633873503120065e-02
7.006528920299136265e-02
6.994987930843048207e-02
6.898823611542938272e-02
6.880229332058979130e-02
6.804821620240131264e-02
6.745124333763348468e-02
6.750603064694750410e-02
6.735981667872516232e-02
6.722635341793600783e-02
6.718552581990366868e-02
6.624311786006410741e-02
6.559723414954041210e-02
6.542599181635605499e-02
6.540043641732325164e-02
6.469633622983039789e-02
6.450780932135499746e-02
6.455577459255397443e-02
6.451367980719237283e-02
6.458559913892386595e-02
6.357528493246951407e-02
6.300827090326199809e-02
6.273399272985936970e-02
6.250709407398752360e-02
6.178720892044126806e-02
