2.579207855222667600e+00
2.540107825511110917e+00
2.516736226197987314e+00
2.494540232517215461e+00
2.470803637340946768e+00
2.450225536293223705e+00
2.430103245547396540e+00
2.413209257303432942e+00
2.395760202089233015e+00
2.380452713414042965e+00
2.363438951600633331e+00
2.350137634198477876e+00
2.335324234017494671e+00
2.322693717274906255e+00
2.310119868722405378e+00
2.296865761219783586e+00
2.286253723976150454e+00
2.275991678071773716e+00
2.265090348919292396e+00
2.256221337006231398e+00
2.247526443320005729e+00
2.236854277579976014e+00
2.227856320086811781e+00
2.218823151712650876e+00
2.211391192224263946e+00
2.203712614753524424e+00
2.195618846897244847e+00
2.187760458339826464e+00
2.180193198998414683e+00
2.172676461664907688e+00
2.165915622834845067e+00
2.159138596761823958e+00
2.152203533011599834e+00
2.145836828415291109e+00
2.139624478829718957e+00
2.133771846756027379e+00
2.127265365894583926e+00
2.122862939130075954e+00
2.117576313939441679e+00
2.113475977254244853e+00
2.108948952682034861e+00
2.103623847249097789e+00
2.099774045324227512e+00
2.096491414339126447e+00
2.091812922121222496e+00
2.088657119990303457e+00
2.085455344310760850e+00
2.082278003144737433e+00
2.079548741902524256e+00
2.076486269706709464e+00
2.073613562676159372e+00
2.070638191980968212e+00
2.068374174061111681e+00
2.066087766909255663e+00
2.063294779992838279e+00
2.060063009766947228e+00
2.057538878248461156e+00
2.055191329453912807e+00
2.053190952168158834e+00
2.051178645802761213e+00
2.049883219170741899e+00
2.047287824074574214e+00
2.045309947851953858e+00
2.043569796882330980e+00
2.041770717704845417e+00
2.039845818562329161e+00
2.037812184049562880e+00
2.036447222531133860e+00
2.034784498178294321e+00
2.033375640999775413e+00
2.031684088064440452e+00
2.030392048841932251e+00
2.028970107732275263e+00
2.027476584135785131e+00
2.025850560816377932e+00
2.025141232937787361e+00
2.023912709452607483e+00
2.022633933499792036e+00
2.021613931688832189e+00
2.020899783473830702e+00
2.019084685351347552e+00
2.018073211554466617e+00
2.017068033364620039e+00
2.015800879684040758e+00
2.014632575992113317e+00
2.013909459665447432e+00
2.012636881436207670e+00
2.011661857866503755e+00
2.010616055227389509e+00
2.009392367282343272e+00
2.008145555772885338e+00
2.007307441381048552e+00
2.006014720271055651e+00
2.004670626940740163e+00
2.003962391063484727e+00
2.002661637530999350e+00
2.001525656178451573e+00
2.000324231782023787e+00
1.999176700602529833e+00
1.997597351717338210e+00
1.996585828986460198e+00
1.995330276945409986e+00
1.994135689838539838e+00
1.993123821361086012e+00
1.991981908430202619e+00
1.990722264683226772e+00
1.989745367349161853e+00
1.988856119751162499e+00
1.987531180178223389e+00
1.986304289563556535e+00
1.984743618312169611e+00
1.983917486473384173e+00
1.982574128968252136e+00
1.981009688824141524e+00
1.979515781378901940e+00
1.978047157721204430e+00
1.976730018710282755e+00
1.974786517627134197e+00
1.973241677166885921e+00
1.971107382578871192e+00
1.968837598434163949e+00
1.966061330746746716e+00
1.962952252011539223e+00
1.960111370496957495e+00
1.956024268069766592e+00
1.944015030839276070e+00
1.931029327310427979e+00
1.914170420010822493e+00
1.897713507930368859e+00
1.879139488200306296e+00
1.859754571948025514e+00
1.838246672898413037e+00
1.817016031768890372e+00
1.783631903672664443e+00
1.738096807619463169e+00
1.671215844346382706e+00
1.590165881063206665e+00
1.502642160287529727e+00
1.405595021397576083e+00
1.292032440021905426e+00
1.190047839469494884e+00
1.081800312790450302e+00
9.783407967407420358e-01
8.958684461470012295e-01
8.164613672924693200e-01
7.524417024798025766e-01
6.985688308769333332e-01
6.550931841172075165e-01
6.178156881493772623e-01
5.833637985882241805e-01
5.589230501815419805e-01
5.347991695462701589e-01
5.134518984080618242e-01
4.934442311709232309e-01
4.801474106830667665e-01
4.650545432319971306e-01
4.511472984671230368e-01
4.395957984586664757e-01
4.279180744223211597e-01
4.171354363509217067e-01
4.080862407532834801e-01
3.982756000349594316e-01
3.909964540667740240e-01
3.822737840257860453e-01
3.751468688758258230e-01
3.698000285816449018e-01
3.661702416572260588e-01
3.603815944245429836e-01
3.550159265346321535e-01
3.525013920851099991e-01
3.490459039807405350e-01
3.471086601988514486e-01
3.434441361856158670e-01
3.397329210461544347e-01
3.354284402561159006e-01
3.322919727453926275e-01
3.291794070605359446e-01
3.251447797148418473e-01
3.227881902572309891e-01
3.185581489601301275e-01
3.159674804493710631e-01
3.139914673052748850e-01
3.120933546942142311e-01
3.094960284396844896e-01
3.071071739407498780e-01
3.050781955321569261e-01
3.024977006567091120e-01
2.997100742882337632e-01
2.971186349108476676e-01
2.952730234421217514e-01
2.930678111374644956e-01
2.908540450857550197e-01
2.892366045087416127e-01
2.873353079528714327e-01
2.861803297212334174e-01
2.844900988310617995e-01
2.838253336190068588e-01
2.821268912299228493e-01
2.806409066604791391e-01
2.797581558179541017e-01
2.787826938554995304e-01
2.772033365500495283e-01
2.761442534994433262e-01
2.749931186912100700e-01
2.736602444710435900e-01
2.726393071109985411e-01
2.713758529979286016e-01
2.704869288648741321e-01
2.694011557505026633e-01
2.687363196510615393e-01
2.674947219737470738e-01
2.669845226101795754e-01
2.662571179603144267e-01
2.656379157873242081e-01
2.648290077026143607e-01
2.641267552560776499e-01
2.635782101902208741e-01
2.628378393699535298e-01
2.619387847016194093e-01
2.614734079407665668e-01
2.607038854644389558e-01
2.597303302505623024e-01
2.591809708179264038e-01
2.586046928790300958e-01
2.580544612619622979e-01
2.571889746049529357e-01
2.565899992831036092e-01
2.561284372495140627e-01
2.554319502716960177e-01
2.549915280496508063e-01
2.542972567503284931e-01
2.538838503608195629e-01
2.531449067843939971e-01
2.528358807900313865e-01
2.522269051531285111e-01
2.518777763247283530e-01
2.514409218230955756e-01
2.508607585755531222e-01
2.504276763662544036e-01
2.499704240509368902e-01
2.496019605271102004e-01
2.491631420555493748e-01
2.485785936797951790e-01
2.482725789605096101e-01
2.475678877538357026e-01
2.471270503479264524e-01
2.467712488445094610e-01
2.461978252433170700e-01
2.458134000762225990e-01
2.454343835087163528e-01
2.450398771608414961e-01
2.444839592475885337e-01
2.439938898836495618e-01
2.436801552837696838e-01
2.432092234517151397e-01
2.427920464530243239e-01
2.423988430468145272e-01
2.418905060438345245e-01
2.414180800272580640e-01
2.410405165792371962e-01
2.405056001549650269e-01
2.401975007196920087e-01
2.398142565388323988e-01
2.395961998125374082e-01
2.392003128626661868e-01
2.386229781822850893e-01
2.382943145678056152e-01
2.379258494352711195e-01
2.376412787985008324e-01
2.373425390063758356e-01
2.369884054080586833e-01
2.366668420055174360e-01
2.363173656506860898e-01
2.358972951127423501e-01
2.355297956345313026e-01
2.351886572281069454e-01
2.348834714267743484e-01
2.343858996498641434e-01
2.341461524364446822e-01
2.338653164133162599e-01
2.335120733614025335e-01
2.331655292691808545e-01
2.328130160667806481e-01
2.325536893491539081e-01
2.323148059980298941e-01
2.319432050618944197e-01
2.315799165119212244e-01
2.313207593200774514e-01
2.309616750186219147e-01
2.306570532786433869e-01
2.303482062531648222e-01
2.300626105200054283e-01
2.297993393177060750e-01
2.292925111580925435e-01
2.290210152037174818e-01
2.287243719986038204e-01
2.284673751380806306e-01
2.281134486469084954e-01
2.278661268111104865e-01
2.275278733779463602e-01
2.272916062007278581e-01
2.270681648323664703e-01
2.268332056886644132e-01
2.265931919365301583e-01
2.263798832104325365e-01
2.260537559864435886e-01
2.257699098199790477e-01
2.254584427051739559e-01
2.251900149320321953e-01
2.249850630708072896e-01
2.247685874430576936e-01
2.244312473118449947e-01
2.242102152501388168e-01
2.240177127100738963e-01
2.237390881429635325e-01
2.234312146389607068e-01
2.232127941175556796e-01
2.228574706709205155e-01
2.226012114165580036e-01
2.222934236456237111e-01
2.221198352922204855e-01
2.218336631579774232e-01
2.216959245187006822e-01
2.214719465441896129e-01
2.212126286190257141e-01
2.207718458012597473e-01
2.204734446713856044e-01
2.201047848280239805e-01
2.198633363546136366e-01
2.195054802553211559e-01
2.192418242941829576e-01
2.190515348153766473e-01
2.187753562031983789e-01
2.185818212529407334e-01
2.183358962364994327e-01
2.181698808330222450e-01
2.178303134395190854e-01
2.176078984262439231e-01
2.172954201109835171e-01
2.170252233720001145e-01
2.168451019652747613e-01
2.165687542770403651e-01
2.164057430006813276e-01
2.162560301021534959e-01
2.160489352506251570e-01
2.156711765633194666e-01
2.155480686472204532e-01
2.152442062888780538e-01
2.150427110548338849e-01
2.148637074375774336e-01
2.145372914628152494e-01
2.143313178319997681e-01
2.141942134280370447e-01
2.139918083406018856e-01
2.137941825901777948e-01
2.135082600730036084e-01
2.132678210727374235e-01
2.130952137175427807e-01
2.128506047408123825e-01
2.125988902928917512e-01
2.124418736405409847e-01
2.122266309401462936e-01
2.119992301684545111e-01
2.118619250659274922e-01
2.115878582239098527e-01
2.114338943032561535e-01
2.112687854123826148e-01
2.109680525281147634e-01
2.107828374746500144e-01
2.105303687181861449e-01
2.103047689824844302e-01
2.101142447625090059e-01
2.098837375512862258e-01
2.096509599020006942e-01
2.094149279888730120e-01
2.091378057614228791e-01
2.089526199791189864e-01
2.088324896545145359e-01
2.085390461747601287e-01
2.082901975342151546e-01
2.081114140196596851e-01
2.079055510390638573e-01
2.076845557366378825e-01
2.075307845570209531e-01
2.073323407970980026e-01
2.071673170030898237e-01
2.070245609805790588e-01
2.068677848391156648e-01
2.067482502633863906e-01
2.066089075887512783e-01
2.064951126219785327e-01
2.062537244679393811e-01
2.060678830772453840e-01
2.058925691718229700e-01
2.056695226754379213e-01
2.054871289717236926e-01
2.053140484618205808e-01
2.051552338498407457e-01
2.050109832925989528e-01
