5.768234425280879805e+02
6.283635926356257642e+02
6.687793085472673056e+02
7.171877451889697568e+02
7.569869394490553987e+02
8.005503640702220309e+02
8.112847589372697712e+02
8.400378885525375381e+02
8.797448490778922405e+02
8.999859886624201408e+02
9.142550849676223379e+02
9.188475054628117960e+02
8.995709796405515135e+02
8.848236251186979189e+02
8.928454774153658491e+02
8.835948015882515847e+02
8.979727587498807679e+02
9.583167988451157271e+02
9.217171633750519959e+02
9.917203814818946057e+02
9.699745233627796779e+02
8.643749619221046032e+02
7.830511207672498131e+02
8.663939965295982120e+02
8.355672204573620547e+02
7.626120930715744635e+02
6.950031363040609449e+02
6.460803226963080306e+02
5.860221597546678822e+02
5.646881602342016322e+02
5.476114615182270882e+02
5.439557287852287573e+02
5.237902097381696649e+02
5.095364362514610548e+02
4.761430851084102187e+02
4.747636302792819833e+02
5.201972552426806260e+02
4.866306191584529302e+02
5.356472952354794188e+02
7.485210959621654183e+02
5.437984411687075408e+02
4.533226232995411920e+02
4.536998457345731595e+02
4.591679256918829992e+02
4.767010373202753044e+02
4.812261871566018954e+02
4.553487920046525801e+02
4.549748530123251840e+02
6.319042669749767356e+02
7.583130170275078399e+02
1.533890690487048687e+03
2.240036725343498802e+03
1.861301339443520646e+03
8.457163976075307801e+02
1.103735517438132092e+03
1.439314255284432875e+03
1.194630294809499446e+03
1.227231808868221833e+03
1.553105896091969498e+03
1.572061681868866117e+03
1.870338885063247290e+03
5.492846476229162818e+02
8.374915919846687302e+02
7.768849506790003261e+02
1.166712552399417518e+03
1.048999894154129834e+03
1.279701515255911090e+03
1.397190693577748561e+03
8.104470995660908557e+02
2.282011904145805943e+02
2.274611673166271828e+02
2.244559711182559170e+02
2.258557471967631898e+02
2.280567940190525746e+02
2.400423579715208575e+02
2.374969476531251189e+02
2.456591968784246944e+02
2.274480361261501571e+02
2.271332028080438192e+02
2.376350836384676768e+02
2.336953575893740833e+02
2.352068605929525802e+02
2.379087318660347705e+02
2.137860352974054479e+02
1.995859562711311241e+02
1.960330190862258917e+02
2.070651847813165318e+02
2.096448163225391568e+02
2.017156371754544466e+02
1.980924764678347003e+02
1.922978544606159517e+02
1.827837684837033123e+02
1.926933249344590990e+02
2.147061372141383231e+02
2.409108861699645843e+02
2.313457445944507072e+02
2.865985960542608382e+02
3.637626271654831953e+02
2.715721858270200642e+02
2.862522350384961669e+02
3.432587192643144363e+02
3.330504148755014739e+02
4.305465141772307902e+02
3.546264512638824158e+02
3.700542515680842257e+02
2.764654229791536864e+02
3.101469390354953362e+02
2.744828421054268119e+02
3.090450801906700917e+02
2.174117188693008700e+02
1.736015787173375315e+02
1.504460947014678140e+02
1.582790073500290760e+02
1.634692853471002252e+02
1.523758529485216116e+02
1.494476754407375267e+02
1.452838483020724141e+02
1.415411569394558740e+02
1.419618537793434427e+02
1.425046473561932032e+02
1.455165308816432912e+02
1.464359007279770992e+02
1.445871327347628039e+02
1.473741596520101211e+02
1.460117386445727448e+02
1.412146854169686776e+02
1.377320096368819975e+02
1.326447680409081329e+02
1.352298575917750441e+02
1.348190627072029315e+02
1.350125510580649575e+02
1.383678879085665301e+02
1.406472415619119829e+02
1.486291026740623806e+02
1.456144925798319321e+02
1.379798943704958560e+02
1.386416021983938833e+02
1.360425165921116388e+02
1.401392037462999269e+02
1.408221488017828165e+02
1.343298915541920167e+02
1.322267214438383576e+02
1.339985087843183749e+02
1.294302829256335201e+02
1.328205739640085881e+02
1.332688728188596485e+02
1.367213075478715041e+02
1.400788679310327893e+02
1.457310584925452019e+02
1.447720490081573246e+02
1.411070525381846323e+02
1.411116426730777107e+02
1.432618370107508383e+02
1.411644917656938674e+02
1.324909481269629339e+02
1.325492473241372124e+02
1.351523983448478816e+02
1.439163113148800619e+02
1.398195098332475652e+02
1.317883619802426551e+02
1.282248451818753665e+02
1.363179783908122715e+02
1.512533136777223604e+02
1.514676171601200281e+02
1.510692506913500779e+02
1.632411764121455064e+02
1.530642616490440844e+02
1.552541047273457480e+02
1.686748920751998071e+02
1.907393400676893691e+02
2.052113974949627959e+02
1.733810720125934495e+02
1.316435765317910978e+02
1.320032407942578629e+02
1.278771163425926289e+02
1.268953612609497696e+02
1.282299246843303422e+02
1.278297588114573102e+02
1.280820551023251426e+02
1.263810332286068387e+02
1.276792345450646309e+02
1.277674601027541996e+02
1.280648963502474658e+02
1.275667647656512855e+02
1.290556161022027766e+02
1.278323699940841891e+02
1.283993495134128295e+02
1.289721493597216977e+02
1.284737064979505305e+02
1.316091644993218210e+02
1.345898554502038280e+02
1.359540798191610520e+02
1.320278527443061307e+02
1.348366178279890732e+02
1.371075488281333890e+02
1.387887231742039091e+02
1.423297429530898057e+02
1.476296999747470693e+02
1.532293202363377134e+02
1.502957040010853120e+02
1.459165129070443925e+02
1.489111364121635006e+02
1.508193495361701935e+02
1.550954953220941093e+02
1.580272502307286686e+02
1.459068006390707239e+02
1.537427385539995441e+02
1.517792385033516780e+02
1.547181228387868828e+02
1.609096505692210144e+02
1.560939157304437970e+02
1.587322446108227325e+02
1.652913734270435384e+02
1.601912329102162573e+02
1.627180717643608716e+02
1.701012579787592358e+02
1.766812481096763463e+02
1.661258024908027551e+02
1.778576613690688077e+02
1.756382466703664704e+02
1.818937282261935593e+02
1.854925572055891223e+02
1.667697400932026142e+02
1.609979088383019530e+02
1.618498158936430684e+02
1.611906107413076938e+02
1.598311691701761958e+02
1.608085061931644191e+02
1.670785422515027960e+02
1.634411076443273600e+02
1.655380359351557331e+02
1.654914180802309431e+02
1.652865258404989106e+02
1.749820573581757230e+02
1.705471910258289654e+02
1.744535109563277331e+02
1.816342697619076603e+02
1.841049901387076773e+02
1.892909354404865212e+02
1.915185951804535307e+02
1.786563357373029248e+02
1.859175944432664380e+02
1.902690367417167749e+02
1.733315973691327940e+02
1.786114910682807135e+02
1.815762780719330465e+02
1.846848589293417717e+02
1.915957974327964735e+02
1.813195294377314326e+02
1.866959121581738543e+02
1.936068234591969315e+02
1.837244812639316933e+02
1.829143750117695504e+02
1.906531765709013655e+02
1.814234776604510841e+02
1.851519482878633482e+02
1.896297251861734878e+02
1.858793819431141401e+02
1.940262600081977382e+02
1.981131011372032162e+02
2.224519896795090972e+02
2.296215797283207962e+02
2.312982625007265653e+02
1.857696771860081810e+02
1.830082521983464119e+02
1.908266342681843923e+02
1.715442837519636896e+02
1.756351421840781768e+02
1.806189867058614311e+02
1.782839679548390563e+02
1.857474026308042880e+02
1.739994522246595352e+02
1.813489008131467131e+02
1.820273745765605895e+02
1.836976867930927142e+02
1.805707697100647238e+02
1.763984264554748336e+02
1.805791974387463767e+02
1.804428187992901940e+02
1.785276745223241051e+02
1.794248595823742107e+02
1.796719674506302908e+02
1.794109029905215777e+02
1.853881605069827003e+02
1.932136650539385414e+02
1.972602599747287400e+02
2.022684980379326305e+02
1.915482369202968016e+02
1.880300252750201082e+02
1.905039343842055644e+02
2.055905927489473584e+02
2.031314300633898142e+02
1.894460272957087739e+02
1.967713780020224306e+02
2.031491168853449949e+02
1.916166008637578386e+02
1.909143687506495439e+02
1.896221619468981316e+02
1.870003552180990880e+02
1.906976050448346314e+02
1.889410605254423956e+02
1.808969996041838328e+02
1.818710944214326162e+02
1.758312734058184503e+02
1.815470957363943398e+02
1.738832356447814504e+02
1.754314187294910994e+02
1.796336136174270450e+02
1.804803202403936382e+02
1.837629774970134235e+02
1.783772390306721434e+02
1.771855178478191135e+02
1.765501127639132051e+02
1.734323745067555365e+02
1.782477271347678709e+02
1.719869586490230233e+02
1.773373438446818966e+02
1.786877924663119757e+02
1.815183466366518132e+02
1.821227902043516167e+02
1.846853129093566395e+02
1.921408792231467828e+02
1.925593758377016798e+02
1.810227759985268108e+02
1.817809464281423857e+02
1.839695293202162247e+02
1.820344568301135553e+02
1.772999452436712033e+02
1.816113537047480406e+02
1.841006572826696299e+02
1.869174829460823162e+02
1.996387087891511669e+02
1.886366382500897600e+02
1.962065250884034526e+02
2.037049199941527036e+02
2.024543360311656102e+02
2.082194369796648061e+02
2.128051322011423565e+02
2.068375164428568382e+02
2.122950549531030333e+02
2.086027706342651129e+02
2.161172134884053833e+02
2.053022569425417601e+02
2.085718984651888661e+02
2.042130471820128719e+02
1.986639549645806824e+02
1.948679422209121981e+02
1.965536116611213231e+02
1.974264797023340066e+02
1.932911642749371879e+02
1.960230565151038604e+02
1.956391076789439580e+02
1.910612895641716307e+02
1.890471536570430828e+02
1.955398359987697745e+02
1.974807713222032248e+02
2.005157873181778143e+02
2.018754486193408297e+02
1.903968956728747912e+02
1.886956996526802754e+02
1.924903624516457228e+02
1.940019350302676457e+02
1.938972380891806040e+02
1.952231364869895458e+02
1.927669574254420581e+02
1.966733561236225398e+02
2.018717310070029214e+02
1.998773969763396394e+02
2.006682293328310038e+02
1.979384609255440068e+02
1.994722788383607508e+02
2.065529002414730826e+02
2.056250098614137301e+02
2.098148131373332035e+02
2.130222087535275080e+02
2.061146840885655251e+02
2.067053000395322613e+02
2.097828935074664400e+02
2.060381712649337373e+02
2.206281902611955843e+02
2.371380969580398528e+02
2.092702682690623988e+02
2.081475570299709830e+02
2.017214801683128940e+02
2.021841092966304529e+02
2.027204984917877937e+02
2.128975855315100887e+02
2.150453509634412512e+02
2.052937671355593068e+02
1.987910565911466279e+02
1.898246622433286461e+02
1.891067916800537887e+02
1.905930723991828586e+02
1.929530178086499177e+02
1.898999861750289995e+02
1.896031073910944542e+02
1.988424139054591251e+02
1.969210062712543845e+02
1.939002936390098171e+02
1.952345878980758300e+02
